84.85788932426814
55.012328358443014
41.82531169385903
37.01760582769404
33.75833655688217
44.26990992943472
67.87629978237932
41.66874079505647
169.6689241734151
72.37774406206736
33.03804280993929
30.946600821649177
31.321743099172444
20.154005839242696
19.210596351819618
32.442038224112004
24.790889304534588
37.96386790059732
35.84272014045401
146.53045006902738
27.80998709971187
19.748504549857213
25.720497721282424
32.337371231162635
21.605172235568364
20.10308598272107
35.819150666322315
18.44988652028689
22.753222020453695
20.931123128005975
25.100537369793845
34.802176537669446
22.24085692099087
19.834218708870253
19.82553165605714
17.19933328850608
26.65711654884469
36.65148626157379
29.53119094930887
25.202427273391123
24.257104049131822
22.624516043573085
20.59094899895058
30.197564447968155
38.005338243069
30.078327941364446
19.903614921023525
26.836427147360183
24.48860447684504
17.788515872720737
21.075415614265946
24.624643907403776
27.48811427840732
15.694951080358504
27.50089384872393
47.06141024770617
