4
1
1
2
5
1
2
1
1
4
1
1
1
1
2
1
2
2
1
1
1
2
1
2
1
1
1
1
1
2
1
1
2
1
1
4
1
1
1
1
1
14
2
1
1
1
2
2
2
1
6
1
2
8
14
5
4
1
1
2
6
1
1
1
4
1
1
2
8
1
9
1
2
2
1
3
5
2
7
1
2
7
2
2
43
4
1
3
1
1
1
1
1
1
1
5
1
24
1
3
3
20
8
4
1
2
1
5
2
40
4
1
8
4
1
1
1
4
13
1
5
3
1
4
6
1
1
2
17
2
1
1
15
1
1
1
1
3
7
1
1
1
2
2
1
4
1
12
3
1
2
2
1
1
12
12
5
1
2
1
51
5
20
1
6
4
3
2
1
2
1
1
7
2
5
2
1
1
1
1
2
2
1
1
1
5
1
23
2
1
1
2
1
1
1
4
11
3
6
5
1
2
3
1
1
1
1
2
1
1
1
3
1
1
1
2
5
1
3
6
2
31
2
2
1
3
1
1
1
1
2
4
6
2
1
10
2
12
1
4
1
2
1
1
1
1
1
1
9
7
1
2
1
6
1
1
2
5
5
1
12
3
1
49
5
4
1
4
2
1
1
1
1
1
1
2
1
3
4
1
2
1
4
2
2
4
2
3
3
1
1
2
1
7
1
1
2
1
15
1
7
5
10
5
2
1
1
2
1
1
1
1
2
1
1
7
1
1
3
2
1
1
2
1
1
2
2
5
1
1
2
1
4
1
1
2
1
1
2
12
2
1
3
1
1
3
1
5
5
23
1
4
1
1
5
1
1
25
4
6
8
1
44
1
2
10
20
1
22
4
1
2
1
1
38
3
1
1
1
2
1
1
1
4
3
1
12
2
3
1
1
2
49
3
1
5
4
2
2
8
2
2
3
4
1
1
2
1
3
6
1
1
16
1
1
1
1
195
3
16
12
1
37
2
2
1
3
3
2
1
1
1
1
4
1
1
10
1
2
1
9
1
7
10
4
1
2
2
160
9
3
1
23
1
1
16
1
2
2
1
2
2
1
3
4
48
1
3
1
1
2
1
6
1
1
1
1
2
1
1
1
2
14
1
3
3
2
2
1
4
1
1
2
4
1
1
21
1
2
2
17
1
2
6
1
1
2
9
2
2
1
2
10
12
2
1
4
1
24
5
2
3
1
3
3
6
1
2
1
1
4
31
4
1
1
1
1
1
21
13
5
2
1
11
4
2
3
1
1
1
14
1
1
1
7
1
4
1
5
11
1
25
1
1
3
32
2
2
1
1
5
6
9
1
6
3
1
4
13
11
1
1
42
7
32
3
11
1
5
6
1
1
1
5
4
1
3
5
1
5
27
3
2
1
3
9
1
11
3
58
1
8
24
2
2
2
1
2
2
1
1
1
1
1
1
5
1
1
55
1
4
8
4
10
3
1
3
3
2
4
2
2
7
1
1
1
1
1
2
1
1
1
11
1
2
2
5
12
1
3
1
1
1
1
1
3
1
5
1
1
1
4
1
1
1
1
5
1
1
2
1
1
4
77
1
1
6
15
4
3
2
4
1
1
1
1
3
1
2
1
1
2
3
1
1
1
1
1
1
5
2
19
1
1
1
1
3
1
1
1
1
1
7
9
1
123
1
35
1
5
4
4
28
5
1
2
2
3
2
1
2
2
1
2
1
8
5
1
2
2
1
3
1
4
2
1
1
2
1
1
1
1
1
2
6
1
3
2
3
1
49
3
1
2
7
10
3
1
4
1
1
4
2
1
2
1
1
1
3
4
1
1
2
1
1
1
2
7
4
1
1
2
6
5
2
1
1
1
3
1
1
2
6
2
1
1
4
1
1
1
1
3
2
1
1
1
1
1
93
1
15
1
4
3
4
2
1
2
4
1
3
11
2
1
3
2
1
4
1
1
1
14
9
1
138
13
27
1
7
20
1
14
158
16
15
4
6
35
4
6
7
2
2
2
2
1
12
3
2
3
1
2
1
2
3
3
3
1
1
3
2
8
1
2
1
2
9
2
4
3
4
57
2
1
1
8
29
1
1
1
2
1
2
6
1
1
2
2
3
4
2
4
1
1
1
10
2
1
29
3
1
2
3
2
2
30
2
6
21
8
1
3
2
2
2
1
8
1
1
1
3
6
5
9
1
5
1
29
1
14
1
3
1
1
1
9
1
1
32
29
2
2
1
7
5
2
7
1
2
17
1
2
7
18
5
2
1
3
1
5
10
3
9
2
1
3
103
2
5
1
6