1
1
1
4
1
1
1
1
1
1
1
1
1
1
1
1
1
1
3
1
2
1
2
1
1
3
3
1
4
1
1
1
1
1
2
7
15
2
5
1
1
1
1
1
1
1
1
5
5
1
1
1
1
1
1
1
1
1
1
1
5
1
1
1
1
1
1
1
1
1
1
1
6
2
8
2
1
6
1
1
1
3
1
1
5
2
2
1
1
17
2
2
1
3
1
2
1
3
1
9
1
1
4
1
1
1
1
1
7
1
1
1
2
1
1
1
1
1
1
1
1
1
1
1
5
2
2
1
1
3
1
1
1
1
3
2
1
1
1
1
1
1
5
2
1
1
3
1
2
2
1
1
6
1
3
2
1
1
1
1
1
1
1
1
1
3
6
1
2
3
1
1
1
1
1
1
4
1
1
4
1
1
2
2
1
1
19
1
3
1
7
4
1
1
2
1
1
1
1
1
1
2
1
3
1
12
1
1
1
2
3
2
1
15
2
1
1
1
4
1
1
1
1
1
1
1
1
4
2
1
2
1
4
1
1
1
8
19
1
2
3
1
1
1
1
1
3
1
1
2
2
1
1
1
1
2
1
1
1
1
5
1
1
3
1
1
1
1
1
1
1
1
1
1
1
6
2
2
1
4
12
2
3
2
1
1
1
14
1
1
1
1
3
1
2
1
2
1
3
6
1
8
1
1
1
3
1
1
1
1
4
1
2
1
24
6
1
2
1
4
2
2
1
1
1
2
3
2
1
1
8
3
3
2
1
1
1
2
1
2
1
1
1
1
1
1
1
1
1
3
1
1
1
6
1
3
1
2
1
7
2
1
1
1
1
1
1
1
1
1
1
1
1
4
1
2
1
1
2
1
3
1
5
1
3
1
2
1
3
1
1
1
1
1
3
1
1
6
1
1
2
3
2
6
1
2
3
1
1
1
1
7
2
4
1
1
1
1
1
1
1
1
1
1
1
2
1
2
1
2
1
1
2
1
1
1
1
1
5
1
13
1
6
2
4
1
7
3
1
1
1
1
1
2
1
1
1
1
4
8
2
1
1
1
1
3
2
1
4
1
1
2
1
4
1
1
2
2
1
3
1
1
1
1
1
1
1
2
6
24
1
4
8
1
1
2
3
4
3
4
1
2
1
1
9
2
12
10
1