1
1
1
1
1
1
1
2
1
2
1
3
1
1
1
1
3
1
1
1
1
1
1
1
1
1
1
2
2
1
1
1
1
1
1
1
1
1
1
2
1
2
1
1
1
1
3
1
3
2
1
4
1
4
5
1
1
4
1
1
1
2
1
8
1
10
24
1
5
1
1
1
2
4
1
1
1
2
1
2
1
2
1
1
2
1
1
2
1
1
1
3
1
1
1
1
2
2
1
3
1
8
1
1
1
1
2
1
2
1
1
2
1
3
7
16
1
2
1
1
1
1
1
1
2
2
1
1
1
2
1
1
2
4
1
1
3
2
6
8
1
1
1
2
1
7
1
1
1
1
1
2
1
1
3
1
1
1
1
2
1
1
2
1
1
16
1
1
5
1
2
1
1
1
1
1
1
1
2
1
1
1
1
1
1
1
1
1
1
1
2
1
1
1
1
1
7
1
1
1
4
1
1
1
2
1
1
8
3
1
1
2
1
1
1
1
2
33
4
1
1
1
1
1
1
1
2
1
2
1
1
7
1
2
1
1
1
2
1
1
1
2
2
1
5
1
1
1
1
1
2
1
1
1
2
1
1
3
1
1
1
1
1
1
7
1
1
1
1
1
3
1
10
1
1
2
1
1
1
4
3
1
1
1
1
4
1
3
1
1
1
1
1
2
1
1
1
1
4
1
2
2
1
1
4
1
1
1
1
2
1
1
1
1
10
1
1
1
1
1
1
3
5
2
2
1
3
1
1
1
1
1
2
1
1
1
1
5
1
1
1
1
1
1
1
11
1
19
1
1
4
2
1
1
1
1
3
1
1
1
1
2
4
1
1
1
2
1
1
1
1
1
6
1
1
1
2
1
1
2
2
2
3
1
2
1
1
1
1
1
2
8
1
1
3
2
1
1
3
2
2
5
1
1
1
1
1
4
2
1
1
1
1
1
1
1
2
19
1
4
1
2
5
10
5
2
1
8
1
7
1
2
14
4
1
1
1
7
1
1
4
2
4
1
4
1
2
2
7
3
4
1
2
1
1
5
1
2
40
3
5
2
1
2
1
3
1
1
1
2
1
4
2
7
1
1
1
2
2
14
1
4
1
4
2
1
1
1
1
1
2
2
1
1
1
1
2
2
2
1
11
5
1
1
2
3
1
1
1
1
1
5
1
2
1
1
2
2
1
1
1
1
4
1
1
4
1
4
1
2
1
1
1
2
1
1
1
1
1
3
1
3
1
1
1
1
6
1
1
2
1
1
2
1
4
1
1
1
2
1
3
6
1
5
2
2
1
1
2
3
1
1
1
2
1
1
11
1
3
1
1
1
1
1
1
1
1
2
1
1
2
1
2
1
1
1
1
2
1
5
3
1
1
1
1
1
1
1
1
2
2
5
1
1
1
1
12
3
1
1
1
1
1
7
2
1
1
18
1
9
1
1
3
4
4
1
1
13
2
2
1
2
1
2
1
4
2
1
1
1
2
2
1
3
1
1
1
1
8
1
1
2
1
1
1
1
5
1
2
2
1
3
1
1
1
2
1
1
1
1
1
1
1
1
1
1
1
1
3
4
3
3
2
1
4
4
2
1
2
4
3
1
2
1
3
1
3
6
1
33
10
1
1
1
1
1
4
2
1
1
1
1
1
1
1
9
1
2
3
1
19