1
1
1
1
1
1
1
1
1
1
1
1
3
2
1
1
1
1
1
1
2
1
1
1
1
3
1
1
1
1
1
1
2
1
1
1
2
1
4
1
7
1
1
1
1
1
2
1
9
1
1
13
11
1
4
2
1
1
1
2
3
1
2
1
1
1
1
1
1
1
1
9
1
1
1
2
4
2
2
1
1
4
3
1
2
1
2
7
2
1
1
1
1
1
5
1
4
1
1
4
1
4
7
2
2
1
1
1
1
2
1
1
1
1
1
1
1
2
4
1
1
3
2
1
1
4
4
17
1
3
1
1
1
1
1
2
1
1
1
1
1
1
1
1
1
1
1
1
1
24
1
1
1
1
1
5
1
1
1
2
2
7
2
11
1
1
1
1
1
3
1
1
1
1
1
1
1
1
1
1
1
1
1
1
2
1
1
3
2
1
1
1
2
1
2
1
1
1
2
3
1
1
1
1
5
1
1
1
1
1
1
1
2
4
7
1
3
1
1
2
3
2
3
1
1
1
1
1
1
1
1
1
1
1
4
4
3
1
1
1
1
1
3
1
1
1
1
11
1
1
1
3
3
1
1
30
2
2
1
2
2
2
1
1
1
1
1
1
1
1
3
5
1
1
15
3
1
1
1
1
1
1
14
4
3
6
1
2
1
1
5
1
6
1
1
1
1
3
1
1
1
1
2
1
1
1
1
1
4
1
1
18
1
1
1
17
1
3
4
3
1
1
1
1
1
1
1
3
4
1
1
2
1
1
1
1
1
1
2
1
4
1
1
2
1
1
3
1
1
4
1
1
7
2
2
1
1
3
1
2
1
1
4
1
1
1
1
2
1
1
4
1
1
1
1
2
6
3
1
1
1
2
3
2
3
7
1
1
1
4
4
1
9
1
1
4
2
4
1
1
2
6
2
2
1
2
5
1
7
1
3
3
5
1
1
3
1
36
7
1
1
2
2
1
1
1
4
1
1
1
5
1
1
3
1
1
1
2
1
1
1
1
2
2
1
11
1
1
1
1
1
1
1
1
1
2
2
1
4
1
3
3
1
1
1
1
2
1
1
1
1
1
1
4
1
1
2
2
1
1
1
2
2
2
1
2
2
1
1
1
1
1
1
1
2
4
1
1
1
1
1
1
2
2
1
1
1
1
2
1
1
1
1
1
1
2
1
2
1
1
1
1
2
1
1
1
1
1
1
1
7
1
1
3
1
1
2
1
1
1
1
6
1
1
1
3
3
1
1
1
1
1
1
1
1
1
1
1
2
1
1
13
1
1
3
1
1
1
1
1
1
1
1
3
1
1
1
1
2
1
4
1
3
1
1
1
3
4
1
12
1
9
4
1
5
1
1
1
6
2
14
1
4
1
1
1
2
4
1
4
1
2
1
2
5
1
2
1
2
1
1
1
1
4
1
5
2
1
9
1
1
1
1
1
1
1
1
1
1
1
1
3
11
1
5
4
1
1
3
2
1
1
3
1
1
1
1
4
1
5
2
1
1
1
8
2
13
2
1
9
1
1
2
1
2
2
1
7
2
1
1
1
10
1
1
8
8
3
1
1
1
16
1