1
1
1
1
1
2
1
1
1
1
1
1
1
1
1
6
2
1
1
1
2
1
1
1
1
1
1
1
1
1
1
3
1
1
1
3
1
1
1
1
1
2
3
1
1
1
5
1
1
1
1
1
5
1
1
1
1
1
2
1
1
1
1
1
6
8
6
1
1
1
1
7
1
1
10
28
1
1
1
6
9
1
1
3
1
1
1
1
1
1
2
1
1
1
1
2
1
1
1
1
1
3
2
1
1
1
1
1
1
2
3
1
5
5
1
1
1
3
1
2
1
1
1
1
1
1
1
1
1
5
8
11
1
1
1
1
1
1
1
1
1
1
1
1
2
1
1
2
1
1
1
2
1
2
7
3
5
1
3
1
2
2
35
1
1
1
1
1
4
1
2
2
5
3
2
2
1
1
1
1
1
1
1
1
1
1
1
1
1
1
4
1
12
2
6
1
1
1
9
3
1
1
1
1
1
1
1
5
2
1
2
4
1
1
1
1
2
5
1
1
1
1
1
1
2
1
1
1
1
1
1
1
1
1
2
3
3
3
1
1
1
1
1
2
1
1
2
2
1
5
1
1
3
1
1
1
4
2
4
1
1
1
1
1
8
2
1
1
1
1
1
1
1
1
1
1
1
5
3
2
1
1
2
1
1
1
3
1
1
1
1
1
1
1
1
2
9
1
18
8
1
1
1
1
1
1
1
2
21
3
1
6
2
1
1
1
1
1
1
2
2
1
1
1
1
1
1
18
1
1
1
1
2
2
1
1
1
1
2
12
1
1
1
2
3
4
1
1
1
1
1
1
1
1
1
4
1
1
1
1
1
4
1
2
4
1
1
3
19
1
1
1
1
6
1
1
1
2
2
2
1
1
1
1
2
1
2
1
1
1
1
1
3
9
1
1
1
3
1
5
1
1
9
1
3
1
1
3
1
1
3
2
1
1
1
1
6
1
1
4
1
4
1
2
1
1
1
2
2
1
1
2
7
1
3
15
4
1
1
2
3
2
1
2
4
1
6
8
1
1
9
1
2
5
3
2
1
4
2
1
1
5
3
1
12
9
2
1
1
1
1
1
13
2
1
3
21
7
1
4
1
1
1
1
1
4
2
1
1
2
1
1
1
9
17
2
1
1
2
1
1
1
1
3
1
2
1
1
6
1
4
1
1
3
1
1
1
1
2
2
1
1
1
1
5
1
1
2
1
1
1
1
1
1
2
1
1
1
1
1
1
1
1
1
1
1
1
1
1
1
2
1
2
1
1
1
1
1
1
1
2
2
1
1
1
1
2
5
3
1
6
4
1
1
1
1
1
1
1
5
1
3
2
1
6
1
2
1
1
1
1
2
1
2
1
2
1
1
1
1
26
1
1
1
2
1
2
1
1
1
1
1
1
1
1
2
4
2
2
1
1
1
1
1
14
1
1
1
3
1
5
2
1
1
1
2
1
1
1
1
1
1
1
1
2
2
1
1
3
6
1
15
3
1
5
3
1
2
4
7
1
1
21
6
2
1
1
2
5
1
3
4
1
1
1
1
1
1
2
1
1
3
3
5
4
1
5
1
3
1
1
1
1
2
1
1
1
2
1
1
2
4
1
1
1
2
2
1
1
2
11
2
1
1
1
9
1
1
1
5
7
2
2
2
1
1
1
12
1
3
1
27
10
1
1
1
3
2
1
1
1
1
1
1
2
1
13
1
1
1
11
6