1
1
1
2
1
1
1
2
1
1
3
1
1
1
3
2
1
1
1
1
2
1
1
1
1
2
2
1
1
1
14
1
1
2
4
6
1
3
1
1
1
3
2
5
1
1
1
1
1
2
1
4
1
5
1
5
4
3
1
1
10
1
2
1
1
1
1
3
21
1
1
1
1
3
1
1
1
7
1
1
9
1
2
1
4
3
22
9
4
1
1
3
10
1
1
3
8
1
1
5
1
2
2
3
1
1
2
1
2
1
1
3
11
9
2
7
1
6
2
32
16
4
2
1
1
2
2
1
1
1
1
1
2
1
1
1
1
3
2
2
1
1
1
1
1
10
4
1
1
1
1
1
2
1
1
1
1
4
1
1
2
3
1
1
2
1
4
2
16
1
1
3
2
2
1
2
1
1
5
2
1
1
1
1
1
1
1
1
1
8
8
1
1
1
1
1
1
1
2
1
2
1
4
11
1
1
1
4
7
12
10
3
1
1
2
3
1
1
3
1
3
1
1
4
3
1
2
1
1
1
2
2
1
1
1
1
1
2
2
7
11
4
5
6
3
1
2
2
1
1
1
1
1
5
1
1
1
1
3
1
1
1
1
2
1
2
3
4
2
1
2
1
2
2
1
1
1
2
1
1
3
1
1
2
2
3
6
1
1
1
1
2
1
13
6
1
2
1
5
53
3
6
16
1
1
11
1
13
2
2
2
1
3
6
10
3
1
2
1
1
56
2
3
2
1
4
1
1
2
9
4
1
8
1
1
3
2
2
8
2
1
1
3
12
2
105
3
1
16
2
16
1
1
2
1
1
1
1
1
7
24
1
1
1
5
1
1
3
1
1
4
2
1
1
2
1
1
2
2
89
1
1
1
8
1
1
1
15
6
11
2
1
1
1
1
3
19
2
1
3
1
3
1
1
1
2
1
4
1
9
3
1
3
3
1
2
1
1
12
2
1
2
2
1
11
2
2
3
1
9
3
1
2
2
3
1
3
1
1
3
3
3
8
1
1
1
10
9
1
1
3
1
5
3
1
1
1
16
7
1
1
1
5
1
17
1
3
1
1
2
1
9
1
1
7
3
3
5
1
5
13
5
2
1
1
1
5
1
1
1
17
1
10
1
7
5
1
1
1
5
2
1
9
1
17
1
1
1
2
4
1
1
12
19
10
1
2
1
6
1
1
2
1
1
1
6
1
3
3
1
1
1
2
15
33
12
1
1
4
3
5
1
1
1
3
1
1
1
1
1
4
1
1
7
1
2
2
3
3
1
3
3
1
1
1
1
2
2
1
6
1
1
1
2
1
2
4
2
1
9
6
1
1
1
1
1
1
2
1
4
2
1
3
4
1
1
4
1
1
2
1
1
1
1
1
2
3
7
1
1
1
1
2
2
29
1
1
7
11
3
4
2
3
1
2
3
1
9
1
3
1
2
1
1
1
10
2
11
1
1
2
1
2
1
2
3
1
1
1
1
32
2
2
1
5
2
5
2
1
1
3
2
3
1
1
1
1
4
2
16
2
1
1
2
1
1
2
3
2
2
1
1
1
2
1
1
3
1
1
3
9
3
1
3
3
2
7
1
3
2
1
1
1
1
19
9
71
18
3
16
4
12
8
29
14
4
10
14
1
1
24
5
1
2
2
3
1
5
1
2
2
2
6
6
3
1
1
2
3
1
1
4
1
1
15
3
1
1
2
4
7
7
3
1
4
1
2
3
1
1
1
1
1
1
2
14
8
2
2
3
41
1
1
4
18
1
2
4
7
1
1
5
1
46
4
1
26
1
4
18
10
1
6
2
2
13
1
1
1
2
1
9
7
3
1
2
22
3
1
9
3
3
1
5
1
4
1
4
2
2
6
1
3
3
54
1
4
8
1
2
1