1
1
1
1
1
1
1
1
1
1
3
1
1
1
1
1
1
1
1
1
5
1
2
1
1
1
2
1
1
1
1
1
1
1
1
6
1
1
5
2
1
1
2
1
1
1
5
1
8
18
1
1
1
1
1
2
1
1
1
1
1
1
1
3
1
1
1
6
1
2
1
1
6
2
3
2
2
2
2
1
1
1
1
1
3
1
1
1
1
1
2
1
4
2
1
1
1
5
12
2
4
1
4
1
1
1
1
3
4
2
1
2
2
1
1
3
1
3
1
3
1
21
1
1
3
1
3
2
1
1
2
3
2
3
2
1
1
1
1
1
1
2
1
6
10
1
1
1
1
1
3
2
1
1
1
1
1
1
1
4
5
1
1
1
2
1
2
2
4
1
1
2
1
1
1
2
1
2
1
1
2
1
1
1
1
1
1
4
1
1
1
1
4
2
1
1
1
1
1
1
1
1
2
4
1
1
1
2
2
1
1
1
1
1
1
1
1
2
5
7
2
1
1
1
1
1
1
1
1
3
1
2
2
1
1
1
1
1
2
6
1
1
1
1
3
1
1
6
1
2
1
1
1
1
5
1
1
1
1
2
11
1
3
1
3
2
3
1
1
4
14
1
1
1
4
1
7
1
2
2
1
1
1
5
1
2
1
1
1
1
1
1
1
1
2
18
1
1
2
1
1
1
5
1
16
1
4
1
1
2
1
1
1
1
1
1
1
1
1
1
2
1
2
1
2
1
1
1
1
1
1
1
5
1
1
1
1
1
1
2
1
17
1
1
9
1
1
1
3
5
1
1
2
1
1
1
1
1
1
1
4
1
1
1
1
3
2
2
1
1
1
1
1
2
1
2
2
3
1
1
3
6
5
1
1
1
1
4
2
2
1
1
1
1
1
7
3
1
1
1
1
1
1
1
1
2
1
1
2
1
4
2
1
2
2
1
1
1
2
1
1
1
1
3
4
1
4
5
2
2
2
1
1
1
4
1
14
3
1
2
1
1
1
1
29
3
1
2
3
1
1
1
1
2
1
1
2
1
1
1
1
2
1
15
1
4
2
4
1
2
1
1
1
3
2
3
1
1
1
1
2
2
4
1
3
1
1
1
1
1
2
1
1
1
1
1
1
1
1
1
1
1
1
1
2
2
1
1
3
1
1
1
1
1
1
2
2
1
1
1
1
1
1
1
1
3
3
2
1
1
1
2
1
1
1
1
1
1
1
2
4
1
1
3
2
2
2
2
2
5
1
1
3
1
1
2
1
3
1
1
1
1
3
1
1
2
1
2
1
1
3
1
3
1
1
1
18
1
1
1
1
2
1
4
1
1
1
1
3
1
7
1
2
1
1
1
2
1
2
1
1
7
1
1
2
1
1
1
2
1
1
1
1
2
1
3
1
1
1
1
1
2
3
4
1
1
1
1
1
1
2
2
22
4
1
7
2
5
1
10
19
4
2
1
1
2
2
2
2
3
2
1
4
1
2
3
1
1
3
1
1
1
7
1
1
7
3
1
1
1
1
1
1
1
3
1
1
3
1
1
1
1
4
1
3
1
1
1
1
1
3
1
2
1
3
1
1
1
1
1
6
1
1
1
1
1
15
35
3
1
7
1
2
2
2
2
1
1
1
1
7
4
4
2
1
19