1
1
1
1
1
1
1
1
1
1
1
1
1
1
2
1
1
1
3
5
1
1
3
1
1
1
1
1
5
1
1
1
1
1
1
4
5
1
1
6
3
1
1
1
1
1
7
1
2
15
13
1
1
8
1
1
2
1
2
1
1
2
1
3
3
1
1
1
1
1
1
2
1
1
1
2
2
7
2
2
1
1
3
1
3
1
1
2
1
2
6
1
2
2
1
1
1
1
1
1
1
1
7
12
1
1
1
3
3
16
1
1
1
1
1
1
1
2
3
2
1
1
2
1
1
1
1
3
4
1
1
2
1
2
1
1
1
13
1
3
1
1
4
2
2
1
1
3
1
3
1
1
3
1
1
1
1
4
3
1
16
2
1
3
1
3
1
1
1
1
1
1
2
1
1
1
5
2
1
1
1
1
1
1
1
2
1
1
1
1
2
1
2
1
2
3
2
1
1
1
1
1
2
1
3
1
1
1
1
1
1
1
1
1
2
1
1
1
1
1
1
2
1
1
1
1
1
1
1
1
1
1
2
6
2
1
8
3
1
3
5
1
1
1
1
1
1
1
3
1
3
1
12
1
3
1
2
1
3
1
1
1
4
4
2
1
1
1
2
1
1
1
2
1
4
1
1
1
2
1
1
1
3
1
6
1
1
1
1
2
1
1
2
1
2
2
1
1
1
6
1
1
1
2
1
5
1
2
2
1
14
1
3
1
3
1
1
2
2
2
1
1
1
1
1
1
1
10
1
1
2
1
2
2
3
11
2
1
1
2
1
1
2
2
1
1
9
1
5
1
1
1
1
1
1
2
1
2
3
2
3
1
1
1
1
2
1
1
1
1
1
1
1
1
1
2
1
1
1
1
2
17
1
1
2
3
1
1
1
4
1
1
1
1
1
2
1
1
3
1
8
1
1
1
1
1
1
1
1
1
2
2
1
1
4
3
3
4
1
3
1
1
1
1
1
4
1
1
1
7
3
1
1
1
1
5
1
1
1
1
2
2
2
2
2
2
6
1
2
2
5
1
1
2
1
3
6
6
1
1
1
10
3
1
1
3
1
1
6
1
1
4
1
1
1
17
1
1
3
4
1
1
1
1
1
1
2
2
1
1
6
1
4
1
14
4
5
38
3
1
1
1
2
1
1
1
3
2
1
1
1
2
2
2
1
7
1
1
1
1
1
3
1
1
1
1
9
1
1
1
4
1
1
1
1
1
1
1
1
1
4
1
1
1
1
5
1
3
1
7
1
1
3
3
1
1
1
2
1
5
3
2
1
1
1
2
1
4
2
1
1
2
1
4
1
1
1
1
1
1
1
3
1
1
1
2
1
1
1
1
1
1
3
3
2
3
1
3
1
1
1
1
1
6
4
4
3
2
1
1
1
1
1
4
1
1
1
5
1
1
1
3
1
1
1
1
1
2
3
1
6
1
1
13
1
1
3
2
1
1
1
1
3
1
1
2
2
1
2
1
1
2
1
1
1
1
3
1
1
1
1
3
2
1
1
2
1
2
1
1
1
1
1
2
2
7
1
2
1
1
1
5
4
1
31
3
11
2
3
3
3
11
1
3
1
1
16
6
3
1
1
2
14
2
3
2
1
1
1
1
1
1
1
1
1
1
1
1
2
1
1
1
1
1
1
1
2
1
2
1
1
3
2
3
1
2
1
1
21
2
2
36
1
2
1
1
2
1
3
1
1
1
13
1
2
3
1
1
1
1
1
3
1
1
3
1
1
5
2
4
1
2
6
2
1
1
4
1
2
16
3
1
2
31
1
1
1
9
3
2
1
1
1
1
1
3
1
2
5
2
1
10
1
19
1