1
1
1
1
1
2
2
1
2
1
1
1
1
1
1
1
1
1
1
2
1
1
1
1
1
1
1
6
2
9
1
1
1
1
2
1
1
2
1
1
6
1
1
9
12
1
4
1
1
2
1
1
1
1
1
1
1
1
1
1
1
1
7
1
1
1
1
1
1
1
5
1
2
1
2
1
1
1
2
5
1
6
1
1
3
1
1
1
4
8
1
1
1
2
1
1
1
1
2
1
1
3
1
1
1
1
3
1
3
1
14
1
3
1
1
2
1
1
3
1
1
1
1
1
1
2
2
1
12
1
1
1
3
3
3
4
1
5
5
1
2
2
1
3
2
1
1
2
1
1
2
1
1
1
1
1
1
1
1
2
1
1
2
4
1
3
1
1
4
1
4
1
1
1
1
1
4
1
2
1
4
1
1
3
1
2
1
3
12
1
1
1
1
2
2
1
1
1
1
1
8
1
2
1
1
1
1
1
3
1
1
2
1
7
1
1
1
1
4
3
1
4
1
33
1
1
1
2
4
1
2
1
1
1
3
1
1
1
1
1
2
1
1
1
2
1
15
4
2
1
1
1
1
9
1
5
4
6
1
1
4
1
1
1
3
1
2
1
1
1
2
1
1
1
12
1
12
4
2
3
1
1
1
1
1
1
1
1
1
1
2
1
1
2
1
1
2
1
2
1
3
1
2
2
3
1
2
1
2
1
2
8
8
2
1
1
1
2
1
2
1
1
1
1
3
1
5
1
1
1
1
1
2
1
1
1
1
1
3
1
3
1
1
1
2
1
1
2
1
4
2
1
1
3
2
1
1
2
5
2
5
1
1
4
1
1
1
24
5
1
1
2
1
1
2
1
1
1
1
1
1
1
9
2
1
1
1
1
6
1
1
1
1
1
2
2
2
1
6
1
1
1
1
1
1
1
1
1
2
1
1
1
1
1
3
1
1
1
2
1
2
1
1
2
1
1
1
3
1
1
1
1
1
2
2
3
1
1
1
1
1
2
1
1
1
2
2
1
1
1
1
1
1
1
1
2
2
2
1
1
1
1
1
1
6
1
1
1
2
1
1
1
4
1
1
1
2
1
2
1
1
1
1
3
1
1
8
4
1
1
2
1
1
1
1
1
3
1
1
1
1
1
2
1
1
9
4
1
1
1
1
1
9
1
1
2
2
1
1
2
15
2
1
1
1
4
4
1
2
1
8
1
1
2
1
6
1
1
1
4
1
7
1
3
1
1
1
1
1
1
1
1
1
1
1
1
3
2
2
1
1
2
1
1
2
1
1
3
1
1
7
2
27
4
12
1
2
2
1
1
1
3
2
3
1
1
5
1
5
1
10
3
1
2
17