1
1
1
1
1
1
1
1
1
1
2
1
1
1
1
1
1
1
1
1
3
4
2
2
1
1
1
6
3
5
2
2
1
1
2
1
2
1
2
10
32
4
2
1
6
1
1
1
1
1
2
1
1
1
4
1
1
1
1
6
1
3
2
1
4
1
2
1
1
1
1
1
1
4
1
1
1
1
1
1
1
1
2
2
8
2
1
1
1
8
1
2
1
1
1
1
1
2
4
1
1
6
1
1
1
1
1
5
2
28
1
1
3
1
1
2
1
1
1
1
1
1
1
1
3
1
1
2
2
1
1
1
16
1
1
2
1
1
1
3
1
4
1
1
1
1
1
1
1
1
1
2
1
1
1
1
1
2
1
3
1
4
1
5
1
5
1
1
1
1
3
1
2
1
3
1
2
1
1
3
1
4
1
2
1
1
1
5
6
1
3
1
1
2
6
1
1
1
1
5
2
1
1
1
1
1
2
2
4
3
1
1
1
1
1
1
4
1
2
2
2
1
2
7
1
4
1
1
3
1
1
1
4
2
13
1
5
1
1
2
1
1
1
2
1
1
1
4
1
1
1
1
1
1
2
1
21
1
2
1
1
1
1
1
3
15
1
2
2
1
1
2
1
1
1
3
1
2
2
2
2
1
1
6
5
1
1
4
1
1
1
1
13
1
2
9
4
2
3
1
1
1
1
3
1
1
1
3
1
2
1
1
1
1
1
3
2
1
1
3
1
1
1
1
1
3
1
1
2
1
1
1
6
1
5
1
1
2
4
2
1
1
1
1
5
1
1
5
1
4
1
1
1
1
2
6
3
2
1
3
8
14
1
1
1
1
4
2
1
1
2
1
1
2
1
6
4
1
4
1
16
6
1
1
1
4
1
2
2
1
1
1
2
13
1
1
2
2
1
1
1
6
1
3
1
1
1
1
1
3
2
1
3
1
1
1
1
1
1
2
1
1
1
1
1
3
1
1
2
2
1
1
1
1
1
4
1
1
1
1
2
2
2
1
1
1
1
1
1
1
3
1
1
2
1
1
2
1
2
2
12
2
1
1
2
1
6
2
2
4
3
2
4
1
1
3
1
1
1
1
1
1
1
1
1
1
21
1
1
3
1
2
1
2
2
1
1
1
1
2
1
7
1
1
1
1
1
1
1
1
5
2
1
1
1
3
1
2
7
1
1
2
1
1
4
1
1
1
1
1
1
1
4
1
1
1
3
6
2
4
1
1
3
1
1
1
2
2
21
6
5
2
2
17
3
1
18
1
1
1
1
1
2
4
4
1
2
4
1
1
1
1
3
2
1
1
1
1
2
5
1
2
2
1
1
1
1
1
1
1
1
2
1
1
1
1
1
1
1
4
2
3
6
1
3
11
3
1
2
3
1
2
1
2
4
1
3
2
1
9
1
5
28
2
8
5
1
1
1
1
2
3
1
6
4
26
1
10
2