1
1
3
3
2
1
1
2
1
4
4
1
3
2
4
5
5
6
1
2
1
3
2
4
5
1
14
1
2
3
3
1
6
1
1
7
3
1
1
2
1
1
1
3
1
1
2
1
1
5
3
1
2
1
1
1
1
2
1
1
1
1
1
1
3
5
1
1
2
1
1
4
8
1
1
1
1
1
7
1
1
2
1
1
1
1
1
1
4
2
2
1
1
1
1
1
3
5
1
6
4
2
1
1
2
1
1
1
1
1
1
4
1
1
3
1
2
2
2
1
1
5
1
3
1
2
1
1
1
1
7
1
1
3
1
5
1
1
5
1
10
2
3
1
1
12
2
2
1
1
2
1
1
1
1
1
1
3
1
1
2
10
1
1
2
2
4
1
3
2
1
51
3
1
2
1
3
1
6
1
3
1
1
1
1
2
2
29
1
2
11
8
1
5
9
1
1
1
1
2
2
1
1
2
2
1
3
1
5
3
2
1
2
2
1
1
1
2
4
2
4
1
1
9
1
1
5
5
1
1
1
1
1
1
1
1
4
2
2
1
4
2
6
7
3
4
4
1
4
2
1
1
1
1
1
9
3
1
3
6
2
18
4
2
1
2
1
2
4
1
2
17
2
2
2
1
1
1
1
1
1
2
1
1
1
1
1
1
3
1
1
1
1
1
1
1
1
1
7
1
2
1
2
1
1
1
9
1
1
1
1
1
1
3
1
3
1
4
1
2
1
1
1
1
1
1
2
1
24
5
1
2
1
1
3
1
1
4
1
1
1
1
1
2
1
1
1
1
1
3
3
1
1
1
1
1
1
2
3
7
12
41
6
2
4
6
4
2
5
1
14
5
1
3
2
5
7
1
2
1
1
1
1
8
1
2
2
4
1
3
1
2
1
8
2
3
1
10
3
1
5
10
4
4
1
8
1
1
12
2
7
1
5
2
1
2
1
1
28
1
2
8
10