1
1
2
2
1
1
1
2
1
1
1
1
1
1
1
1
1
1
1
1
1
1
1
1
1
2
1
1
1
3
3
1
1
3
1
1
7
2
2
1
6
2
1
1
1
1
5
2
2
8
14
5
4
1
2
1
1
3
1
1
1
2
1
6
1
1
1
1
3
1
3
2
3
1
1
1
1
1
1
3
1
1
1
1
6
2
1
3
1
1
2
1
8
9
2
2
3
6
3
1
1
1
1
1
1
3
1
1
2
1
2
1
1
1
1
4
1
1
3
5
1
1
9
3
2
1
1
5
1
2
1
1
1
2
1
1
1
2
1
1
1
1
1
1
2
2
2
13
1
1
2
1
1
2
1
1
3
1
2
3
2
2
3
3
1
2
1
1
1
4
1
1
1
2
1
1
2
1
1
1
1
2
1
1
1
1
2
1
1
1
1
1
1
1
1
2
2
1
1
2
2
10
1
1
1
4
1
1
1
1
1
1
1
1
2
1
4
12
1
1
2
1
1
1
1
1
1
1
2
1
6
1
1
1
4
1
1
1
1
1
1
1
1
4
1
1
3
7
1
1
1
1
2
1
2
1
2
2
1
28
1
2
2
6
4
1
2
1
1
1
1
2
1
1
1
11
2
2
1
1
1
1
1
1
27
1
9
5
9
1
2
4
1
1
1
1
2
1
1
1
2
1
1
2
1
4
1
1
1
1
1
1
1
1
11
17
1
1
2
1
1
2
1
1
1
1
1
3
3
3
1
1
3
3
3
1
1
1
1
4
1
9
1
3
2
2
1
1
1
2
2
3
2
1
1
1
4
12
1
2
1
1
1
3
1
1
1
1
3
1
1
1
7
1
1
1
3
2
2
1
2
1
7
2
3
2
3
1
2
4
1
1
1
2
1
1
4
1
1
3
1
2
6
7
1
1
3
1
8
1
2
29
2
1
1
1
1
1
1
1
8
2
3
1
1
4
1
1
2
1
2
1
1
1
1
2
1
1
2
3
1
1
1
2
1
2
1
2
1
1
3
8
1
1
1
1
1
1
1
2
1
1
1
2
2
1
1
2
2
1
3
1
2
1
1
1
1
2
1
1
1
1
1
1
2
1
6
2
4
1
1
1
1
1
1
2
1
3
1
1
3
2
2
2
1
1
1
1
1
1
1
1
1
2
3
1
1
2
1
1
1
1
1
5
1
1
5
4
1
1
2
1
1
1
1
1
1
1
1
13
1
1
3
1
1
1
1
2
1
2
2
2
1
1
1
1
1
1
5
1
2
1
1
3
1
17
1
5
2
2
7
1
9
2
16
1
1
2
1
4
5
3
3
8
2
1
1
1
1
2
7
2
3
1
6
1
7
1
1
1
1
1
1
1
1
1
4
7
6
1
10
2
1
1
6
2
1
1
2
1
1
3
4
1
1
1
7
1
2
2
1
28
5
1
7
1
1
1
1
2
3
4
3
3
1
1
7
5
1
7
8
3
2
12
1