1
1
1
1
1
1
1
1
1
1
2
1
1
1
3
1
5
1
1
1
4
2
1
1
1
1
6
1
5
3
1
1
7
2
1
12
29
2
1
1
1
1
1
1
1
3
1
1
1
1
1
3
2
1
1
1
1
1
1
2
1
1
1
4
1
1
1
1
1
1
4
1
1
2
1
1
4
1
1
1
3
5
1
6
2
7
1
1
3
1
2
1
1
5
1
1
1
6
4
2
1
2
5
1
3
10
1
1
1
1
2
1
1
3
2
1
1
1
1
1
1
1
1
1
1
2
2
1
6
3
1
14
1
1
1
1
1
2
1
2
1
2
1
2
1
3
1
1
1
1
1
1
2
1
1
1
1
1
2
1
1
1
1
7
1
1
2
3
1
1
1
3
3
1
1
2
1
1
4
1
1
1
1
1
1
2
1
1
1
1
1
1
1
3
2
7
1
1
1
1
2
1
3
10
1
1
1
1
1
1
1
2
1
1
2
1
1
6
1
2
1
5
2
1
2
1
1
3
1
1
1
3
1
2
7
1
4
1
1
5
1
2
1
1
1
3
2
13
1
1
1
3
1
6
1
1
1
1
2
1
1
1
1
1
1
1
2
2
3
1
1
1
1
6
1
1
1
1
1
1
1
1
2
2
32
1
1
1
3
1
1
1
1
1
1
4
2
1
2
1
2
2
2
1
1
1
2
1
9
1
1
1
12
1
1
1
8
1
1
1
5
2
2
1
1
1
2
2
1
1
1
1
1
1
3
1
1
1
3
3
1
2
1
1
1
1
1
1
4
1
1
12
1
1
7
2
4
1
1
1
2
1
1
1
3
1
3
5
1
2
4
1
6
3
1
1
11
1
11
1
1
1
1
3
2
3
11
4
2
4
1
1
2
1
1
1
2
3
1
7
5
1
1
2
2
1
4
2
3
1
30
4
2
1
1
1
3
1
1
1
1
1
1
9
1
2
1
6
1
1
2
1
1
1
1
2
1
1
1
1
1
2
1
5
1
1
1
1
4
1
2
1
2
1
1
1
2
1
1
1
1
6
2
1
1
1
1
1
2
3
1
5
1
2
1
1
1
1
1
1
2
1
1
1
2
3
2
2
1
2
1
2
1
1
1
1
1
3
1
1
1
2
2
1
1
8
1
3
2
5
1
5
1
1
1
1
1
1
1
1
1
8
1
1
1
1
1
2
2
1
1
1
1
2
1
7
1
2
2
1
3
2
3
2
1
2
1
3
1
1
8
2
1
2
1
1
1
2
1
1
1
1
4
1
1
1
1
3
1
2
1
1
4
1
3
2
1
1
1
2
10
1
1
1
4
2
16
2
11
1
5
2
3
12
1
3
2
19
10
4
1
2
1
1
4
3
4
1
1
3
1
3
1
1
1
1
2
1
1
1
1
1
1
2
5
1
2
2
2
1
1
1
1
1
1
1
1
2
2
1
1
1
2
1
6
1
3
4
1
1
2
6
1
2
1
2
2
3
2
1
2
1
1
4
1
8
3
1
2
1
5
1
2
50
3
13
10
2
3
3
4
3
3
1
1
3
1
1
23
10
1
20