1
1
1
1
1
1
1
1
1
1
1
1
1
1
2
1
1
2
2
1
1
1
1
1
1
1
2
1
1
1
1
1
3
1
6
2
1
1
1
1
1
1
2
3
3
1
1
1
3
4
1
1
1
1
1
1
1
3
7
14
5
1
1
1
3
5
3
2
3
5
2
1
8
1
2
3
1
2
32
29
1
1
9
2
1
1
5
10
1
4
1
1
1
2
2
1
1
1
2
1
1
1
1
1
1
3
1
1
1
3
1
7
4
1
2
1
1
2
1
1
1
11
20
5
2
1
1
1
8
1
1
7
1
2
1
2
1
2
2
5
1
4
1
1
2
3
1
9
1
1
1
1
2
2
1
2
1
2
1
2
1
2
2
1
5
18
25
1
2
2
3
2
2
1
1
2
1
1
1
1
1
2
1
1
2
1
1
3
6
2
2
1
1
1
2
1
3
13
3
2
1
3
9
6
1
3
1
1
1
11
1
1
1
1
1
6
1
1
1
8
3
2
1
1
1
1
1
2
1
1
1
1
1
1
1
3
4
1
1
2
1
1
1
1
1
1
38
1
1
1
1
1
1
1
1
7
2
2
1
1
1
1
1
1
2
2
1
1
2
1
1
2
1
8
13
1
1
2
2
1
1
2
1
1
3
1
2
2
1
1
2
1
3
1
2
1
1
1
3
1
1
2
2
1
1
1
1
3
1
1
3
2
1
1
1
1
4
2
1
1
1
2
4
1
3
4
1
1
1
3
1
4
1
7
3
1
1
1
1
1
1
2
1
1
1
1
5
1
1
1
1
1
3
1
1
1
1
1
1
2
1
1
1
1
1
1
2
1
1
2
1
1
2
2
1
4
1
1
1
1
1
1
1
1
2
1
1
2
1
1
4
15
13
4
1
1
1
1
2
1
1
1
1
1
3
1
4
1
1
1
7
1
1
4
1
7
4
3
1
1
1
1
1
1
1
1
1
1
3
1
1
7
1
1
1
1
6
1
1
1
1
1
1
1
1
1
4
3
1
1
3
1
2
2
4
1
2
25
1
1
1
1
1
2
1
1
3
1
1
1
1
1
1
5
1
1
29
4
6
1
1
1
1
1
1
11
7
1
1
2
1
1
1
2
4
1
5
2
2
1
1
1
1
8
1
2
1
1
1
1
4
1
1
1
11
1
2
1
2
1
1
1
1
2
1
2
1
2
3
1
4
1
1
2
1
1
74
1
6
1
1
6
1
8
2
1
4
9
1
3
1
1
1
3
1
2
1
3
1
1
1
2
3
1
1
1
2
2
4
1
1
1
1
1
4
1
9
4
1
3
1
4
4
1
3
54
2
1
2
2
15
1
3
1
1
1
1
1
1
8
3
1
1
1
3
2
6
3
2
1
2
5
1
1
1
1
1
3
5
1
1
2
15
4
2
4
4
1
1
1
2
2
3
4
2
2
1
4
3
10
1
4
3
1
1
1
1
1
1
1
1
4
5
2
2
4
1
1
9
1
1
1
1
1
6
1
12
2
3
1
1
2
10
1
1
4
3
5
1
14
5
1
1
3
1
2
1
2
1
5
2
2
4
2
3
9
1
1
2
1
1
1
1
3
1
1
14
1
7
4
1
1
2
1
6
2
1
7
37
1
1
3
1
13
4
2
1
5
1
2
1
1
1
1
11
11
1
1
5
1
1
1
1
2
22
4
1
12
1
4
4
6
1
1
1
1
2
6
3
2
2
2
1
1
18
5
1
1
1
11
1
1
2
14
7
1
1
1
12
2
104
1
11
1
2
1
1
5
1
1
4
1
1
1
1
3
1
2
1
1
1
1
1
1
3
2
1
1
22
4
2
1
1
1
1
1
1
4
1
1
8
5
3
1
6
5
4
1
6
3
1
4
2
2
1
1
3
11
2
1
1
1
1
1
1
2
2
1
1
1
1
1
1
1
1
2
1
1
1
1
1
2
7
1
1
1
1
1
2
2
1
1
1
2
1
2
7
1
3
3
4
1
1
1
2
3
1
1
2
2
2
3
1
2
3
1
1
1
1
2
3
4
1
1
2
1
3
1
4
3
2
1
1
4
1
1
2
1
1
1
1
3
1
1
1
4
1
2
1
1
1
1
1
1
1
1
5
5
1
1
2
1
2
1
1
1
1
1
1
1
1
1
2
1
6
2
1
1
6
5
3
1
7
1
1
4
2
2
1
1
2
5
1
1
3
1
1
1
3
1
1
4
1
5
2
2
1
1
5
1
15
2
1
1
1
1
3
2
3
2
1
1
1
1
3
3
1
1
1
1
24
1
1
2
3
1
1
1
2
1
1
1
4
1
1
2
1
1
1
2
1
1
1
3
5
1
11
1
1
1
1
1
3
6
1
1
1
2
1
2
1
4
1
1
1
1
1
4
1
2
1
1
5
6
2
1
1
1
1
1
4
1
9
6
2
1
1
1
1
1
7
1
2
1
2
2
1
2
1
9
2
13
4
59
3
1
33
16
1
4
8
1
12
23
2
6
3
2
39
4
4
2
2
1
3
7
3
1
1
8
3
1
1
1
12
2
1
3
2
1
1
1
16
1
1
1
1
1
1
2
6
2
2
3
1
1
1
2
1
13
1
2
1
1
1
1
5
1
1
1
1
3
1
1
1
1
12
2
1
1
1
3
1
2
1
11
1
1
1
1
1
3
1
28
2
2
2
1
1
11
3
1
1
1
1
1
2
7
1
3
1
2
1
1
14
1
10
1
11
5
9
2
3
28
4
2
2
1
1
92
4
1
1
28
3
1
2
1
2
2
3
15
5
1
3
11
2
2
1
2
1
1
15
3
1
24
3
1
13
1
37