1
1
1
1
1
1
1
1
2
1
1
1
1
1
1
1
1
1
1
3
1
1
4
1
1
1
1
1
1
1
3
1
6
1
1
2
2
2
1
1
1
1
1
1
1
1
4
1
5
2
1
1
1
1
1
1
2
1
2
11
30
1
3
1
1
5
1
1
1
1
2
1
1
3
1
1
4
4
1
1
1
1
3
7
2
1
2
1
4
2
3
3
1
1
5
1
1
1
2
1
1
2
6
1
3
6
2
2
2
1
4
1
1
4
1
1
1
1
5
4
1
2
1
1
1
3
2
5
1
43
1
1
1
1
1
1
4
1
1
6
2
1
1
1
1
1
1
1
4
1
2
3
4
2
1
1
14
1
1
1
1
1
1
1
1
1
2
1
5
11
2
1
1
4
1
2
1
1
1
1
1
1
4
1
1
2
2
1
2
3
1
1
1
4
1
2
9
4
3
1
1
2
1
1
1
2
1
1
1
1
1
2
1
1
3
1
1
2
1
4
1
2
1
1
1
2
2
6
7
1
2
1
1
2
3
1
1
1
2
1
2
1
1
1
3
2
1
1
1
1
2
2
1
1
2
5
1
2
1
1
3
1
6
1
1
1
2
2
3
1
1
3
1
2
20
1
1
2
3
2
3
1
1
2
1
1
1
1
1
2
1
1
2
1
1
1
5
1
1
35
1
1
1
1
1
1
5
1
2
12
7
1
3
1
3
1
1
1
1
1
1
2
1
1
8
3
4
1
1
2
1
1
1
1
28
1
1
26
8
3
5
2
4
1
5
2
1
2
1
3
1
1
2
1
2
3
2
1
1
4
1
1
3
2
3
3
3
1
1
4
1
4
1
7
1
1
4
5
1
1
1
1
1
5
1
2
1
1
3
14
3
1
5
1
1
1
7
1
1
7
1
1
1
1
2
3
5
2
2
1
1
6
4
1
1
1
8
1
3
1
2
1
1
2
2
1
1
3
12
4
1
1
3
2
17
5
1
2
3
1
1
3
1
1
2
2
1
2
2
3
1
1
3
2
1
12
1
1
1
1
1
1
1
1
1
1
3
2
2
2
1
1
4
1
1
1
5
1
1
1
1
1
1
2
2
2
3
2
4
2
1
1
1
1
1
1
1
2
5
1
3
1
1
1
1
2
1
1
1
1
1
2
1
2
1
2
2
2
1
1
1
3
1
1
3
1
2
2
2
1
5
1
2
3
1
1
5
1
2
3
1
1
1
1
1
1
1
1
20
2
1
1
2
3
1
1
1
1
2
3
1
1
1
1
1
1
1
8
1
1
1
1
1
1
1
1
1
1
1
7
5
1
1
1
1
1
1
11
1
2
1
1
4
1
1
2
1
1
1
1
1
4
2
1
1
3
2
4
1
3
2
2
1
1
1
1
4
1
25
2
2
10
6
3
5
17
1
4
1
20
1
1
1
4
3
5
5
1
2
1
9
6
1
1
1
1
1
1
2
3
1
1
1
1
2
6
2
1
4
1
1
2
1
1
1
3
1
1
1
1
4
1
1
2
1
5
8
3
1
2
2
2
3
1
1
1
10
1
3
1
5
2
1
1
15
1
1
2
38
2
1
1
9
2
1
2
2
2
1
1
2
1
1
1
1
5
34
1
14
1
20
1