1
1
1
1
1
1
1
1
2
1
1
1
1
6
1
1
1
1
3
1
1
1
1
1
1
1
1
1
3
13
1
1
1
11
4
13
16
1
6
2
2
3
1
1
1
1
1
1
1
1
1
1
1
3
3
1
2
1
1
1
1
1
1
2
1
1
1
4
1
1
1
1
1
1
1
1
1
2
2
1
1
3
2
2
1
1
1
1
2
1
2
1
1
1
1
1
2
1
10
13
7
1
1
1
1
1
2
1
1
2
9
3
2
3
5
2
2
2
1
1
1
2
33
1
2
1
1
1
3
1
2
2
1
1
1
1
1
1
1
2
2
1
2
2
1
1
2
3
1
1
19
1
1
1
3
1
1
1
1
1
1
1
1
1
1
2
4
1
1
1
1
1
1
1
1
2
5
1
1
1
1
1
1
2
1
1
1
1
1
1
1
1
1
1
1
1
3
1
1
1
1
1
1
5
2
3
1
1
2
1
1
1
1
1
1
2
1
2
1
1
1
2
1
3
4
2
1
1
1
1
2
2
1
5
10
3
1
1
2
2
1
1
1
1
1
1
3
1
10
6
1
1
1
1
2
1
7
1
2
1
4
1
1
1
1
1
1
3
1
1
2
1
4
26
1
1
16
1
4
1
2
1
9
4
2
1
1
1
1
1
4
1
9
1
3
1
1
1
1
1
7
1
1
1
1
1
1
1
1
1
1
1
1
1
3
1
1
1
2
3
1
2
1
1
27
3
2
1
1
1
3
1
1
21
6
1
2
1
1
1
2
1
1
1
1
1
1
1
1
1
4
1
4
1
3
1
1
1
1
2
1
1
1
1
15
1
1
1
1
7
1
9
11
1
3
1
2
4
1
1
1
1
2
1
1
1
1
5
1
1
1
2
1
2
1
4
2
1
1
1
1
4
2
6
4
1
1
1
5
1
4
5
3
1
1
1
1
3
1
5
1
5
2
1
1
1
4
10
6
1
2
1
1
10
2
1
4
1
2
1
3
2
4
1
1
5
10
1
14
2
2
5
2
1
5
1
1
10
8
1
2
1
1
1
2
1
3
48
1
1
5
6
3
1
1
3
1
1
1
1
4
1
2
2
3
21
1
1
3
1
2
1
1
3
5
1
1
1
1
6
3
1
4
1
1
1
2
1
1
2
1
1
7
1
1
1
1
1
2
1
1
3
1
1
1
1
1
1
2
1
2
2
1
1
1
1
6
1
3
2
2
1
2
2
1
1
4
1
1
1
1
4
2
1
1
1
1
1
1
2
1
1
5
1
1
1
1
1
1
1
1
1
1
1
1
1
1
2
1
2
4
1
1
1
1
1
1
4
1
12
2
1
1
2
1
1
2
1
1
1
2
1
5
1
4
1
2
3
1
1
1
1
16
2
1
1
1
1
1
2
4
1
1
1
2
1
1
10
2
1
1
1
2
1
1
1
14
1
1
4
1
4
1
1
1
1
1
1
1
1
1
1
1
3
1
8
3
1
2
2
4
1
3
1
1
1
1
3
1
1
34
16
4
1
1
3
1
5
7
1
1
1
29
5
1
1
1
1
1
4
1
1
5
3
1
1
1
1
3
1
1
1
1
1
1
1
1
3
2
2
4
2
2
1
1
1
1
1
1
7
2
1
1
1
1
1
1
2
6
1
5
2
2
1
1
1
3
1
1
2
5
3
2
7
5
1
3
2
1
1
1
1
2
1
3
2
3
2
3
19
2
1
1
48
1
11
1
1
3
1
2
1
1
4
1
7
1
1
2
5
1
1
13
1
10