1
1
1
1
1
1
1
1
1
1
1
1
1
1
1
1
2
1
1
1
1
1
1
1
1
1
1
1
1
1
1
1
1
1
1
1
1
1
1
1
3
1
1
2
1
1
1
1
1
1
2
1
1
5
2
7
2
1
2
1
1
1
1
1
1
1
1
13
2
2
16
17
1
9
1
1
5
5
1
1
1
1
1
1
1
1
1
2
1
1
1
2
1
1
1
3
1
1
1
1
1
1
1
1
1
2
1
1
6
3
2
1
1
5
2
1
1
2
1
1
2
8
2
1
1
1
1
2
1
1
10
1
1
1
1
1
1
6
1
4
9
2
2
3
1
2
1
1
2
1
1
1
1
2
2
1
1
1
1
1
5
1
2
2
1
5
6
1
1
19
1
1
2
4
1
1
1
3
1
2
1
1
1
1
1
1
1
1
1
1
1
23
1
1
1
1
1
2
3
5
1
2
2
2
2
9
2
13
1
3
2
2
1
1
1
1
1
1
1
2
1
1
1
1
3
1
1
1
1
1
1
2
1
1
1
1
1
1
1
1
2
1
3
1
4
1
1
1
2
3
2
1
1
1
1
2
1
2
1
1
1
2
1
4
1
1
1
1
2
1
1
1
1
1
1
1
1
2
2
5
1
1
3
1
5
5
1
1
1
1
1
3
1
1
1
1
4
2
1
1
6
1
1
2
1
1
1
1
1
6
1
1
1
1
2
11
1
1
2
1
4
3
1
1
1
29
1
1
2
4
1
1
1
6
2
1
1
1
1
1
1
1
1
1
6
1
1
4
3
7
1
4
1
15
1
5
2
2
1
1
1
3
1
1
22
1
4
1
6
1
1
1
8
3
1
1
1
1
1
1
2
1
2
2
1
1
1
1
3
1
1
1
1
1
1
3
1
1
2
14
1
1
1
1
22
1
2
4
3
1
4
3
2
1
1
1
1
1
1
1
1
4
4
3
1
1
1
1
1
1
1
2
1
1
1
2
1
2
7
1
3
1
3
1
5
1
2
5
1
1
2
9
2
2
2
1
2
5
1
3
1
1
1
3
1
1
1
2
1
1
1
1
2
3
1
4
1
1
1
3
8
3
1
1
1
2
3
1
1
1
5
3
6
1
2
4
2
2
8
2
9
2
7
1
1
1
1
8
6
1
2
1
3
1
1
4
8
1
9
5
2
6
1
1
3
1
48
8
1
2
1
1
4
1
1
1
1
1
1
1
1
2
3
1
10
2
1
1
1
1
1
1
1
1
1
3
3
1
1
1
1
2
3
2
10
3
1
1
1
1
1
1
1
1
1
2
1
1
1
1
1
1
2
3
1
1
1
1
1
1
5
1
1
1
1
1
1
1
1
1
2
2
3
1
2
2
2
1
3
1
2
1
2
3
3
1
1
1
1
1
1
1
1
2
3
1
1
1
1
2
1
1
1
1
5
1
1
12
2
1
4
1
1
2
1
2
1
1
1
2
4
1
1
1
3
1
1
1
2
1
1
1
1
1
1
1
8
3
1
2
1
1
1
1
1
2
6
2
1
1
6
3
1
1
1
2
1
1
1
1
1
1
1
1
2
1
1
10
1
4
2
1
1
1
1
1
1
1
1
2
1
1
1
2
1
1
1
1
1
1
11
2
1
1
1
1
5
1
1
2
3
5
1
14
1
11
4
3
5
1
7
6
2
16
2
1
1
4
3
4
1
2
1
3
1
6
1
1
1
1
2
1
1
1
2
5
9
1
1
5
1
1
1
1
1
3
1
1
1
1
2
1
2
1
2
1
1
1
1
9
1
3
14
3
1
1
6
3
1
1
3
1
1
1
1
1
4
5
3
1
2
1
11
1
1
1
19
2
1
1
13
1
2
1
3
1
10
1
1
3
14
2
14
7
1
1