2
2
1
1
1
4
1
1
1
3
1
1
1
1
1
1
2
1
4
1
2
1
1
1
1
1
5
2
1
1
1
1
2
1
5
1
1
1
1
3
2
2
2
1
3
1
2
3
1
1
1
1
1
3
1
1
1
1
1
2
2
1
1
1
1
2
1
5
1
2
1
1
1
1
1
5
1
1
1
1
1
1
3
2
4
2
1
1
13
30
1
1
2
5
1
2
1
1
5
2
2
1
3
1
4
1
1
7
1
1
1
2
3
6
2
1
1
1
1
3
2
1
1
1
1
3
6
1
2
1
1
2
1
1
2
4
1
1
1
1
1
6
6
17
1
3
2
1
1
2
4
4
1
1
1
2
1
1
1
5
5
8
1
3
4
4
1
9
1
1
1
1
1
1
1
1
4
1
1
1
1
1
4
1
1
2
1
1
1
1
1
1
1
1
1
1
1
6
1
1
1
1
22
2
1
1
1
6
1
1
2
1
1
1
1
3
2
2
1
1
1
1
1
1
8
3
1
1
1
1
2
1
3
2
4
1
2
2
1
1
1
1
1
1
1
1
1
1
1
1
2
1
1
1
4
11
1
1
2
4
1
1
2
1
1
1
1
2
1
1
1
1
3
10
9
1
2
1
1
1
2
1
1
1
3
10
1
1
1
1
1
2
2
1
1
1
1
1
1
2
2
1
12
2
1
1
1
2
3
1
1
1
2
1
2
1
4
4
2
1
1
2
1
1
1
3
1
4
1
1
1
1
1
1
1
2
2
1
1
1
2
1
14
2
1
3
3
1
1
1
2
1
1
1
1
1
2
1
22
1
1
2
9
3
1
2
2
2
14
2
1
1
3
1
1
1
1
1
2
1
2
6
1
1
1
1
1
1
1
3
4
19
1
1
6
1
2
10
1
1
1
3
4
10
1
1
1
3
5
1
1
3
1
2
4
1
4
2
11
1
1
1
1
1
36
1
1
4
1
41
1
1
4
1
3
1
3
2
1
1
1
1
3
1
1
3
1
2
1
1
2
3
1
1
1
2
1
1
1
1
1
1
2
1
1
1
2
2
2
1
2
2
6
1
1
1
1
1
2
5
2
2
1
1
1
3
1
1
1
1
2
1
1
4
4
3
1
16
3
1
1
1
1
4
1
1
13
6
2
1
4
2
9
4
5
2
1
1
1
1
1
1
3
28
6
2
8
9
2
6
1
1
1
2
1
8
8
1
3
2
1
1
6
2
2
63
6
1
1
1
1
1
10
1
1
2
2
1
1
2
1
3
2
1
1
2
2
1
15
3
4
2
1
1
1
1
2
21
1
1
7
2
1
1
1
1
1
1
2
1
1
1
1
1
6
1
3
3
1
1
2
1
1
1
1
2
1
4
4
3
1
3
1
1
1
1
1
1
10
1
1
1
7
1
1
1
1
1
4
3
1
1
1
1
1
5
1
1
2
7
1
11
1
3
1
3
1
1
1
2
2
1
3
1
2
2
2
1
1
1
1
2
2
1
3
1
1
1
4
3
1
4
1
1
1
4
4
1
5
3
1
1
4
1
1
1
1
1
2
2
1
1
1
1
1
1
1
1
1
7
1
1
1
1
1
3
1
1
1
2
1
1
1
4
1
1
1
1
1
9
1
1
2
1
2
1
1
4
2
2
1
1
3
6
1
1
3
1
1
1
4
1
1
1
1
1
1
1
1
2
1
1
1
1
1
1
22
1
2
1
1
3
1
3
1
1
1
1
9
2
32
2
2
11
1
2
4
8
7
1
1
3
1
1
25
2
3
4
4
1
1
2
1
2
2
2
1
1
18
2
1
1
1
1
1
15
1
1
1
1
3
1
3
7
8
1
1
2
1
5
3
1
1
1
2
1
1
1
2
2
1
2
1
1
1
1
1
2
2
5
1
1
4
2
1
3
1
1
8
2
1
2
1
1
5
1
1
2
1
2
4
1
1
8
1
73
1
11
1
1
1
1
4
1
9
2
5
9
1
4
1
1
19
1
1
3
11
1
4
25