4
1
1
2
1
1
3
1
2
1
1
3
1
3
2
1
1
1
2
1
4
2
5
1
1
1
1
1
5
2
1
1
1
1
1
1
2
1
44
3
1
1
1
1
1
1
1
5
3
1
3
1
1
2
1
8
4
6
2
13
2
1
1
25
2
1
1
4
6
1
6
2
1
1
1
6
18
1
4
3
2
5
12
5
1
9
3
2
1
1
1
2
1
1
5
5
2
1
1
1
1
3
1
1
2
11
2
1
3
11
19
2
1
1
2
1
1
1
2
4
3
1
1
1
2
62
2
2
32
4
1
1
7
1
10
1
1
1
2
7
1
3
9
3
9
10
3
4
2
2
1
1
2
10
2
1
1
1
1
6
3
3
1
2
5
1
2
1
2
1
6
1
1
3
3
1
84
2
25
3
2
1
2
9
2
1
2
2
7
1
1
8
1
2
1
1
1
3
2
8
1
3
2
3
1
20
2
1
1
1
1
1
35
2
3
1
1
9
9
2
2
1
1
4
6
1
1
1
2
1
1
2
1
1
11
3
1
1
1
7
4
1
1
1
9
2
1
41
4
3
3
2
1
1
2
16
6
2
1
6
1
1
1
1
3
1
5
12
1
7
2
1
4
2
1
3
1
2
1
1
1
1
1
1
1
1
1
1
5
2
2
2
2
1
1
3
1
20
16
1
10
1
1
1
1
9
1
3
2
1
2
2
1
1
1
2
1
9
13
1
20
1
1
62
109
5
5
1
2
4
1
1
4
1
17
3
1
1
1
1
2
2
3
1
1
3
2
1
2
1
1
1
2
20
4
8
6
4
11
1
1
4
2
7
1
3
1
1
3
9
1
5
2
1
2
2
1
3
3
1
1
1
1
1
2
3
1
1
1
1
9
1
1
1
1
5
3
2
1
2
1
2
1
6
1
2
5
1
11
1
2
2
1
4
1
14
3
1
1
3
2
2
3
1
39
4
12
1
5
1
49
93
2
1
15
9
3
7
3
1
2
32
1
1
1
5
1
13
1
2
6
1
2
1
2
12
8
4
1
1
4
2
1
2
4
119
1
3
7
1
1
3
11
2
3
1
1
1
2
1
33
29
5
2
7
1
1
2
1
6
8
2
7
1
1
1
5
13
2
2
3
342
6
3
38
1
8
51
1
1
1
2
1
63
1
4
2
3
6
2
1
2
1
1
3
4
1
5
1
2
13
1
3
1
2
8
1
1
5
6
261
22
1
3
3
1
1
1
21
2
15
2
1
3
34
2
5
7
2
1
3
5
1
1
67
1
1
1
1
1
1
8
1
2
1
3
1
2
5
7
2
3
1
1
3
19
1
2
1
1
7
5
4
1
2
36
2
3
1
1
1
1
7
3
2
17
1
1
6
1
3
3
25
2
3
1
1
1
2
23
1
4
1
2
2
3
10
5
17
3
10
3
5
1
1
1
1
14
1
1
1
4
4
3
1
7
9
2
50
22
2
1
1
1
1
5
8
6
3
3
6
1
3
5
1
1
34
3
2
1
1
8
1
3
2
2
1
1
5
3
2
10
5
1
1
8
1
1
3
13
1
1
24
4
3
1
2
4
11
1
1
3
2
33
11
11
1
6
8
11
1
11
2
2
2
1
1
55
13
1
3
25
13
1
13
5
1
1
32
3
1
8
1
1
27
3
38
5
1
6
2
1
31
2
2
1
19
1
1
46
35
1
13
1
2
3
1
4
2
1
2
5
1
4
1
1
5
9
2
1
6
60
4
1
8
1
1
1
1
2
1
5
3
1
5
1
1
8
9
1
2
1
4
4
9
1
1
1
1
5
5
5
1
2
2
1
5
1
35
6
2
1
1
3
17
15
1
1
1
1
2
1
3
1
2
1
2
2
7
15
1
1
102
1
2
1
6
1
1
2
3
3
55
4
2
3
1
9
6
1
1
2
1
1
1
1
1
1
2
3
6
1
4
3
2
1
1
5
1
1
1
2
1
1
7
2
2
1
7
2
1
19
1
1
2
2
1
1
1
3
3
5
24
1
2
3
1
2
1
7
11
37
8
207
3
2
2
87
1
1
2
2
1
8
1
2
14
31
8
2
1
4
1
2
4
1
1
4
33
1
1
3
2
1
1
3
1
2
1
1
2
1
1
1
1
1
71
2
3
1
13
1
1
8
2
4
3
1
2
1
1
1
3
5
3
2
1
1
1
1
1
2
64
4
5
8
7
5
1
1
3
2
3
1
5
2
1
4
1
6
1
3
5
2
4
4
9
2
1
1
3
1
1
1
1
1
1
1
11
1
2
3
1
2
1
1
1
1
5
2
1
3
4
1
1
1
1
3
117
1
6
1
1
2
6
1
1
11
1
8
1
6
10
19
1
2
1
1
7
3
3
3
1
2
1
17
4
237
8
22
8
29
1
12
127
32
61
1
58
11
1
6
1
3
8
5
1
2
24
1
3
1
9
3
6
1
3
1
1
1
1
1
6
2
4
1
1
9
6
3
2
2
1
1
2
7
1
1
124
3
1
1
2
3
1
10
2
2
6
1
6
5
2
1
2
1
5
2
1
6
3
3
1
2
12
50
2
3
7
3
1
1
6
2
4
87
8
3
2
1
2
1
24
12
1
1
2
4
2
2
1
19
2
7
4
28
4
11
65
1
33
13
9
14
3
29
1
5
16
1
26
10
1
2
1
76
1
2
1
6
9
1
1
8
3
1
5
14
1
1
9
2
34
6
1
3
10
19
3
42
7
1
4
180
1
11
1
1
4