1
1
1
2
1
2
1
1
1
1
1
1
1
3
1
1
2
6
2
2
2
1
1
3
1
6
2
1
1
1
3
3
1
2
9
27
2
1
6
1
1
1
1
1
1
1
1
4
1
1
1
1
1
1
5
1
3
2
1
4
1
1
6
1
1
1
4
1
1
1
1
3
1
2
3
4
2
2
1
6
1
1
2
1
1
4
3
1
1
2
1
1
1
1
1
1
2
23
1
1
1
1
4
1
3
1
1
1
1
3
1
1
2
2
2
1
15
1
1
2
1
1
1
2
3
6
1
1
1
1
1
1
1
1
1
1
1
1
1
1
1
1
1
2
4
1
5
3
1
4
1
1
3
1
1
3
1
1
2
1
1
1
1
4
1
2
1
1
1
1
5
8
1
1
2
2
2
1
1
3
1
2
1
1
2
3
2
1
2
1
1
1
5
1
1
1
1
11
1
3
2
2
1
1
2
2
18
1
4
1
3
1
1
2
1
1
6
1
2
1
1
1
1
1
1
1
1
2
1
1
19
1
1
1
1
1
1
3
9
3
1
1
2
1
1
1
1
1
1
1
1
1
6
4
1
1
2
13
1
1
12
1
3
2
4
2
1
1
4
1
3
1
1
1
1
1
3
2
1
3
1
1
1
1
2
2
2
1
1
1
1
7
1
1
3
4
3
2
5
2
1
1
3
1
7
1
3
1
1
2
6
1
2
1
6
14
1
1
1
2
1
2
1
1
2
1
3
1
5
3
1
2
1
1
1
24
4
1
1
2
5
1
1
1
1
1
2
1
1
2
1
1
1
2
17
1
2
1
1
1
1
1
1
2
2
1
2
3
1
3
1
1
1
1
4
1
1
1
2
1
2
1
2
2
1
3
1
1
1
1
1
1
1
1
1
1
1
1
1
3
1
1
1
2
1
1
1
2
4
2
1
3
3
3
1
3
1
1
2
1
1
1
1
1
1
1
1
10
1
1
2
1
1
3
1
1
1
2
2
5
1
1
1
1
1
1
1
1
5
1
1
1
1
1
1
1
5
3
1
1
1
1
1
9
1
2
2
1
3
1
2
1
1
1
1
1
1
2
1
1
3
1
4
1
1
3
1
1
1
2
2
22
7
6
2
2
13
1
4
1
17
1
1
1
1
4
5
2
5
1
1
1
1
2
1
1
1
4
1
1
1
1
2
2
1
2
1
2
1
1
1
1
2
1
3
1
1
1
1
1
3
3
3
1
2
8
1
2
1
1
3
3
1
1
6
1
1
1
1
2
1
8
1
1
31
2
9
2
1
2
2
1
2
3
2
1
1
8
24
1
11
2
18