1
1
1
1
2
1
4
1
1
2
1
1
1
1
1
1
1
1
2
1
1
1
1
1
1
1
1
1
2
1
1
1
5
1
1
1
6
2
1
2
1
2
1
1
1
9
1
1
1
19
17
5
1
1
1
1
1
1
1
1
1
5
1
2
1
1
1
1
2
2
2
3
3
1
1
1
1
1
1
3
3
1
1
4
2
1
1
1
2
1
1
1
2
13
1
1
1
1
1
1
1
1
2
1
1
1
1
1
1
14
4
1
1
1
2
2
2
1
6
1
4
2
1
15
1
1
1
1
1
1
1
2
2
1
1
1
2
1
6
1
4
2
3
2
1
1
2
1
1
1
1
1
1
1
1
1
1
1
1
1
1
1
2
1
1
1
1
1
1
1
1
1
1
1
1
1
2
1
1
1
1
3
1
1
3
6
1
1
1
1
1
1
1
1
1
3
2
1
5
1
2
1
1
1
1
1
1
1
1
1
1
2
1
1
1
3
2
5
1
1
1
1
6
1
1
1
1
4
1
1
1
1
10
1
1
1
3
1
1
1
2
1
12
1
10
3
1
1
1
1
1
1
1
1
1
1
1
1
1
1
1
1
1
1
3
1
12
1
2
4
1
1
1
4
2
3
11
1
5
5
4
1
3
4
2
1
7
3
1
1
1
1
2
2
1
3
2
5
2
1
2
2
10
1
1
7
1
1
1
1
2
1
1
3
1
1
1
1
1
1
1
1
1
1
2
1
1
1
1
1
1
1
1
1
1
1
1
1
1
2
1
3
1
3
2
1
2
1
1
1
1
6
1
1
2
1
1
1
3
1
1
1
1
5
1
2
1
4
1
3
4
1
2
1
1
1
14
1
2
3
2
1
1
1
1
1
5
7
1
2
2
1
1
1
2
3
1
1
2
1
1
1
1
1
7
1
2
1
1
2
1
3
24
5
2
2
1
1
1
3
2
1
1
1
1
5
1
2
1
1
2
10
1
1
1
3
1
1
1
2
1
1
5
1
1
1
1
1
1
1
1
2
1
1
1
1
4
2
1
1
1
2
1
1
1
1
1
1
1
1
1
1
1
1
1
1
1
2
1
1
1
1
1
5
1
1
1
1
2
1
3
1
1
2
1
1
3
1
1
1
2
1
1
1
1
3
1
1
2
1
1
1
3
1
1
1
6
2
3
1
1
1
2
2
1
1
1
1
3
1
4
1
1
1
1
2
1
1
2
2
1
1
1
1
2
3
2
1
7
1
1
3
1
1
1
1
2
1
1
1
1
2
4
1
1
6
1
2
3
1
1
15
1
10
1
2
3
3
14
2
1
3
1
3
1
2
1
1
1
1
1
4
1
1
1
4
1
1
1
1
4
2
1
1
1
1
1
1
1
1
1
1
1
2
2
4
2
9
1
1
4
1
1
1
1
1
1
3
1
1
1
1
1
1
1
3
1
1
1
7
1
2
1
28
3
1
16
1
1
1
1
3
1
6
1
3
1
1
2
7
5
2
1
15