1
1
1
1
1
1
1
2
1
1
1
1
1
1
1
1
1
1
1
1
1
1
1
1
1
1
9
1
2
1
1
1
1
1
1
5
1
1
2
1
1
2
2
12
5
2
1
1
1
2
1
1
1
1
4
8
1
2
2
1
21
19
1
1
4
1
7
1
2
2
1
2
1
1
1
1
1
1
1
1
1
1
2
1
3
7
1
1
1
1
2
1
1
6
2
1
8
4
1
1
4
1
2
2
1
2
2
2
4
1
1
5
2
2
7
3
1
1
1
1
1
1
1
4
3
1
2
1
1
1
1
1
5
1
1
1
3
1
1
1
3
1
6
14
28
1
1
2
1
1
4
1
1
2
3
1
1
1
1
1
5
6
1
1
3
9
1
2
1
1
1
5
1
1
3
49
1
5
1
1
1
1
1
2
4
1
1
1
1
2
1
1
1
1
1
1
3
1
1
1
2
1
1
3
1
1
22
1
3
2
1
1
1
2
1
1
1
1
1
1
1
1
1
1
1
1
4
1
1
6
1
5
1
1
2
1
1
3
1
1
1
7
1
1
1
1
1
1
1
1
1
2
1
1
1
2
4
1
1
1
1
1
2
2
3
1
1
2
3
1
2
1
1
1
1
1
1
1
3
1
3
1
2
3
1
2
1
2
4
1
5
1
1
3
2
1
2
1
1
1
1
2
1
1
1
1
1
7
6
4
3
1
1
1
1
1
1
3
2
1
1
2
1
1
1
1
1
1
1
1
1
1
1
1
13
2
1
1
1
2
1
10
1
2
2
1
1
2
16
2
1
1
1
2
4
1
2
1
1
3
1
3
1
1
1
13
5
4
1
9
1
1
11
1
1
3
1
1
2
1
1
1
4
1
1
1
8
1
48
3
2
1
1
1
1
1
2
2
5
1
32
1
1
2
1
1
2
3
6
2
1
1
1
2
2
2
1
3
1
1
1
1
1
5
1
8
1
1
3
4
7
2
1
1
1
29
1
1
15
1
1
1
2
1
2
1
6
1
3
1
2
1
1
1
10
1
2
1
2
2
1
1
1
2
2
1
1
2
1
1
3
3
1
1
1
1
1
5
2
2
4
1
4
1
1
1
1
1
2
1
4
3
1
4
1
7
4
1
3
5
1
1
1
1
3
3
1
7
1
3
1
3
1
6
2
11
1
5
1
8
1
7
1
1
1
1
1
1
1
3
8
2
1
3
1
5
1
1
3
8
1
12
1
3
4
1
2
1
1
1
1
3
2
1
1
1
1
1
1
12
4
4
1
1
3
12
1
1
8
1
52
8
1
1
6
2
1
3
3
1
1
1
1
2
1
3
1
1
1
2
1
2
2
18
1
1
2
2
2
1
1
1
3
1
1
1
1
1
1
2
12
1
4
1
3
1
2
1
1
5
4
11
1
1
1
2
2
1
1
2
1
1
1
1
1
1
1
1
1
1
1
1
1
1
1
6
2
1
1
1
1
7
1
1
1
1
1
1
1
1
2
1
1
1
2
1
3
4
1
1
6
2
1
1
1
1
2
1
1
1
1
1
1
1
1
1
1
1
3
1
7
1
1
3
1
1
5
1
4
2
1
2
1
1
1
1
2
2
3
2
1
1
1
1
1
1
1
1
1
1
4
5
7
2
1
1
2
1
1
1
1
1
1
1
3
2
1
1
3
1
46
1
1
1
1
2
2
2
1
2
3
1
1
1
2
10
1
1
1
2
1
1
2
1
1
1
1
5
5
2
1
1
1
1
3
2
6
5
1
18
1
1
2
1
2
1
2
2
1
1
1
1
1
3
3
2
2
1
1
1
1
2
1
5
2
2
1
1
1
1
2
2
3
1
1
2
2
6
1
25
7
1
12
4
1
1
7
5
6
9
3
2
1
1
23
2
2
1
3
1
2
1
1
1
3
1
2
4
1
1
2
3
3
2
1
1
1
1
1
7
3
1
1
1
1
1
1
1
2
1
1
1
1
7
3
1
1
2
1
7
1
1
1
1
1
2
2
3
1
1
1
1
2
1
1
1
1
2
1
20
5
1
2
16
6
1
2
1
1
4
1
1
4
2
1
11
1
9
2
1
7
5
18
2
1
5
27
1
1
1
15
3
2
3
12
2
6
1
1
5
1
1
4
1
1
2
9
1
31
1