1
1
1
1
1
1
1
1
2
1
1
1
1
1
1
1
1
1
1
1
1
4
7
2
2
1
1
1
8
2
5
1
1
2
1
1
1
2
2
12
34
2
1
1
2
6
1
1
1
1
1
1
2
1
1
3
1
1
1
1
1
1
1
4
2
1
3
2
1
1
1
4
1
4
1
1
1
1
1
1
1
1
1
1
5
7
3
1
4
1
2
1
1
3
1
1
1
1
2
6
1
1
3
1
7
1
1
25
1
1
1
1
3
1
1
4
1
1
1
1
1
1
1
1
1
1
2
1
1
1
2
2
1
17
1
1
4
1
1
3
1
2
2
3
2
1
1
1
1
1
1
1
1
1
1
1
1
1
1
1
1
2
1
1
1
1
1
1
4
1
6
7
1
4
1
1
2
1
1
2
1
3
1
1
2
1
3
1
4
2
2
2
1
1
1
1
6
10
1
3
1
1
1
2
2
7
1
2
1
1
1
2
1
1
6
3
2
1
1
1
3
1
1
1
8
1
1
1
1
1
2
8
1
2
2
1
1
2
1
1
5
2
12
1
1
1
4
1
5
1
2
1
1
1
1
2
1
2
1
1
1
1
1
1
2
3
1
2
21
1
3
3
1
1
1
1
1
2
1
17
2
1
1
1
1
1
1
3
1
1
4
2
1
1
7
4
1
1
1
1
1
1
2
1
15
2
12
7
2
3
1
1
4
1
1
4
1
3
3
2
1
3
2
1
2
3
1
1
1
1
2
1
1
2
1
1
1
1
1
1
1
5
1
2
1
3
2
3
2
1
4
1
10
1
4
2
2
5
1
6
1
1
1
1
3
1
1
1
2
5
7
2
2
2
4
1
1
2
1
1
4
1
1
8
4
1
1
1
1
2
1
1
18
4
1
1
4
1
1
3
1
1
1
2
1
15
2
2
1
1
1
4
1
2
3
1
2
1
1
1
2
1
1
4
1
1
1
1
1
1
1
4
1
2
1
1
1
1
2
3
1
1
1
1
3
1
1
1
1
2
2
1
1
2
2
1
1
4
1
1
2
1
1
2
1
2
1
1
1
1
2
1
8
5
3
1
2
1
3
1
1
1
1
1
1
26
1
1
1
4
1
1
1
1
3
1
2
1
2
1
3
1
1
1
1
1
1
1
1
5
1
1
1
1
1
1
2
7
2
1
1
1
1
2
1
1
6
1
1
2
1
4
1
1
1
1
1
1
1
1
1
1
1
2
1
1
1
1
3
4
1
2
1
1
1
5
2
16
2
7
5
1
4
1
15
1
3
2
19
3
1
1
1
1
1
1
1
1
3
2
2
1
2
1
1
1
1
4
1
1
1
1
4
3
1
1
1
2
2
1
1
1
1
1
1
1
2
1
1
1
1
1
1
1
4
2
2
1
2
1
2
10
3
2
1
3
1
3
1
6
5
2
2
1
1
13
1
32
2
3
9
3
1
1
1
2
4
1
7
1
2
28
1
10
1
26