1
1
3
1
1
1
1
1
1
3
1
6
3
1
1
3
2
1
2
1
1
2
2
5
1
2
2
2
2
2
2
5
6
6
1
1
1
4
1
3
1
4
7
1
1
1
18
17
2
1
12
1
1
1
1
3
11
2
5
1
1
1
1
1
1
1
1
2
1
1
1
2
1
1
1
10
1
1
1
1
1
3
3
1
3
1
4
1
2
2
2
2
4
5
1
1
1
1
1
1
1
2
4
2
2
1
2
1
5
2
1
2
1
1
1
3
11
6
1
1
3
4
1
1
1
1
5
1
2
2
5
1
2
6
1
2
1
1
19
1
1
2
1
4
3
2
1
11
2
1
1
1
2
1
1
2
1
1
1
3
1
1
1
21
1
1
1
1
1
3
1
1
1
1
2
2
2
2
1
1
2
1
2
1
2
1
1
1
3
1
2
1
1
1
2
1
1
2
1
2
1
1
3
1
1
1
5
3
1
1
1
1
7
1
1
1
1
2
1
1
3
2
1
2
1
1
3
1
1
3
1
3
1
1
2
1
5
3
5
1
1
1
1
1
1
2
1
1
5
3
1
3
1
3
1
1
1
1
2
1
1
1
1
1
1
1
1
1
1
1
1
1
1
1
1
1
2
1
2
3
16
3
1
2
1
8
1
6
3
1
1
5
4
1
1
3
1
1
2
2
4
1
1
1
1
2
1
1
1
10
1
1
1
1
5
1
1
1
16
5
1
1
1
1
1
1
9
1
3
28
1
1
1
9
2
1
6
1
20
1
1
1
1
1
1
1
4
1
1
3
2
1
3
3
1
1
6
2
1
1
5
3
1
16
1
1
1
5
8
13
4
1
31
2
1
1
2
1
1
6
2
2
1
4
4
2
12
1
3
2
1
2
8
1
1
1
1
1
1
2
3
1
2
2
5
1
4
1
2
3
2
1
3
1
1
1
1
2
1
7
1
1
12
1
1
1
1
2
2
1
1
1
1
1
3
1
1
1
2
2
1
1
9
2
1
1
5
2
1
5
11
1
3
6
3
3
2
13
1
1
4
1
1
2
1
17
3
5
1
3
1
1
2
2
1
1
1
6
6
2
1
1
2
1
12
1
2
5
4
1
56
3
1
1
1
5
2
1
3
1
3
2
1
1
1
2
1
33
1
1
2
1
2
1
2
9
1
2
1
1
1
1
9
2
3
2
1
1
1
2
2
1
1
13
1
1
3
1
1
1
3
2
1
1
1
1
8
1
2
1
1
1
1
2
1
1
2
2
2
1
21
1
2
1
1
1
1
1
1
1
1
1
4
1
2
2
4
2
1
1
1
1
1
1
2
1
1
1
1
1
1
1
1
1
1
1
1
4
1
1
2
3
3
1
2
4
1
1
6
1
1
1
3
1
1
1
1
1
9
1
2
2
3
1
1
1
2
3
1
12
2
1
1
3
2
5
3
1
2
2
7
3
1
2
1
1
1
1
1
2
1
1
1
1
2
1
1
12
1
1
1
1
1
1
1
1
2
2
1
1
13
1
1
1
1
1
2
1
1
2
5
1
1
4
1
1
6
1
1
1
1
11
11
2
2
25
11
3
1
4
5
11
17
1
4
1
20
2
1
3
4
1
4
5
4
2
2
1
1
1
1
2
1
1
2
1
1
3
1
1
1
2
1
1
11
4
2
1
10
1
2
1
2
1
3
1
1
1
1
2
1
3
3
1
2
1
2
14
1
17
1
3
3
1
1
4
1
1
3
11
1
5
2
2
2
4
1
30
4
1
2
4
1
32
25
4
5
1
2
5
2
1
6
1
2
3
1
2
7
1
1
1
3
1
1
1
23