3
1
1
1
1
1
1
2
1
2
1
1
1
1
1
1
1
1
1
1
1
10
1
1
2
4
3
5
1
1
1
2
23
1
4
1
1
4
1
3
2
1
7
1
1
3
1
1
1
7
2
1
9
1
3
8
1
1
1
1
3
3
1
2
2
7
1
2
5
1
7
10
23
7
1
1
7
3
1
1
1
7
4
1
3
1
81
1
1
1
1
1
5
1
1
2
1
10
9
2
1
1
1
2
1
18
1
1
1
11
2
1
1
1
13
2
8
1
8
3
8
1
1
1
1
2
1
1
1
3
6
1
1
2
5
2
2
3
1
1
3
1
1
1
30
12
1
1
1
1
3
10
5
1
1
1
4
8
2
1
3
2
1
2
1
2
3
1
1
1
1
1
62
1
1
2
8
3
12
1
2
8
2
5
2
6
2
16
2
1
4
2
2
1
2
6
1
1
1
2
2
1
2
1
1
1
2
1
2
1
1
1
10
1
23
1
2
2
1
1
1
1
1
2
1
1
1
1
1
1
1
1
1
1
1
3
1
1
2
1
1
1
1
1
1
1
1
1
1
1
4
1
1
1
1
1
13
8
1
1
5
1
1
2
7
1
1
1
2
2
1
1
3
6
2
1
22
1
4
2
1
2
1
3
1
1
3
3
9
1
1
1
6
1
1
4
3
5
1
1
1
1
1
1
1
1
3
11
1
6
11
3
1
1
2
1
2
3
2
4
1
1
1
2
1
4
2
2
7
1
9
4
1
1
1
2
1
3
1
2
1
1
4
1
1
1
1
1
1
1
5
2
3
2
1
2
1
1
1
2
1
1
1
1
9
1
1
2
1
2
1
3
16
2
1
2
1
6
1
1
5
1
1
1
1
1
26
2
4
1
4
1
3
6
75
3
7
1
5
1
8
1
1
33
2
4
5
1
2
3
1
1
4
1
1
7
1
3
2
4
1
1
2
4
17
1
3
3
1
3
1
1
2
1
6
1
2
2
1
1
2
15
1
4
1
3
1
1
4
5
1
1
1
1
1
2
1
3
1
7
2
1
4
1
105
1
1
1
1
1
23
2
10
9
1
1
1
7
2
1
1
5
1
8
6
1
1
1
2
1
7
1
2
1
10
3
1
8
122
1
5
2
26
1
1
4
1
3
1
8
1
1
22
1
1
2
1
1
1
1
1
26
1
1
2
5
2
24
4
2
1
2
2
2
2
9
2
4
1
8
4
1
1
17
1
1
5
1
1
1
6
1
5
1
2
5
1
6
11
1
4
8
1
1
1
2
4
1
2
1
11
2
1
12
5
2
1
5
18
10
3
1
6
2
1
1
2
1
1
3
7
1
1
2
1
1
1
3
1
2
16
6
1
2
3
8
6
11
1
2
7
1
2
6
1
11
7
1
2
3
2
1
18
4
1
5
10
2
1
5
2
2
5
3
2
1
26
7
2
1
1
1
1
10
1
9
4
49
14
1
10
1
1
1
4
1
1
4
2
2
1
1
6
1
1
1
3
35
1
8
1
3
1
3
1
7
5
1
3
3
2
1
1
1
1
5
1
2
3
3
1
2
1
1
1
1
1
1
5
8
3
1
1
1
1
10
1
1
2
1
2
2
1
6
4
1
2
2
3
3
1
1
2
1
2
4
3
1
1
1
1
2
1
4
4
1
1
1
2
1
2
1
2
1
1
1
1
1
1
1
1
1
10
5
2
1
1
1
1
1
1
1
1
1
1
1
1
1
2
1
1
7
1
2
2
12
2
2
1
2
1
3
1
1
1
1
7
1
19
1
1
1
1
2
1
3
3
1
1
1
3
1
26
1
6
1
1
6
21
7
2
1
1
22
2
4
2
1
1
11
1
5
1
1
1
1
1
1
2
1
1
1
36
1
6
2
1
1
2
2
3
1
1
1
1
1
4
1
2
1
1
45
1
1
10
1
3
1
2
1
2
1
1
2
1
1
1
1
2
1
2
2
3
12
1
1
3
1
3
2
3
1
1
4
2
1
6
1
1
1
9
2
2
1
2
1
1
1
11
3
3
10
1
7
4
1
8
2
1
1
1
1
3
4
3
1
1
13
13
78
17
20
23
4
17
8
51
1
11
6
1
12
8
2
59
5
7
1
1
4
2
1
20
10
5
2
3
3
3
3
4
1
2
1
3
2
1
1
1
1
11
3
9
1
4
2
1
8
16
1
1
1
1
3
5
3
1
2
1
1
1
1
1
9
2
1
1
1
2
10
1
1
1
4
1
1
29
1
1
1
1
2
1
7
1
38
1
2
1
2
20
3
2
4
2
2
1
1
15
1
6
1
8
1
48
2
24
9
10
2
1
9
9
1
3
44
2
5
1
25
2
1
1
4
3
1
4
3
1
1
2
2
2
7
2
14
2
2
1
2
2
1
12
2
3
106
1
22
8
2
1
112