1
3
1
1
1
1
2
1
1
1
3
3
2
1
1
1
1
1
1
1
1
1
1
1
1
1
1
2
4
1
1
6
4
1
1
1
1
2
1
1
1
2
2
1
2
1
1
1
2
1
1
3
1
7
3
1
1
1
1
1
1
1
1
11
1
9
6
1
1
1
3
1
1
1
2
3
2
5
2
1
11
1
1
10
12
1
1
1
23
1
1
1
10
2
3
2
3
1
1
46
1
1
3
1
2
1
1
2
1
1
1
2
2
1
1
1
1
1
9
1
1
1
2
1
1
1
1
2
1
4
1
1
1
1
1
2
3
3
11
8
1
1
2
1
1
2
5
2
7
1
1
2
2
3
1
4
2
3
2
4
1
2
3
1
1
1
1
1
1
2
1
2
3
1
2
3
2
1
1
1
3
1
1
2
2
1
1
2
2
1
1
17
34
2
6
3
1
1
6
2
1
1
1
1
1
1
3
2
1
1
1
1
1
1
1
1
3
1
1
1
1
2
1
1
1
1
4
1
1
2
1
1
1
1
1
1
1
1
3
1
14
1
1
1
1
1
1
1
1
4
1
1
1
3
1
1
4
8
1
5
2
1
1
1
1
1
1
1
1
1
1
2
1
1
1
1
1
1
1
3
1
1
1
1
1
1
1
2
4
1
1
25
1
1
1
1
1
1
2
1
1
1
2
3
2
2
2
1
1
1
1
3
4
2
9
1
1
1
4
1
1
6
2
1
1
3
1
2
3
1
2
1
1
1
1
1
3
1
1
2
1
2
2
1
1
2
1
1
1
1
3
2
1
1
2
1
1
2
3
1
1
1
1
2
1
1
8
1
1
5
1
2
1
2
1
1
1
1
1
11
2
1
2
5
1
1
1
1
1
1
1
1
1
7
1
2
1
1
1
1
3
1
1
1
1
1
1
3
2
1
1
4
8
4
10
1
1
1
4
1
1
3
1
1
1
1
2
1
1
1
1
1
1
3
1
1
1
1
2
1
1
2
5
1
4
1
1
1
1
1
3
1
1
2
3
1
1
1
2
2
1
2
1
1
1
1
3
1
1
2
1
1
1
2
1
2
1
1
1
3
1
2
1
1
1
2
1
1
1
4
2
3
1
1
1
2
1
3
1
4
2
1
1
1
4
14
1
2
1
1
4
1
3
2
1
1
4
2
1
1
1
4
2
3
1
2
1
6
1
4
1
5
3
1
1
1
3
8
1
2
1
4
2
2
1
1
2
1
1
1
2
1
1
1
1
1
1
2
1
1
2
1
2
3
13
1
1
1
1
1
1
2
6
1
1
1
1
10
1
3
1
4
1
2
1
3
1
2
1
1
1
1
1
1
4
4
1
1
29
1
1
1
3
2
4
10
2
1
1
1
5
5
12
3
1
1
1
2
2
1
3
1
1
2
1
1
1
2
1
1
2
1
1
2
1
1
2
3
1
1
2
3
10
1
4
2
2
1
5
12
2
24
7
10
1
1
54
2
1
1
1
1
1
1
1
3
1
1
9
6
1
1
3
1
4
1
1
4
1
3
3
1
1
1
1
2
3
3
1
1
1
1
2
1
1
4
1
1
1
6
6
1
4
1
1
1
1
1
1
1
1
1
2
1
3
1
1
2
1
9
1
1
1
1
3
5
1
13
1
1
1
1
1
4
1
1
1
2
3
2
1
1
1
2
2
1
1
1
11
1
5
2
1
1
1
1
3
5
1
1
1
3
9
5
1
1
1
6
2
3
4
13
12
1
2
1
10
1
2
1
1
1
1
5
4
3
1
1
1
2
6
19
1
1
1
1
1
2
1
2
1
21
1
1
9
2
6
10
2
2
1
2
2
3
2
1
3
5
1
1
1
12
3
15
1
6
1
1
1
1
2
1
1
4
5
1
16
1
1
3
10
1
64
1
11
2
1
10
1
2
1
5
2
1
1
2
1
2
2
3
1
1
2
19
1
2
2
1
1
1
1
1
1
6
1
3
1
1
1
1
1
4
5
2
1
2
1
1
4
1
1
1
1
1
1
21
1
1
1
2
2
2
1
2
5
4
1
1
1
1
1
1
1
1
1
1
1
1
1
1
1
2
1
2
1
1
1
1
1
1
2
2
1
5
2
1
1
1
12
2
1
1
1
1
1
6
1
2
1
1
2
4
1
1
4
1
1
2
10
3
4
1
2
1
1
1
2
1
1
1
1
1
6
1
1
1
1
1
2
1
1
1
2
1
1
1
1
2
1
1
1
6
3
1
1
1
1
1
2
1
1
1
1
1
2
1
2
1
1
1
4
1
1
15
1
6
3
2
1
1
1
1
2
3
3
1
1
1
7
3
1
3
2
3
6
1
2
1
1
2
1
1
1
1
1
1
1
2
1
1
3
1
1
1
8
1
1
3
3
1
2
1
11
1
1
1
2
3
3
1
1
1
1
3
1
1
1
1
1
1
1
1
2
1
1
1
10
1
6
2
1
3
1
3
1
1
1
2
1
1
2
2
4
1
1
1
1
2
4
1
1
1
1
1
1
1
1
16
2
1
1
1
1
1
1
2
1
1
1
1
1
3
7
1
1
1
1
1
1
1
6
1
1
1
1
1
1
4
1
1
1
8
1
2
1
1
1
1
1
1
1
1
1
1
1
1
2
4
1
3
19
4
2
1
5
19
60
3
20
1
4
5
8
4
22
2
8
2
1
1
39
12
1
2
3
1
4
1
3
2
1
1
2
9
2
6
2
1
1
5
2
1
3
1
1
1
1
1
1
1
1
2
1
1
1
2
3
1
1
2
1
2
2
1
1
1
1
7
14
1
1
1
6
1
1
7
1
1
1
1
1
1
1
2
4
3
1
1
1
1
4
1
22
2
2
1
1
1
2
1
1
4
1
1
2
4
1
1
1
3
1
1
32
7
2
10
3
1
1
3
1
1
13
2
2
2
1
4
2
22
1
1
3
16
1
3
7
13
3
20
1
1
1
1
1
2
53
1
1
1
26
2
1
2
6
3
1
2
4
1
10
4
4
17
2
7
1
1
8
3
31
1
2
2