1
1
2
1
1
1
1
1
1
1
1
1
1
1
2
1
1
1
1
1
1
1
1
2
2
2
3
1
2
1
1
1
1
1
1
1
1
1
1
2
1
1
1
1
2
3
8
1
1
1
1
1
1
4
1
1
4
1
2
3
15
15
14
2
6
1
2
1
1
1
3
1
2
1
1
1
5
2
1
4
1
1
1
2
1
7
1
4
3
1
1
2
1
1
1
1
2
1
2
3
2
2
2
2
4
1
1
1
1
1
6
1
1
1
1
1
1
1
1
2
2
2
1
1
2
1
1
9
2
13
10
1
2
2
1
2
1
1
1
3
1
2
1
1
1
2
2
2
1
1
3
1
2
1
2
3
4
2
1
22
2
7
1
2
8
1
3
1
5
14
2
1
1
1
1
1
1
1
1
1
1
1
1
1
1
1
2
1
3
2
1
19
1
1
1
1
1
3
1
3
3
1
2
1
10
1
2
2
1
1
1
1
1
2
1
1
2
2
1
1
4
1
1
2
1
1
3
3
2
1
1
1
1
2
2
1
2
8
2
2
3
3
1
6
2
1
3
1
2
1
5
1
4
4
1
1
2
2
4
3
1
2
1
2
1
2
1
1
3
2
1
1
1
2
8
6
4
1
2
1
1
1
1
1
1
1
1
1
1
3
2
3
2
1
1
1
1
2
1
1
1
1
1
1
1
1
2
1
1
1
1
2
2
1
1
1
1
1
1
4
1
1
20
2
1
1
3
2
1
3
1
1
3
3
4
2
17
1
1
1
1
7
1
1
7
1
1
1
1
2
1
1
1
1
1
1
1
2
2
1
1
2
1
1
1
9
2
1
1
2
2
2
1
17
1
3
4
4
1
1
2
6
1
1
1
55
4
5
3
1
5
6
1
1
1
1
1
2
4
1
1
1
1
1
1
1
1
5
6
1
1
4
29
3
1
14
1
4
1
1
2
1
1
2
8
4
1
1
1
2
2
1
8
1
2
1
2
1
1
1
3
1
3
1
1
1
1
5
8
1
3
2
1
2
3
1
5
1
1
1
8
1
1
2
9
1
2
1
7
2
5
9
1
2
1
1
1
1
1
2
6
6
1
1
1
1
1
1
4
1
10
1
6
1
1
1
1
4
26
2
2
2
2
1
8
1
1
1
2
8
2
1
1
3
11
3
2
12
1
1
2
3
1
1
1
2
1
1
12
5
3
1
1
1
10
1
1
1
2
2
30
13
1
6
1
1
1
1
1
1
1
1
4
1
1
1
1
1
2
2
1
20
1
2
1
1
1
1
1
1
1
1
1
2
2
2
2
2
1
2
1
2
1
3
2
1
1
3
1
1
3
1
1
1
1
4
7
5
2
1
1
1
1
1
2
8
2
4
1
1
1
1
1
1
2
1
1
1
1
1
1
2
1
1
1
1
1
1
3
1
1
1
1
1
1
1
1
1
1
2
1
1
4
2
1
1
2
2
1
1
1
1
1
1
6
7
1
2
1
3
2
1
1
1
2
1
3
1
1
5
1
1
1
1
3
1
1
1
1
1
1
2
1
1
1
1
8
2
1
3
1
3
1
1
2
3
1
1
1
1
2
5
2
3
1
1
1
1
5
2
1
1
1
1
1
1
3
3
6
1
1
3
3
2
1
2
1
1
1
1
2
3
1
1
1
1
1
1
3
5
1
1
1
1
23
3
2
3
2
2
10
1
25
9
9
5
2
5
6
7
1
1
8
1
2
20
4
1
4
1
1
1
9
9
2
1
1
6
5
1
1
1
1
1
2
1
3
4
3
1
3
1
3
1
1
1
1
1
1
4
1
1
2
1
3
4
1
1
2
1
1
12
1
2
1
3
10
1
1
1
1
3
1
1
1
10
12
15
1
3
2
2
14
1
3
12
1
14
2
1
1
1
3
3
2
4
3
1
3
1
1
1
5
1
1
2
19
12
1
37
1
1