0.0
0.0
0.0
0.0
0.0
0.0
0.0
0.0
0.0
0.0033882215582064475
0.0
0.0
0.0
0.0
0.0
0.0
0.0
0.0
0.0
0.0
0.0
0.0
0.0
0.0
0.0
0.0
0.0
0.006776443116412895
0.0
0.0
0.0
0.0
0.0
0.0
0.0
0.0
0.0
0.0
0.0
0.0
0.0
0.0
0.0
0.0
0.0
0.0
0.0
0.0
0.0
0.0
0.0
0.0
0.0
0.0
0.0
0.0
0.0
0.0
0.0
0.007910540231799996
0.0
0.0
0.0
0.0
0.0
0.0
0.0
0.0
0.0
0.0
0.0
0.0
0.0
0.0
0.0
0.0
0.0
0.0
0.0
0.0
0.0
0.0
0.01004827002456469
0.0
0.0
0.009670153162880009
0.0
0.0
0.0
0.0
0.0
0.0
0.0
0.0
0.0
0.0
0.0
0.0
0.0
0.0
0.0
0.0
0.007395330037193137
0.0
0.0
0.0
0.0
0.0
0.0
0.009080921202993196
0.0
0.0
0.0
0.0
0.0
0.0
0.0
0.0
0.0
0.008737891092559473
0.0
0.0
0.0
0.0
0.0
0.0
0.0
0.0
0.0
0.0
0.0
0.015327362287471669
0.0
0.0
0.0
0.0
0.0
0.0
0.0
0.0
0.0
0.0
0.0
0.0
0.0
0.0
0.0
0.0
0.0
0.0
0.0
0.0
0.0
0.0
0.0
0.019854619460392322
0.0
0.0
0.0
0.0
0.0
0.0
0.0
0.0
0.0
0.0
0.0
0.0
0.0
0.0
0.0
0.0
0.0
0.0
0.0
0.0
0.0
0.0
0.006776443116412895
0.0
0.0
0.0
0.0
0.0
0.0
0.0
0.0
0.0
0.0
0.0
0.0
0.0
0.0
0.0
0.0
0.0
0.0
0.0
0.0
0.0
0.0
0.0
0.0
0.0
0.0
0.0
0.0
0.0
0.0
0.0
0.0
0.0
0.01004827002456469
0.0
0.0
0.0
0.0
0.0
0.0
0.0
0.0
0.0
0.0
0.0
0.0
0.0
0.0
0.010385050705968884
0.0
0.0
0.0
0.007910540231799996
0.0
0.0033882215582064475
0.004275459585529387
0.0
0.0
0.0
0.0
0.0
0.0
0.0
0.0
0.0
0.0
0.0
0.0
0.0
0.0
0.0
0.0
0.0
0.0
0.0
0.0
0.0
0.0
0.0
0.0
0.0
0.0
0.0
0.0
0.0
0.0
0.0
0.0
0.0071013846578627735
0.0
0.0
0.0
0.0
0.0
0.0
0.0
0.0
0.0
0.0
0.0
0.0
0.0
0.008550919171058774
0.0
0.0
0.0
0.0
0.0
0.0
0.0
0.0
0.007910540231799996
0.0
0.0
0.0
0.0
0.0
0.0
0.0
0.0
0.0
0.004275459585529387
0.0
0.0033882215582064475
0.0
0.0
0.0
0.0
0.0
0.0
0.0071013846578627735
0.0
0.0
0.0
0.0
0.0
0.0
0.0
0.007663681143735834
0.0
0.0
0.0
0.0
0.0
0.0
0.0
0.0
0.0
0.01068864896382347
0.0
0.0
0.0
0.0
0.0
0.0
0.0
0.0
0.0
0.0
0.0
0.004275459585529387
0.0
0.0
0.0
0.0
0.0
0.0
0.0
0.0
0.0
0.0
0.0
0.0
0.0
0.0
0.0
0.0
0.0
0.0
0.0
0.0
0.0
0.0
0.0
0.0
0.0
0.0
0.0
0.0
0.0
0.0
0.0
0.0
0.0
0.010875620885324167
0.0
0.0
0.0
0.0
0.0
0.0
0.0
0.0
0.0
0.0
0.0
0.0
0.0
0.0
0.0
0.0
0.0
0.0
0.0
0.0
0.0
0.0
0.0
0.0
0.0
0.0
0.0
0.0
0.0
0.0
0.0
0.007910540231799996
0.0
0.0
0.0
0.0
0.0
0.0
0.0
0.0
0.0
0.0
0.0
0.0
0.0
0.0
0.0
0.0
0.0
0.0
0.0
0.0
0.06826106546035297
0.0
0.0
0.0
0.0
0.0
0.0
0.0
0.0
0.0
0.0
0.0
0.0
0.0
0.0
0.0
0.0
0.0
0.0
0.0
0.0
0.0
0.0
0.0
0.0
0.0
0.0
0.0
0.0
0.0
0.0
0.0
0.0
0.0
0.0
0.0
0.0
0.0
0.0
0.0
0.0
0.0
0.0
0.021751241770648334
0.024130079045921706
0.0
0.0
0.0
0.0979579696504483
0.0
0.0
0.0
0.0
0.0
0.0
0.0
0.0
0.0
0.0
0.0
0.0
0.0
0.0
0.0
0.0
0.0
0.0
0.0
0.0
0.0
0.0
0.0
0.0
0.0
0.008139096048511837
0.0
0.0
0.0
0.0
0.0
0.0
0.0
0.0
0.007663681143735834
0.0
0.0
0.0
0.0
0.0
0.0
0.0
0.0
0.0
0.0
0.0
0.0
0.0
0.0
0.0
0.0
0.0
0.11123086412062097
0.0
0.0
0.0
0.0
0.0
0.0
0.0
0.010590733051918943
0.0
0.0
0.0
0.0
0.020979212432138444
0.12414555634041226
0.09887187921832975
0.0
0.0
0.0
0.0
0.0
0.0
0.024717969804582438
0.0
0.0
0.0
0.0
0.0
0.0
0.0
0.0
0.0
0.0
0.0
0.0
0.0
0.0
0.0
0.0
0.0
0.0
0.0
0.0
0.0
0.0
0.0
0.0
0.0
0.0
0.0
0.0
0.0
0.0
0.0
0.0
0.011452998536558285
0.0
0.0
0.021567103190799172
0.0
0.0
0.0
0.0
0.0
0.0
0.0
0.0
0.0
0.0
0.0
0.0
0.0033882215582064475
0.0
0.0
0.0
0.0
0.0
0.0
0.0
0.0
0.0
0.0
0.0
0.0
0.010965021120845226
0.0
0.0
0.0
0.0
0.0
0.0
0.0
0.0
0.0
0.0
0.0
0.0
0.0
0.0
0.0
0.0
0.0
0.0
0.0
0.0
0.0
0.0
0.0
0.0
0.0
0.0
0.010875620885324167
0.0
0.0
0.006001366255747144
0.0
0.0033882215582064475
0.0
0.0
0.0
0.0
0.0
0.0
0.0
0.0
0.0
0.0
0.0
0.0
0.0
0.0
0.0
0.0
0.0
0.0
0.0
0.0
0.0
0.0
0.0
0.0
0.0
0.0
0.0
0.0
0.0
0.0
0.0
0.0
0.0
0.0
0.0
0.0
0.0
0.0
0.0
0.0
0.0
0.0
0.0
0.0
0.0
0.0
0.0
0.0
0.0
0.0
0.0
0.0
0.0
0.0
0.0
0.0
0.0
0.0
0.0
0.0
0.0
0.0
0.0
0.0
0.0
0.0
0.0
0.0049636548650980805
0.0
0.0
0.0
0.0
0.0
0.0
0.0
0.0
0.0
0.0
0.0
0.0
0.0
0.0
0.0
0.0
0.0
0.0
0.0
0.0
0.0
0.0
0.0
0.0
0.04850445060306368
0.0
0.0
0.0
0.0
0.00953305982995783
0.0
0.0
0.0
0.008550919171058774
0.0
0.0
0.0
0.0
0.0
0.0
0.0
0.0
0.009239114450627467
0.0
0.0
0.0
0.0
0.009080921202993196
0.0
0.0
0.0
0.0
0.0
0.0
0.0
0.0
0.0
0.0
0.0
0.0
0.0
0.0
0.0
0.0
0.0
0.0
0.0
0.0
0.0
0.0
0.0
0.0
0.0
0.0
0.0
0.0
0.0
0.0
0.005525951350971141
0.0
0.0
0.0
0.0
0.0
0.0
0.0
0.0
0.0
0.0
0.0
0.0
0.0
0.0984191557390723
0.024130079045921706
0.0
0.0
0.01068864896382347
0.009801410936500526
0.0
0.0
0.0
0.0
0.0
0.0
0.0
0.0
0.011376844243392163
0.0
0.009670153162880009
0.0
0.0
0.0
0.0
0.0
0.0
0.0
0.0
0.0
0.0
0.0
0.0
0.0
0.0
0.0
0.0
0.0
0.0
0.0
0.0
0.0
0.0
0.0
0.0
0.0
0.0
0.0
0.0
0.0
0.0
0.0
0.0
0.0
0.011527317606718285
0.0
0.0
0.0
0.0
0.0
0.0
0.0
0.0
0.0
0.0
0.010590733051918943
0.0
0.01121865099575789
0.0
0.0
0.0
0.0
0.0
0.0
0.0
0.0
0.0
0.0
0.0
0.0
0.0
0.0
0.0
0.0
0.0
0.0
0.0
0.0
0.0
0.008914172909177589
0.0
0.0
0.0
0.0
0.0
0.0
0.0
0.0
0.0
0.0
0.0
0.0
0.0
0.0
0.0
0.0
0.0
0.0
0.0
0.0
0.0
0.0
0.0
0.0
0.0
0.0
0.0
0.0
0.0
0.0
0.0
0.0
0.008139096048511837
0.0
0.0
0.0
0.0
0.0
0.0
0.0
0.0
0.0
0.0
0.0
0.0
0.0
0.0021377297927646934
0.0691639056403097
0.0
0.0
0.0
0.0
0.0
0.0
0.0
0.0
0.0
0.0
0.0
0.0
0.0
0.0
0.0
0.0
0.0
0.007663681143735834
0.0
0.0
0.0
0.0
0.0
0.0
0.0
0.0
0.0
0.0
0.0
0.0
0.0
0.0
0.0
0.0
0.0
0.0
0.0
0.0
0.0
0.0
0.018779175627907183
0.0
0.0
0.0
0.0
0.0
0.0
0.0
0.0
0.0
0.0
0.0
0.023748420149579823
0.0
0.0
0.0
0.0
0.0
0.0
0.0
0.0
0.0
0.0
0.0
0.0
0.0
0.0
0.0
0.0
0.0
0.0
0.0
0.0
0.0
0.0
0.0
0.0
0.0
0.0
0.0
0.0
0.0
0.021751241770648334
0.0
0.0
0.0
0.0
0.0
0.0
0.0
0.0
0.0
0.0
0.0
0.0
0.0
0.0
0.0
0.0
0.0
0.03542364886693411
0.0
0.0
0.0
0.0
0.0
0.07448733380424735
0.0
0.0
0.0
0.0496582225361649
0.0
0.021751241770648334
0.0
0.0
0.0
0.0
0.0
0.0
0.0
0.0
0.0
0.0
0.011599887829555677
0.0
0.0
0.0
0.0
0.0
0.0
0.0
0.0
0.0
0.0033882215582064475
0.0
0.0
0.0
0.0
0.0
0.0
0.0
0.0
0.0
0.0
0.0
0.0
0.0
0.0
0.0
0.0
0.0
0.010875620885324167
0.0
0.0
0.0
0.0
0.0
0.0
0.0
0.0
0.0
0.0
0.0
0.0
0.0
0.0
0.0
0.0
0.009239114450627467
0.0
0.0
0.0
0.0
0.0
0.0
0.0
0.007910540231799996
0.0
0.0
0.0
0.0
0.0
0.0
0.0
0.0
0.0
0.0
0.0
0.0
0.0
0.0
0.0
0.0
0.0
0.0
0.0
0.0
0.0
0.0
0.0
0.0
0.0
0.0
0.02305463521343657
0.0
0.0
0.0
0.0
0.0
0.0
0.0
0.0
0.0
0.0
0.0
0.0
0.0
0.0
0.0
0.0
0.0
0.010276825841276531
0.036008197534482866
0.0
0.0
0.0
0.0
0.0
0.0
0.0
0.0
0.007395330037193137
0.0
0.0
0.0
0.0
0.0
0.0
0.0
0.0
0.0
0.0
0.0
0.0
0.0
0.0
0.0
0.0
0.0
0.0
0.0
0.0
0.0
0.0
0.0
0.0
0.0
0.0
0.0
0.0
0.00953305982995783
0.0
0.046960391926043905
0.0
0.01121865099575789
0.0
0.0
0.011740097981510976
0.0
0.0
0.0
0.0
0.0
0.0
0.0
0.0
0.0
0.0
0.0
0.0
0.0
0.0
0.0
0.0
0.0
0.0
0.0
0.0
0.0
0.023480195963021953
0.0
0.05937105037394956
0.0
0.0
0.0
0.0
0.0
0.0
0.0
0.0
0.0
0.0
0.0
0.0
0.0
0.0
0.0
0.0
0.0
0.0
0.0071013846578627735
0.0
0.0
0.0
0.007395330037193137
0.0
0.0
0.0
0.0
0.0
0.0
0.0
0.04897898482522415
0.0
0.0
0.0
0.0
0.0
0.0
0.0
0.0
0.0049636548650980805
0.0
0.0
0.0
0.0
0.0
0.0
0.00641318937829408
0.0
0.0
0.0
0.0
0.0
0.0
0.0
0.0
0.0
0.0
0.0
0.0
0.0
0.0
0.0
0.0
0.0
0.0
0.0
0.0
0.0
0.0
0.0
0.0
0.0
0.0
0.0
0.0
0.0
0.0
0.0
0.0
0.0
0.0
0.0
0.0
0.012065039522960853
0.0
0.0
0.0
0.0
0.0
0.0
0.0
0.0
0.0
0.0
0.0
0.0
0.0
0.0
0.0
0.0
0.0
0.021930042241690453
0.0
0.0
0.0
0.0
0.0
0.0
0.01193914072926522
0.0
0.0
0.022103805403884565
0.0
0.0
0.0
0.0
0.0
0.0
0.0
0.0
0.0
0.0
0.0
0.0
0.0
0.0
0.0
0.0
0.0
0.0
0.0
0.0
0.0
0.0
0.0
0.0
0.0
0.0
0.0
0.0
0.0
0.0
0.0
0.0
0.0
0.0
0.0
0.0
0.0
0.0
0.0
0.0
0.0
0.0
0.0
0.0
0.0
0.0
0.0
0.0
0.0
0.0
0.0
0.0
0.0
0.0
0.0
0.0
0.0
0.0
0.0
0.0
0.0
0.0
0.0
0.0
0.0
0.0
0.0
0.0
0.0
0.0
0.0
0.0
0.0
0.03365595298727367
0.01004827002456469
0.0
0.0
0.0
0.0
0.0
0.0
0.0
0.0
0.0
0.0
0.0
0.0
0.0
0.0
0.0
0.0
0.0
0.0
0.0
0.0
0.0
0.0
0.0
0.0
0.0
0.0
0.01068864896382347
0.00641318937829408
0.0
0.0
0.0
0.0
0.0
0.0
0.0
0.0
0.0
0.0
0.0
0.0
0.0
0.0
0.0
0.0
0.0
0.0
0.0
0.0
0.0
0.0
0.0
0.0
0.0
0.0
0.0
0.0
0.0
0.0
0.006776443116412895
0.0
0.0
0.0
0.0
0.0
0.0
0.0
0.0
0.0
0.0
0.0
0.0
0.0
0.0
0.0
0.0
0.0
0.0
0.020329329349238687
0.0
0.0
0.0
0.0
0.0
0.0
0.0
0.0
0.0
0.021181466103837886
0.0
0.010489606216069222
0.0
0.0
0.011670789622722524
0.0
0.0
0.0
0.0
0.0
0.0
0.0
0.0
0.1977437584366595
0.0
0.0
0.0
0.0
0.0
0.010276825841276531
0.0
0.0
0.0
0.0
0.0
0.0
0.0
0.004275459585529387
0.0
0.0
0.0
0.0
0.0
0.0
0.0
0.0
0.0
0.0
0.0
0.0
0.0
0.0
0.0
0.0
0.007910540231799996
0.0
0.011599887829555677
0.0
0.021181466103837886
0.0
0.0
0.0
0.009389587813953592
0.0
0.0
0.0
0.0
0.0
0.0
0.0
0.0
0.0
0.0
0.0
0.0
0.0
0.0
0.0
0.0
0.0
0.0
0.0
0.0
0.0033882215582064475
0.0
0.0
0.0
0.0
0.0
0.0
0.0
0.0
0.0
0.0
0.0
0.007663681143735834
0.0
0.0
0.0
0.0
0.0
0.021930042241690453
0.0
0.0
0.0
0.0
0.0
0.0
0.0
0.0
0.02243730199151578
0.0
0.0049636548650980805
0.0
0.0
0.0
0.0
0.0
0.0
0.0
0.0
0.0
0.0
0.0
0.0
0.0
0.0
0.0
0.0
0.0
0.0
0.0
0.0
0.0
0.0
0.03637833795229776
0.0
0.0
0.0
0.0
0.0
0.0
0.0
0.0
0.023748420149579823
0.0
0.0
0.0
0.0
0.0
0.009670153162880009
0.0
0.0
0.0
0.009670153162880009
0.0
0.0
0.0
0.0
0.0
0.0
0.0
0.0
0.0
0.0
0.0
0.0
0.0
0.0
0.0
0.0
0.0
0.0
0.0
0.0
0.0
0.0
0.0
0.0
0.0
0.0
0.0
0.0
0.0
0.0
0.0
0.0
0.0
0.0033882215582064475
0.0
0.0
0.0
0.0
0.0
0.0
0.0
0.0
0.04275459585529388
0.0
0.0
0.0
0.0
0.0
0.0
0.0
0.0
0.0
0.0
0.0
0.0
0.0
0.0
0.0
0.0
0.0
0.0
0.0
0.0
0.0
0.0
0.0
0.0
0.0
0.0
0.0
0.009389587813953592
0.0
0.0
0.0
0.0
0.0
0.0
0.0
0.010276825841276531
0.0
0.0
0.0
0.0
0.0
0.0
0.0
0.0
0.0
0.0
0.0
0.0
0.0
0.0
0.0
0.0
0.0
0.0
0.0
0.0
0.0
0.0
0.0
0.0
0.0
0.0
0.0
0.0
0.019602821873001053
0.0
0.0
0.0
0.0
0.0
0.0021377297927646934
0.0
0.030654724574943337
0.0
0.0
0.0
0.0
0.0
0.0
0.0
0.0
0.0
0.0
0.0
0.0
0.0
0.0
0.0
0.0
0.0
0.0
0.0
0.0
0.0
0.0
0.0
0.0
0.0
0.0
0.0
0.0
0.0
0.0
0.0
0.0
0.0
0.0
0.0
0.0
0.0
0.0
0.0
0.0
0.0
0.0
0.0
0.0
0.0
0.0
0.0
0.0
0.0
0.0
0.0
0.0
0.0
0.0
0.0
0.0
0.0
0.0
0.0
0.0
0.0
0.0
0.0
0.0
0.0
0.0
0.0
0.0
0.0
0.0
0.0
0.0
0.0
0.0
0.0
0.0
0.0
0.0
0.0
0.0
0.0
0.0
0.0
0.0
0.0
0.0
0.0
0.0
0.0
0.0
0.0
0.0
0.0
0.0
0.0
0.0
0.0
0.0
0.0
0.0
0.0
0.0033882215582064475
0.0
0.0
0.0
0.0
0.00641318937829408
0.0
0.0
0.0
0.0
0.0
0.0
0.01113640366372331
0.0
0.0
0.0
0.0
0.0
0.0
0.0
0.0
0.0
0.0
0.0
0.0
0.0
0.0
0.0
0.0
0.0
0.0
0.0
0.0
0.0
0.0
0.0
0.0
0.0
0.0
0.0
0.0
0.0
0.005525951350971141
0.0
0.0
0.0
0.0
0.0
0.0
0.0
0.0
0.0
0.0
0.0
0.0
0.0
0.0
0.0
0.0
0.0
0.0
0.0
0.0
0.0
0.0
0.0
0.0
0.0
0.0
0.0
0.0
0.0
0.0
0.0
0.0
0.0
0.0
0.0
0.0
0.0
0.0
0.0
0.0
0.0
0.0
0.0
0.0
0.0
0.0
0.0
0.03581742218779566
0.0
0.0
0.0
0.0
0.0
0.0
0.0
0.0
0.010276825841276531
0.0
0.0
0.0
0.0
0.0
0.0
0.01113640366372331
0.0
0.0
0.0
0.008139096048511837
0.0
0.0
0.0
0.0
0.02387828145853044
0.0
0.0
0.0
0.0
0.0
0.0
0.006776443116412895
0.0
0.0
0.0
0.0
0.0
0.0
0.010164664674619343
0.0
0.0
0.0
0.0
0.0
0.0
0.0021377297927646934
0.006776443116412895
0.0
0.0
0.0
0.0
0.0
0.0
0.0
0.0
0.010489606216069222
0.0
0.0
0.0
0.0
0.0
0.006001366255747144
0.0
0.0
0.0
0.0
0.0
0.0
0.0
0.0
0.0
0.0
0.0
0.0
0.0
0.007395330037193137
0.0
0.0
0.0
0.0
0.0
0.0
0.0
0.0
0.0
0.0
0.0
0.020553651682553062
0.0
0.0
0.0
0.022753688486784326
0.0
0.0
0.0
0.010164664674619343
0.0
0.0
0.0
0.01068864896382347
0.0
0.0
0.0
0.0
0.0
0.022991043431207506
0.0
0.0
0.0
0.0
0.0
0.0
0.0
0.0
0.0
0.008139096048511837
0.0
0.0
0.0
0.0
0.0
0.017828345818355178
0.0
0.020553651682553062
0.0
0.0
0.0
0.0
0.0
0.0
0.01004827002456469
0.0033882215582064475
0.0
0.0
0.0
0.0
0.0
0.0
0.0
0.0
0.0
0.0
0.011298761790006445
0.0
0.0
0.0
0.0
0.0
0.0
0.0
0.0
0.0
0.0
0.0
0.0
0.0
0.0
0.0
0.0
0.0
0.0
0.0
0.0
0.0
0.0
0.0
0.0
0.0
0.0
0.0
0.0
0.0
0.0
0.0
0.0
0.0
0.0
0.0
0.0
0.0
0.0
0.0
0.0596957036463261
0.0
0.0
0.0
0.0
0.0
0.0
0.008914172909177589
0.0
0.0
0.0
0.0
0.0
0.011452998536558285
0.0
0.0
0.010783551595399586
0.0
0.0
0.0
0.0
0.0
0.0
0.0
0.0
0.0
0.0
0.0
0.0
0.0
0.0
0.0
0.0
0.0
0.0
0.0
0.0
0.0
0.0
0.0
0.0
0.0
0.0
0.0071013846578627735
0.0
0.0
0.0
0.0
0.0
0.0
0.0
0.0
0.0
0.0
0.0
0.0
0.0
0.0
0.0
0.0
0.0
0.0
0.0
0.0
0.0
0.0
0.0
0.0
0.0
0.0
0.0
0.0
0.0
0.0
0.0
0.0
0.0
0.0
0.0
0.0
0.0
0.0
0.0
0.0
0.0
0.0
0.0
0.0
0.00641318937829408
0.0
0.0
0.0
0.0
0.0
0.0
0.0
0.0049636548650980805
0.0
0.0
0.0
0.0
0.0
0.0
0.011807882955644703
0.0
0.0
0.0
0.0
0.04749684029915965
0.0
0.0
0.1359488339252034
0.0
0.0
0.0
0.0
0.0
0.0
0.008139096048511837
0.0
0.0
0.0
0.0
0.0
0.0
0.009080921202993196
0.0
0.0
0.0
0.0
0.0
0.0
0.0
0.0
0.0
0.0
0.0
0.0
0.0
0.0
0.0
0.0
0.0
0.0
0.0
0.0
0.0
0.0
0.0
0.0
0.0
0.0
0.0
0.0
0.0
0.0
0.0
0.0
0.0
0.0
0.0
0.0
0.0
0.0
0.0
0.0
0.0
0.0
0.0
0.0
0.0
0.0
0.0
0.0
0.0
0.0
0.0
0.0
0.0
0.0
0.0
0.0
0.0
0.0
0.0
0.0
0.0
0.0
0.0
0.0
0.0
0.0
0.0
0.0
0.0
0.0
0.0
0.0
0.0
0.0
0.0
0.0
0.0
0.0
0.0
0.0
0.0
0.0
0.0
0.0
0.0
0.0
0.0
0.0
0.0
0.0
0.0
0.0
0.0
0.0
0.020770101411937768
0.0
0.0
0.0
0.0
0.0
0.0
0.0
0.0
0.0
0.0
0.0
0.0
0.0
0.0
0.0
0.0
0.0
0.0
0.0049636548650980805
0.0
0.0
0.0
0.01004827002456469
0.0
0.0
0.0
0.0
0.0
0.0
0.0
0.0
0.0
0.0
0.0
0.0
0.0
0.0
0.0
0.0
0.0
0.0
0.01068864896382347
0.0
0.0
0.0
0.0
0.0
0.0
0.011452998536558285
0.0
0.0
0.0
0.0
0.0
0.0
0.0
0.0
0.0
0.0
0.0
0.0
0.0
0.0
0.0
0.0
0.009080921202993196
0.0
0.0
0.0
0.0
0.0
0.0
0.0
0.0
0.0
0.06826106546035297
0.0
0.0
0.0
0.0
0.0
0.0
0.0
0.0
0.0
0.0
0.0
0.0
0.00953305982995783
0.0
0.0
0.0049636548650980805
0.009239114450627467
0.0
0.0
0.0
0.0
0.0
0.0
0.0
0.0
0.0
0.0
0.0
0.0
0.0
0.024371999634658772
0.0
0.0
0.0
0.0
0.0
0.009389587813953592
0.020329329349238687
0.0
0.0
0.010590733051918943
0.0
0.0
0.0
0.0
0.0
0.0
0.0
0.0
0.0
0.0
0.0
0.0
0.0
0.0
0.0
0.0
0.0
0.0
0.0
0.0
0.0
0.0
0.0
0.0
0.0
0.007395330037193137
0.0
0.0
0.0
0.0
0.0
0.0
0.0
0.0
0.0
0.0
0.0
0.0
0.0
0.0
0.0
0.0
0.0
0.0
0.010489606216069222
0.0
0.0
0.0
0.0
0.0
0.03581742218779566
0.0
0.0
0.0
0.0
0.0
0.0
0.0
0.0
0.0
0.0
0.0
0.0
0.0
0.0
0.0
0.0
0.0
0.0
0.0
0.0
0.0
0.0
0.0
0.0
0.0
0.0
0.0
0.0
0.0
0.0
0.0
0.0
0.0
0.0
0.0
0.0
0.0
0.0
0.0
0.0
0.0
0.0
0.0
0.0
0.0
0.0
0.0
0.0
0.0
0.0
0.0
0.0
0.0
0.0
0.0
0.0
0.12414555634041226
0.0
0.0
0.0
0.0
0.0
0.0
0.0
0.0
0.0
0.0
0.0
0.0
0.0
0.0
0.0
0.0
0.0
0.0
0.0
0.0
0.0
0.0
0.0
0.0
0.0
0.0
0.017101838342117547
0.006001366255747144
0.0
0.0
0.0
0.0
0.0
0.0
0.0
0.0
0.008139096048511837
0.0
0.0
0.0
0.0
0.0
0.0
0.0
0.0
0.0
0.0
0.0
0.036734238618918114
0.021181466103837886
0.0
0.0
0.0
0.0
0.006001366255747144
0.0
0.0
0.0
0.0
0.0
0.0
0.0
0.0
0.0
0.0
0.0
0.0
0.0
0.0
0.0
0.0
0.02259752358001289
0.0
0.01121865099575789
0.0
0.2938739089513449
0.0
0.0
0.0
0.0
0.0
0.008914172909177589
0.0
0.0
0.0
0.0
0.0
0.0
0.0
0.0
0.0
0.0
0.0
0.0
0.0
0.0
0.03707695470687366
0.0
0.0
0.0
0.0
0.0
0.0
0.0
0.0
0.0
0.0
0.0
0.0
0.0
0.0
0.0
0.0
0.0
0.0
0.0
0.0
0.0
0.0
0.0
0.0
0.0
0.0
0.0
0.0
0.0
0.012302394467384037
0.0
0.0
0.0
0.0
0.0
0.0
0.0
0.0
0.0
0.0
0.0
0.0
0.0
0.0
0.0
0.0
0.0
0.0
0.0
0.0
0.0
0.0
0.007395330037193137
0.0
0.0
0.0
0.0
0.0
0.0
0.0
0.0
0.0
0.0
0.0
0.0
0.0
0.0
0.0
0.0
0.0
0.0
0.0
0.0
0.0
0.0
0.0
0.0
0.0
0.0
0.0
0.0
0.0
0.0
0.0
0.0
0.0
0.0
0.0
0.0
0.0
0.0
0.0
0.0
0.0
0.0
0.0
0.0
0.0
0.0
0.0
0.019602821873001053
0.00641318937829408
0.0
0.0
0.0
0.0
0.0
0.0
0.0
0.0
0.0
0.0
0.0
0.0
0.0
0.0
0.0
0.0
0.0
0.0
0.0
0.0
0.0
0.0
0.0
0.0
0.0
0.0
0.0
0.0
0.0
0.0
0.0
0.0
0.0
0.0
0.0
0.0
0.0
0.0
0.0
0.0
0.0
0.0
0.01068864896382347
0.0
0.0
0.0
0.0
0.0
0.0
0.0
0.0
0.0
0.0
0.0
0.0
0.0
0.0
0.0
0.0
0.0
0.0
0.0
0.0
0.0
0.0
0.0
0.0
0.0
0.0
0.0
0.03389628537001933
0.0
0.0
0.0
0.0
0.0
0.0
0.0
0.060929999086646924
0.0
0.0
0.0
0.0
0.0
0.0
0.0
0.0
0.0
0.0
0.0
0.0
0.0
0.0
0.0
0.0
0.0
0.0
0.0
0.008351876423304528
0.0
0.0
0.0
0.048743999269317544
0.0
0.0
0.0
0.0
0.0
0.0
0.01906611965991566
0.0
0.0
0.022103805403884565
0.0
0.0
0.0
0.0
0.0
0.0
0.0
0.02227280732744662
0.0
0.0
0.0
0.0
0.008550919171058774
0.0
0.008351876423304528
0.0
0.0
0.0
0.0
0.0
0.0
0.0
0.0
0.0
0.0
0.0
0.0
0.0
0.0
0.0
0.0
0.0
0.0
0.0
0.0
0.0
0.0
0.0
0.0
0.0
0.0
0.0
0.0
0.010965021120845226
0.0
0.0
0.0
0.0
0.0
0.0
0.0
0.0
0.0
0.0
0.0
0.0
0.0
0.0
0.0
0.0
0.0
0.0
0.0
0.0
0.0
0.0
0.0
0.0
0.0
0.0
0.0
0.0
0.0
0.0
0.0
0.17380377887657716
0.007910540231799996
0.0
0.0
0.0
0.0
0.0
0.0
0.0
0.0
0.0
0.0
0.060929999086646924
0.0
0.0
0.0
0.0
0.0
0.0
0.0
0.0
0.0
0.0
0.0
0.05525951350971141
0.0049636548650980805
0.0
0.0
0.0
0.06681842198233987
0.0
0.0
0.021930042241690453
0.0
0.0
0.0
0.0
0.0
0.019854619460392322
0.0
0.0
0.03458195282015485
0.0
0.0
0.0
0.0
0.0
0.0
0.0
0.0
0.0
0.0
0.0
0.0
0.0
0.0
0.0
0.010875620885324167
0.0
0.0
0.01282637875658816
0.0
0.0
0.0
0.0
0.0
0.0
0.0
0.0
0.0
0.0
0.0
0.0
0.0
0.0
0.0
0.0
0.0
0.0
0.0021377297927646934
0.0
0.0
0.0
0.0
0.0071013846578627735
0.010875620885324167
0.0
0.0
0.02137729792764694
0.0
0.0
0.0
0.0
0.0
0.010875620885324167
0.0
0.0
0.0
0.0
0.0
0.0
0.0
0.0
0.0
0.0
0.0
0.0
0.0
0.0
0.0
0.0
0.01355288623282579
0.0
0.0
0.0
0.0
0.0
0.0
0.0
0.0
0.0
0.0
0.0
0.0
0.007663681143735834
0.0
0.0
0.0
0.0
0.0
0.02859917948987349
0.0
0.0
0.0
0.0
0.0
0.0
0.0
0.0
0.043860084483380905
0.0
0.0
0.0
0.0
0.0
0.0
0.0
0.0
0.0
0.0
0.0
0.0
0.0
0.0
0.0
0.0
0.020770101411937768
0.0
0.0
0.0
0.0
0.005525951350971141
0.0
0.0
0.0
0.0
0.0
0.0
0.0
0.0
0.0
0.0
0.0
0.0
0.0
0.0
0.0
0.0
0.05903941477822352
0.0
0.0
0.0
0.0
0.0
0.0
0.0
0.0
0.0
0.0
0.0
0.0
0.0
0.0
0.0
0.0
0.0
0.0
0.0
0.0
0.0
0.0
0.0
0.0
0.0
0.0
0.0
0.0
0.0
0.0
0.0
0.0
0.0
0.01355288623282579
0.0
0.0
0.0
0.0
0.0
0.014202769315725547
0.006776443116412895
0.0
0.0
0.0
0.0
0.0021377297927646934
0.0
0.0
0.0
0.0
0.0
0.0
0.0
0.0
0.0
0.0
0.0
0.0
0.0
0.0
0.0
0.0
0.011051902701942283
0.0
0.0
0.0
0.0
0.0
0.0
0.0
0.0
0.0
0.11173100070637101
0.0
0.0
0.0
0.0
0.0
0.0
0.0
0.0
0.0
0.0
0.0
0.0
0.0
0.0
0.0
0.0
0.0
0.0
0.0
0.0
0.0
0.0
0.0
0.0
0.0
0.0
0.0
0.0
0.0
0.09700890120612736
0.0
0.0
0.0
0.0
0.0
0.0
0.0
0.0
0.0
0.0
0.0
0.0
0.0
0.0
0.0
0.0
0.0
0.0
0.0
0.0
0.0
0.0
0.0
0.0
0.0
0.0
0.0
0.0
0.0
0.0
0.0
0.03707695470687366
0.022753688486784326
0.0
0.0
0.0
0.0
0.0
0.0
0.0
0.0
0.0
0.011740097981510976
0.0
0.0
0.0
0.0
0.0
0.0
0.0
0.0
0.0
0.0
0.0
0.0
0.0
0.0
0.0
0.01004827002456469
0.0
0.004275459585529387
0.0
0.0
0.0
0.0
0.0
0.0
0.0
0.0
0.0
0.011452998536558285
0.0
0.0
0.0
0.009670153162880009
0.0
0.0
0.0
0.0
0.0
0.0
0.005525951350971141
0.0
0.0
0.0
0.0
0.0
0.0
0.0
0.0
0.0
0.0
0.0
0.0
0.0
0.0
0.0
0.0
0.0
0.0
0.0
0.0
0.0
0.0
0.009389587813953592
0.012002732511494288
0.0
0.0
0.0
0.0
0.0
0.0
0.0
0.0
0.0
0.0
0.0
0.0
0.0
0.0
0.0
0.0
0.0
0.0
0.0
0.011874210074789912
0.0
0.0
0.0
0.0
0.0
0.0
0.0
0.006001366255747144
0.0
0.0
0.0
0.0
0.0
0.0
0.0
0.006776443116412895
0.0
0.0
0.0
0.0
0.007395330037193137
0.008914172909177589
0.0
0.0
0.0
0.0
0.009080921202993196
0.0
0.0
0.0
0.03340921099116993
0.0
0.0
0.0
0.0
0.0
0.0
0.0
0.0
0.0
0.0
0.0
0.0
0.0
0.0
0.0
0.0
0.0
0.01193914072926522
0.0
0.0
0.0
0.0
0.0
0.0
0.0
0.0
0.0
0.0
0.0
0.0
0.0
0.0
0.0
0.006776443116412895
0.0
0.0
0.0
0.0
0.018478228901254935
0.024005465022988576
0.0
0.0
0.0
0.0
0.0
0.0
0.0
0.08611676127168826
0.0
0.0
0.0
0.0
0.0
0.0
0.006001366255747144
0.0
0.0
0.0
0.0
0.0
0.0
0.0
0.0
0.0
0.0
0.0
0.0
0.0
0.0
0.0
0.0
0.0
0.0
0.020329329349238687
0.01004827002456469
0.0
0.0
0.0
0.0
0.0
0.008914172909177589
0.007910540231799996
0.0
0.004275459585529387
0.0
0.0
0.0
0.0
0.0
0.0
0.010965021120845226
0.0
0.0
0.023615765911289405
0.0
0.0
0.0
0.0
0.0
0.0
0.0
0.0
0.020770101411937768
0.0
0.0
0.006776443116412895
0.0
0.03389628537001933
0.0
0.0
0.0
0.0
0.0
0.0
0.0
0.0
0.0
0.0
0.0
0.009801410936500526
0.010489606216069222
0.0
0.0
0.0
0.0
0.0
0.0
0.0
0.0
0.0
0.0
0.0
0.0
0.0
0.0
0.0
0.0
0.0
0.0
0.023341579245445047
0.0
0.0
0.0
0.0
0.0
0.007395330037193137
0.0
0.0
0.0
0.0
0.0
0.0
0.0
0.0
0.0
0.010875620885324167
0.0
0.0984191557390723
0.021181466103837886
0.0
0.0
0.0
0.009670153162880009
0.0
0.0
0.0
0.0
0.0
0.0
0.0
0.0033882215582064475
0.0
0.0
0.0
0.006776443116412895
0.0
0.0
0.0
0.0
0.0
0.0
0.010590733051918943
0.0
0.0
0.0
0.0
0.0
0.0
0.0
0.0
0.0049636548650980805
0.0
0.0
0.0
0.0
0.0
0.0
0.0
0.0
0.0
0.0
0.0
0.0
0.0
0.0
0.011298761790006445
0.007395330037193137
0.0021377297927646934
0.0
0.0
0.0
0.0
0.0
0.0
0.0
0.0
0.0
0.0
0.0
0.0
0.0
0.0
0.0
0.0
0.0
0.011874210074789912
0.0
0.011740097981510976
0.0
0.006776443116412895
0.0
0.0
0.0
0.0
0.0
0.0
0.0
0.0
0.0
0.0
0.0
0.0
0.0
0.0
0.0
0.0
0.0
0.0
0.010276825841276531
0.0
0.0
0.0
0.01113640366372331
0.0
0.0
0.0
0.0
0.0
0.0
0.0
0.0
0.0
0.0
0.0
0.0
0.0
0.0
0.0
0.0
0.0
0.0
0.0
0.0
0.0
0.0
0.0
0.0
0.0
0.0
0.0
0.0
0.0
0.0
0.02227280732744662
0.0
0.0
0.0
0.0
0.0
0.0
0.0
0.004275459585529387
0.0
0.03413053273017649
0.0
0.0
0.0
0.0
0.01212611265076592
0.0
0.0
0.0
0.0
0.0
0.0
0.0
0.0
0.0
0.00641318937829408
0.0
0.0
0.0
0.0
0.0
0.0
0.0
0.0
0.0
0.0
0.0
0.0
0.0
0.0
0.0
0.0
0.0
0.0
0.0
0.008139096048511837
0.0
0.0
0.0
0.0
0.0
0.0
0.0
0.0
0.0
0.0
0.0
0.0
0.0
0.0
0.0
0.0
0.008351876423304528
0.0
0.0
0.0
0.03458195282015485
0.0
0.0
0.0
0.0
0.0
0.0
0.0
0.0
0.0
0.0
0.0
0.0
0.04920957786953615
0.0
0.0
0.0033882215582064475
0.0
0.0
0.023480195963021953
0.0
0.0
0.0
0.0
0.0
0.0
0.0
0.0
0.0
0.0
0.0
0.0
0.009389587813953592
0.0
0.0
0.0
0.0
0.0
0.011298761790006445
0.0
0.0
0.0
0.0
0.0
0.0
0.0
0.0
0.0
0.0
0.0
0.0
0.0
0.0
0.02290599707311657
0.049435939609164876
0.0
0.005525951350971141
0.0
0.0
0.021751241770648334
0.0
0.0
0.0
0.0
0.0
0.0
0.0
0.0
0.0
0.024371999634658772
0.04519504716002578
0.0
0.0
0.0
0.0
0.006776443116412895
0.0
0.0
0.0
0.027629756754855704
0.0
0.0
0.0
0.0
0.0
0.0
0.021751241770648334
0.0
0.0
0.0
0.0
0.0
0.04723153182257881
0.0
0.0
0.0
0.0
0.0
0.0
0.0
0.0
0.0
0.0
0.0
0.0
0.0
0.0
0.0
0.0
0.0
0.0
0.0
0.0
0.0
0.0
0.02387828145853044
0.0
0.060929999086646924
0.0
0.0
0.0
0.0
0.0
0.0
0.0
0.0
0.009927309730196161
0.0
0.0
0.0
0.0
0.0
0.0
0.0
0.0
0.0
0.0
0.0
0.0
0.0
0.0
0.0
0.0
0.0
0.0
0.0
0.0
0.0
0.0
0.0
0.0
0.0
0.0
0.037243666902123676
0.0
0.01121865099575789
0.0
0.0
0.0
0.02290599707311657
0.0
0.02425222530153184
0.0
0.0
0.0
0.0
0.0
0.0
0.0
0.0
0.0
0.0
0.0
0.0
0.009239114450627467
0.011527317606718285
0.01113640366372331
0.0
0.0
0.0
0.0
0.0
0.0
0.0
0.0
0.0
0.0
0.0
0.0
0.0
0.0
0.0
0.0
0.0
0.0
0.0
0.0
0.0
0.0
0.0
0.0
0.0
0.0
0.0021377297927646934
0.0
0.0
0.009080921202993196
0.0
0.0
0.0
0.0
0.010164664674619343
0.0
0.0
0.0
0.0
0.0
0.0
0.0
0.0
0.0
0.0
0.007395330037193137
0.0
0.0
0.0
0.04195842486427689
0.0
0.0
0.0
0.0
0.0
0.0
0.0
0.08690188943828858
0.0
0.0
0.024489492412612075
0.0
0.0
0.033155708105826846
0.0
0.0
0.0
0.0
0.0
0.0
0.0
0.0
0.0
0.010385050705968884
0.0
0.0
0.0
0.0
0.0
0.0
0.0
0.0
0.0
0.0
0.0
0.0
0.0
0.0
0.0
0.036734238618918114
0.0
0.0
0.0
0.0
0.0
0.010783551595399586
0.0
0.0
0.0
0.0
0.0
0.0
0.0
0.0
0.04850445060306368
0.0
0.0
0.0
0.0
0.0
0.3351930021191131
0.0
0.0
0.0
0.0
0.061511972336920184
0.0
0.0
0.0
0.0
0.0
0.0
0.0
0.0021377297927646934
0.0
0.0
0.0
0.0
0.0
0.0
0.0
0.0
0.0
0.0
0.0
0.0
0.0
0.0
0.0
0.0
0.0
0.0
0.0
0.0
0.0
0.0
0.0
0.0
0.0
0.0
0.0
0.0
0.0
0.0
0.0
0.0
0.0
0.0
0.0
0.0
0.0
0.0
0.0
0.0
0.0
0.0
0.02137729792764694
0.0
0.0
0.0
0.0
0.0
0.0
0.0
0.0
0.004275459585529387
0.0
0.0
0.0
0.0
0.0
0.0
0.0
0.0
0.0
0.0
0.0
0.0
0.0
0.0
0.0
0.0
0.0
0.0
0.0
0.0
0.0
0.0
0.0
0.0
0.0
0.0
0.0
0.0
0.0
0.0
0.0
0.0
0.011599887829555677
0.0
0.0
0.0
0.0
0.0
0.0
0.0
0.008737891092559473
0.0
0.0
0.0
0.0
0.0
0.0
0.0
0.0
0.0
0.0
0.0
0.0
0.0
0.0
0.0
0.0
0.0
0.0
0.0
0.0
0.009670153162880009
0.0
0.0
0.0
0.0
0.0
0.0
0.010783551595399586
0.0
0.0
0.0
0.0
0.0
0.0
0.0
0.0
0.0
0.0
0.0
0.0
0.0
0.0
0.0
0.09406011088164651
0.0
0.0
0.0
0.08690188943828858
0.0
0.021751241770648334
0.0
0.004275459585529387
0.0
0.0
0.0
0.0
0.0
0.0
0.0
0.0
0.0
0.0
0.0
0.0
0.0
0.0
0.0
0.0
0.0
0.0
0.031155152117906655
0.0
0.0
0.0
0.0
0.0
0.0
0.0
0.0
0.0
0.0
0.0
0.0
0.0
0.0
0.0049636548650980805
0.0
0.010688648963823467
0.0
0.0
0.0
0.0
0.010276825841276531
0.0
0.0
0.0
0.0
0.0
0.0
0.0
0.0
0.0
0.0
0.0
0.0
0.0
0.0
0.0021377297927646934
0.0
0.0
0.0
0.0
0.0
0.010489606216069222
0.0
0.0
0.0
0.0
0.0
0.07163484437559133
0.0
0.0
0.0
0.0
0.0
0.0
0.0
0.0
0.0
0.009239114450627467
0.0
0.0
0.0
0.0
0.0
0.0
0.0
0.0
0.0
0.0
0.0
0.0
0.0
0.0
0.0
0.0
0.0
0.0
0.0
0.0
0.0
0.0
0.0
0.0
0.0
0.0
0.009801410936500526
0.0
0.0
0.0
0.0
0.0
0.0
0.0
0.0
0.008139096048511837
0.0
0.0
0.0
0.0
0.0
0.0
0.0
0.0
0.0
0.0
0.00641318937829408
0.0021377297927646934
0.0
0.0
0.0
0.0
0.0
0.0
0.0
0.0
0.0
0.0
0.0
0.0
0.0
0.0
0.0
0.0
0.0
0.0
0.011051902701942283
0.01113640366372331
0.0
0.0
0.0
0.0
0.0
0.0
0.0
0.0
0.0
0.0
0.0
0.0
0.0
0.0
0.0
0.0
0.0
0.0
0.0
0.0
0.0
0.0
0.0
0.0
0.0
0.0
0.0
0.0
0.0
0.0
0.0
0.0
0.0
0.0
0.0
0.0
0.0
0.0
0.0
0.0
0.0
0.0
0.0
0.0
0.0
0.0
0.0
0.0
0.0
0.024371999634658772
0.0
0.0
0.0
0.0
0.0
0.0
0.0
0.0
0.0
0.0
0.0
0.0
0.0
0.0
0.0
0.0
0.0
0.0
0.006001366255747144
0.0
0.0021377297927646934
0.0
0.0
0.0
0.0
0.0
0.0
0.0
0.0
0.0
0.0
0.0
0.0
0.0
0.007395330037193137
0.0
0.020770101411937768
0.0
0.0
0.0
0.0
0.0
0.0
0.0
0.0
0.0
0.0
0.0
0.007910540231799996
0.0
0.0
0.006776443116412895
0.018779175627907183
0.0
0.0
0.0
0.0
0.0
0.0
0.0
0.0
0.0
0.0
0.0
0.0
0.0
0.009670153162880009
0.0
0.0
0.008351876423304528
0.0
0.0
0.008737891092559473
0.0
0.0
0.0
0.0
0.0
0.0
0.0
0.0
0.0
0.0
0.0
0.0
0.0
0.0
0.0
0.0
0.0
0.006776443116412895
0.0
0.0
0.0
0.014790660074386274
0.0
0.0
0.0
0.0
0.0
0.0
0.0
0.00953305982995783
0.0
0.0
0.0
0.0
0.0
0.0
0.0
0.0
0.0
0.0
0.0
0.0
0.0
0.0
0.0
0.006776443116412895
0.010590733051918943
0.0
0.0
0.0
0.0
0.0
0.0
0.011298761790006445
0.0
0.0
0.0
0.0
0.0
0.0
0.0
0.0
0.0
0.0
0.0
0.0
0.0
0.0
0.0
0.0
0.0
0.0
0.0
0.0
0.0
0.0
0.0
0.0
0.008139096048511837
0.0
0.0
0.024489492412612075
0.0
0.016278192097023674
0.0
0.0
0.0
0.0
0.0
0.0
0.0
0.0
0.0
0.0
0.0
0.0
0.0
0.0
0.0
0.0
0.0
0.0
0.0
0.0
0.0
0.0
0.0
0.0
0.0
0.0
0.0
0.0
0.0
0.01121865099575789
0.006001366255747144
0.0
0.0
0.0
0.0
0.0
0.0
0.0
0.0
0.006001366255747144
0.0
0.0
0.0
0.0
0.009239114450627467
0.0
0.0
0.0
0.0
0.0
0.0
0.0
0.0
0.0
0.0
0.0
0.0
0.0
0.0
0.0033882215582064475
0.0
0.0033882215582064475
0.0049636548650980805
0.0
0.0049636548650980805
0.0
0.0
0.0
0.0
0.0
0.0
0.0691639056403097
0.0
0.0
0.0
0.0
0.0
0.0
0.0
0.018478228901254935
0.010783551595399586
0.0
0.0
0.0
0.0
0.0
0.0
0.0
0.0
0.0
0.0
0.0
0.0
0.0
0.05726499268279142
0.025055629269913587
0.0049636548650980805
0.0
0.0
0.0
0.0
0.0
0.0
0.0
0.0
0.0
0.0
0.0
0.0
0.0
0.0
0.0033882215582064475
0.0
0.0
0.0
0.0
0.0
0.0
0.0
0.0
0.0
0.0
0.0
0.0
0.0
0.004275459585529387
0.0
0.0
0.0
0.0
0.0
0.0
0.0
0.009239114450627467
0.0
0.0
0.0
0.0
0.0
0.0
0.0
0.0
0.0
0.010875620885324167
0.0
0.0
0.021181466103837886
0.0
0.0
0.0
0.0
0.0
0.0
0.0
0.0
0.0
0.0
0.0
0.0
0.0
0.0
0.0
0.0
0.0
0.0
0.0
0.06779257074003867
0.0
0.0
0.0
0.0
0.0
0.0
0.0
0.0
0.0
0.0
0.0
0.0
0.0
0.0
0.0
0.0
0.0
0.0
0.0
0.0
0.0
0.0
0.0
0.0
0.0
0.0
0.0
0.0
0.0
0.0
0.008351876423304528
0.0
0.0
0.0
0.0
0.0
0.0
0.0
0.0
0.0
0.012302394467384037
0.0
0.010965021120845226
0.0
0.0
0.0
0.0
0.0
0.007395330037193137
0.0
0.0
0.0
0.0
0.018779175627907183
0.0
0.0
0.0
0.0
0.0
0.0
0.0
0.0
0.0
0.0
0.0
0.0
0.0
0.0
0.0
0.0
0.0
0.0
0.010783551595399586
0.0
0.0049636548650980805
0.0
0.0
0.021930042241690453
0.0
0.0
0.0
0.0
0.0
0.0
0.00641318937829408
0.0
0.0
0.0
0.0
0.0
0.0
0.0
0.0
0.0
0.0
0.0
0.0
0.0
0.0
0.0
0.0
0.014202769315725547
0.0
0.0
0.0
0.0
0.0
0.0
0.0
0.0
0.0
0.0
0.0
0.0
0.0
0.0
0.0
0.0
0.0
0.0
0.0
0.0
0.0
0.008139096048511837
0.0
0.0
0.0
0.0
0.0
0.0
0.0
0.0
0.0
0.0
0.0
0.008550919171058774
0.0
0.0
0.0
0.0
0.0
0.0
0.0
0.0
0.0
0.0
0.0
0.0
0.0
0.0
0.0
0.0
0.0
0.0
0.0
0.0
0.0
0.0
0.0
0.0
0.0
0.0
0.0
0.0
0.0
0.0
0.0
0.0
0.0
0.0
0.0
0.0
0.0
0.0
0.0
0.0
0.0
0.0
0.0
0.0
0.0
0.0
0.0
0.0
0.0
0.0
0.03177219915575683
0.0
0.0
0.0
0.0
0.0
0.0
0.0
0.0
0.0
0.0
0.0
0.0
0.02387828145853044
0.0
0.0
0.0
0.0
0.0
0.0
0.0
0.0071013846578627735
0.0
0.0
0.0
0.0
0.0
0.0
0.0
0.01906611965991566
0.0
0.0
0.0
0.0
0.0
0.0
0.0
0.0
0.0
0.0
0.0
0.0
0.0
0.0
0.0
0.0
0.0
0.0
0.0
0.0
0.0
0.017828345818355178
0.0
0.0
0.0
0.0
0.0
0.0
0.0
0.0
0.0
0.0
0.0
0.0
0.0
0.0
0.0
0.0
0.0
0.0
0.0
0.010164664674619343
0.0
0.0
0.0
0.0
0.0
0.0
0.0
0.0
0.0
0.0
0.0
0.11173100070637101
0.0
0.0
0.0
0.0
0.0
0.0
0.0
0.0
0.0
0.0
0.0
0.02387828145853044
0.0
0.0
0.0
0.02137729792764694
0.0
0.01113640366372331
0.0
0.0
0.0
0.0
0.0
0.0
0.010385050705968884
0.0
0.0
0.0
0.0
0.0
0.0
0.0
0.0
0.0
0.0
0.0
0.0
0.0
0.0
0.0
0.0
0.01121865099575789
0.0
0.0
0.0
0.03562263022436974
0.0
0.0
0.0
0.0
0.0
0.0
0.0
0.0
0.0
0.0
0.0
0.0
0.0
0.0
0.0
0.0
0.011874210074789912
0.0
0.0
0.0
0.0
0.0
0.0
0.0
0.0
0.0
0.0
0.0
0.0
0.0
0.0
0.0
0.0
0.0
0.0
0.0
0.0
0.0
0.0
0.0
0.0
0.0
0.0
0.0
0.010276825841276531
0.0
0.011527317606718285
0.0
0.0
0.0
0.010164664674619343
0.0
0.0
0.0
0.023480195963021953
0.0
0.0
0.0
0.0
0.0
0.0
0.0
0.0
0.0
0.01113640366372331
0.0
0.0
0.0
0.0
0.0
0.0
0.0
0.0
0.0
0.0
0.0
0.0
0.0
0.0
0.0
0.0
0.0
0.0
0.0
0.0
0.007910540231799996
0.0049636548650980805
0.0
0.0
0.0
0.0
0.0
0.0
0.0
0.0
0.0033882215582064475
0.0
0.0
0.0
0.0
0.01004827002456469
0.0
0.0
0.01068864896382347
0.0
0.0
0.0
0.0
0.0
0.0
0.0
0.0
0.0
0.0
0.0
0.0
0.0
0.0
0.0
0.0
0.0
0.0
0.0
0.0
0.0
0.0
0.006001366255747144
0.0
0.0
0.0
0.0
0.0
0.0
0.0
0.0
0.0
0.049435939609164876
0.0
0.0
0.0
0.0
0.0
0.0
0.019340306325760018
0.0071013846578627735
0.0
0.0
0.0
0.0
0.0
0.0
0.0
0.0
0.0
0.00953305982995783
0.0
0.0
0.0
0.019602821873001053
0.02243730199151578
0.0
0.0
0.010385050705968884
0.0
0.0
0.0
0.0
0.0
0.0
0.0
0.0
0.008550919171058774
0.0
0.0
0.0
0.0
0.0
0.008550919171058774
0.0
0.0
0.0
0.0
0.0
0.0
0.0
0.0
0.0
0.0
0.008914172909177589
0.0
0.0
0.0
0.0
0.0
0.0
0.0
0.0
0.0
0.0
0.0
0.0
0.0
0.0
0.0
0.07163484437559133
0.0
0.0
0.0
0.0
0.0
0.0
0.0
0.0
0.0
0.0
0.008914172909177589
0.0
0.0
0.0
0.0
0.0
0.0
0.0
0.0
0.0
0.0
0.0
0.0
0.0
0.0
0.0
0.0
0.0
0.0
0.0
0.0
0.0
0.0
0.0
0.0
0.0
0.0
0.0
0.0
0.0
0.0
0.0
0.0
0.0
0.0
0.0
0.0
0.006001366255747144
0.0
0.0
0.0
0.0
0.0
0.0
0.0
0.0
0.0
0.0
0.0
0.0
0.0
0.024717969804582438
0.0
0.0
0.0
0.0
0.0
0.0
0.0
0.0
0.0
0.0
0.0
0.0
0.0
0.0
0.0
0.0
0.0
0.0
0.0
0.023615765911289405
0.0
0.0
0.0
0.0
0.0
0.0
0.0
0.0
0.0
0.0
0.0
0.0
0.0
0.0
0.0
0.0
0.0
0.0
0.0
0.0
0.0
0.0
0.0
0.0
0.0
0.0
0.0
0.0
0.0
0.0
0.0
0.009239114450627467
0.0
0.05799943914777839
0.0
0.0
0.0
0.0
0.0
0.0
0.0
0.0
0.008351876423304528
0.0
0.029781929190588485
0.0
0.0
0.0
0.0
0.0
0.0
0.0
0.0
0.0
0.0
0.0
0.0
0.0
0.0
0.0
0.0
0.0
0.0
0.0
0.0
0.005525951350971141
0.0
0.0
0.0
0.0
0.0
0.0
0.0
0.0
0.0
0.0
0.0
0.0
0.0
0.0
0.0
0.0
0.0
0.004275459585529387
0.0
0.0
0.0
0.0
0.0
0.0
0.0
0.0
0.009670153162880009
0.0
0.0
0.0
0.0
0.0
0.02137729792764694
0.01068864896382347
0.009239114450627467
0.0
0.0
0.0
0.0
0.061794924511456094
0.0
0.0
0.0
0.0
0.0
0.0
0.0
0.0
0.0
0.0
0.0
0.0
0.0
0.0
0.0
0.0
0.0
0.008351876423304528
0.0
0.0
0.0
0.0
0.0
0.0
0.0
0.0
0.0
0.0
0.0
0.0
0.0
0.0
0.03522029394453293
0.0
0.0
0.006776443116412895
0.0
0.0
0.0
0.0
0.0
0.0
0.0
0.0
0.0
0.0
0.0
0.0
0.0
0.0
0.0
0.0
0.0
0.0
0.0
0.008139096048511837
0.0
0.0
0.0
0.0
0.0
0.0
0.0
0.011376844243392163
0.0
0.0
0.0
0.0
0.0
0.0
0.0
0.0
0.0
0.0
0.0
0.0
0.0033882215582064475
0.0
0.0
0.0
0.0
0.0
0.0
0.0
0.0
0.0
0.0
0.0
0.009801410936500526
0.0
0.0
0.0
0.0
0.0
0.0
0.0049636548650980805
0.0
0.0
0.0
0.0
0.0
0.0
0.0
0.0
0.0
0.0
0.0
0.0
0.0
0.0
0.0
0.019602821873001053
0.0
0.0
0.0
0.0
0.0
0.0
0.0
0.0
0.0
0.0
0.0
0.0
0.0
0.0
0.0
0.0
0.0
0.0
0.0
0.0
0.012002732511494288
0.009670153162880009
0.0
0.0
0.0
0.0
0.0
0.0
0.0
0.010164664674619343
0.0
0.0
0.0
0.0
0.0
0.006776443116412895
0.0
0.0
0.0
0.0
0.0
0.0
0.0
0.0
0.0
0.0
0.0
0.0
0.0
0.0
0.0
0.0
0.0
0.0
0.006001366255747144
0.0
0.0
0.0
0.0
0.004275459585529387
0.0
0.0
0.0
0.0
0.0
0.0
0.0
0.0
0.0
0.0
0.0
0.0
0.009080921202993196
0.011740097981510976
0.0
0.0
0.0
0.012244746206306037
0.0
0.0
0.0
0.0
0.0
0.02425222530153184
0.0
0.0
0.0
0.0
0.0
0.0
0.0
0.0
0.0
0.0
0.0
0.0
0.0
0.0
0.0
0.0
0.0
0.0
0.0049636548650980805
0.0
0.0
0.0
0.0
0.0
0.05870048990755488
0.0
0.0
0.0
0.0
0.0
0.0
0.0
0.0
0.0
0.0
0.0
0.0
0.0
0.0
0.0
0.0
0.0
0.0
0.0
0.0
0.0
0.0
0.0
0.0
0.0
0.0
0.0
0.0
0.0
0.0
0.0
0.0
0.0
0.0
0.0
0.0
0.0
0.00953305982995783
0.0
0.0
0.009927309730196161
0.0
0.0
0.0
0.0
0.0
0.0
0.011376844243392163
0.01068864896382347
0.0
0.0
0.0
0.0
0.0
0.0
0.00641318937829408
0.0
0.024371999634658772
0.01193914072926522
0.0
0.0
0.0
0.0993164450723298
0.0
0.0
0.012358984902291219
0.0
0.012302394467384037
0.0
0.0
0.0
0.04801093004597715
0.0
0.0
0.0
0.0
0.0
0.03562263022436974
0.0
0.0
0.017101838342117547
0.0
0.0
0.0
0.1986328901446596
0.0
0.0
0.0
0.0
0.0
0.0
0.0
0.0
0.0
0.0
0.0
0.0
0.0
0.0
0.0
0.0
0.0
0.01193914072926522
0.0
0.0
0.0
0.0
0.0
0.0
0.0
0.0
0.0
0.0
0.0
0.0
0.061794924511456094
0.0
0.0
0.0
0.0
0.0
0.0
0.0
0.0
0.0
0.011740097981510976
0.03637833795229776
0.0
0.0
0.0
0.0
0.0
0.0
0.0
0.0
0.0
0.0
0.0
0.0
0.0
0.0
0.0
0.00953305982995783
0.0
0.0
0.0
0.0
0.0
0.0
0.0
0.0
0.0
0.0
0.0
0.0
0.0
0.009239114450627467
0.0
0.0
0.007910540231799996
0.0
0.0
0.0
0.0
0.0
0.0
0.0
0.0
0.0
0.0
0.0
0.0
0.007395330037193137
0.0
0.0
0.03542364886693411
0.0
0.0
0.0
0.0
0.0
0.0
0.0
0.0
0.0
0.0
0.0
0.0
0.0
0.0
0.004275459585529387
0.0
0.0
0.0
0.0
0.0
0.0
0.0
0.0
0.0
0.0021377297927646934
0.0
0.0
0.0
0.0
0.0
0.0
0.0
0.0
0.0
0.0
0.0
0.0
0.0
0.0
0.0
0.0
0.0
0.0
0.0
0.0
0.0
0.0
0.0
0.007395330037193137
0.0
0.0
0.031155152117906655
0.0
0.0
0.0
0.0
0.0
0.0
0.0
0.0
0.0
0.0
0.0
0.007663681143735834
0.08311947052352939
0.0
0.0
0.0
0.0
0.0
0.0
0.0
0.0
0.0
0.0
0.0
0.0
0.0
0.0
0.0
0.0
0.0
0.0
0.0
0.0
0.0
0.0
0.0
0.0
0.0
0.0
0.0
0.0
0.0
0.0
0.024717969804582438
0.0
0.0
0.0
0.0
0.0
0.0
0.0
0.0
0.0
0.0
0.0033882215582064475
0.0
0.0
0.0
0.0
0.0
0.0
0.0
0.0
0.0
0.0
0.08401912758046001
0.0
0.0
0.0
0.0
0.0
0.0
0.0
0.0
0.0
0.0
0.0
0.0
0.0
0.0
0.0
0.0
0.0
0.0
0.0
0.0
0.0
0.0
0.0
0.0
0.0
0.0
0.0
0.0
0.0
0.0
0.0
0.0
0.0
0.0
0.0
0.0
0.0
0.02425222530153184
0.0
0.0
0.0
0.0
0.0
0.0
0.0
0.0
0.009080921202993196
0.0
0.0
0.0
0.0
0.0
0.0
0.0
0.0
0.0
0.0
0.009927309730196161
0.0
0.0
0.0
0.0
0.0
0.0
0.0
0.0
0.0
0.0
0.0
0.0
0.0
0.0
0.0
0.0
0.0
0.0
0.0
0.0
0.0
0.0033882215582064475
0.01004827002456469
0.0
0.0
0.0
0.0
0.0
0.0
0.0
0.0
0.0
0.0
0.0
0.0
0.0
0.0
0.0
0.0
0.0
0.0
0.0
0.0
0.0
0.0
0.0
0.0
0.0
0.0
0.0
0.0
0.0
0.0
0.0
0.0
0.0
0.0
0.0
0.0
0.0
0.0
0.0
0.0
0.04610927042687314
0.0
0.0
0.0
0.0
0.0
0.0
0.0
0.0
0.0
0.0
0.011527317606718285
0.0
0.0
0.00953305982995783
0.0
0.0
0.0
0.0
0.0033882215582064475
0.0
0.0
0.0
0.009239114450627467
0.0
0.0
0.0
0.019340306325760018
0.0
0.0
0.0
0.0
0.0
0.0
0.0
0.0
0.0
0.0
0.0
0.0
0.021181466103837886
0.0
0.0
0.0
0.005525951350971141
0.0
0.0
0.0
0.0
0.0
0.0
0.0
0.0
0.0
0.0
0.006776443116412895
0.0
0.0
0.0
0.0
0.0
0.0
0.0
0.0
0.0
0.03458195282015485
0.0
0.010489606216069222
0.009389587813953592
0.0
0.0
0.0
0.048743999269317544
0.0
0.0
0.0
0.0
0.0
0.008550919171058774
0.0
0.0
0.0
0.0
0.009239114450627467
0.0
0.0
0.0
0.011376844243392163
0.0
0.024604788934768074
0.0
0.0
0.010276825841276531
0.0
0.0
0.0
0.0
0.0
0.0
0.0
0.0
0.0
0.0
0.0
0.0
0.0
0.0
0.0
0.022753688486784326
0.0
0.0
0.0
0.0
0.0
0.0
0.0
0.0
0.0
0.0
0.007663681143735834
0.0
0.0
0.0
0.0
0.0
0.0
0.023748420149579823
0.0
0.0
0.0
0.0
0.0
0.0
0.0
0.0
0.01004827002456469
0.009801410936500526
0.0
0.0
0.0
0.0
0.0
0.0
0.0
0.0
0.0
0.0
0.0049636548650980805
0.0
0.010164664674619343
0.0
0.0
0.0
0.0
0.0
0.0
0.0
0.024489492412612075
0.0
0.0
0.0
0.0
0.0
0.0
0.0
0.0
0.0
0.0
0.0
0.011051902701942283
0.0
0.0993164450723298
0.0
0.0
0.0
0.0
0.0
0.008914172909177589
0.011298761790006445
0.0
0.0
0.0
0.0
0.0
0.0
0.0
0.007395330037193137
0.0
0.0
0.0
0.40968033592336045
0.0
0.0
0.0
0.0
0.0
0.04519504716002578
0.0
0.0
0.0
0.0
0.0
0.0
0.0
0.0
0.0
0.0
0.0
0.12414555634041226
0.0
0.0
0.0
0.008914172909177589
0.0
0.0
0.0
0.0
0.0
0.0
0.02290599707311657
0.01004827002456469
0.0
0.0
0.0
0.0
0.0
0.0
0.03581742218779566
0.0
0.0
0.0
0.011527317606718285
0.060630563253829595
0.0
0.0
0.0
0.0
0.009927309730196161
0.0
0.0
0.0
0.0
0.0
0.0
0.0
0.0
0.0
0.0
0.0
0.0
0.0
0.0
0.0
0.0
0.0
0.0
0.0
0.0
0.0
0.0
0.0
0.0
0.0
0.08488278855536144
0.0
0.0
0.0
0.0
0.0
0.0
0.009080921202993196
0.0
0.010276825841276531
0.0
0.18538477353436827
0.0
0.0
0.0
0.13338723915842512
0.0
0.0
0.0
0.0
0.0
0.0
0.0
0.0
0.0
0.0
