0.019891845576907798
0
0
0
0
0
0
0
0
0
0
0
0
0
0
0
0
0
0
0
0
0
0
0
0
0
0
0
0
0
0
0
0
0
0
0
0
0
0
0
0
0
0
0
0
0
0
0
0
0
0
0
0
0
0
0
0
0
0
0
0
0
0
0
0
0
0
0
0
0
0
0
0
0
0
0
0
0
0
0
0
0
0.025267381213764605
0
0.0
0
0
0
0
0
0
0
0
0
0
0
0
0
0
0
0
0.008520022405708257
0
0
0
0
0
0
0
0
0
0
0
0
0
0
0
0
0
0
0
0
0
0
0
0
0
0
0
0
0
0
0
0
0
0
0
0
0
0
0
0
0
0.0
0
0
0
0
0
0.005375535636856807
0.0
0
0
0
0
0.0249632144405721
0.008520022405708257
0
0
0
0
0
0
0
0
0
0
0
0
0.01248160722028605
0
0
0
0
0
0.01612660691057042
0
0
0
0
0
0
0
0
0
0
0
0
0
0
0
0
0
0
0
0.0
0
0
0
0
0
0
0
0
0
0.0
0
0.01248160722028605
0
0
0
0
0
0
0.06850465719390154
0
0
0
0
0
0
0
0
0
0
0
0
0
0
0
0
0
0
0
0
0
0
0
0
0
0
0.02584210770253963
0
0
0
0
0
0
0
0
0
0
0
0
0
0
0
0
0
0
0
0
0
0
0
0
0
0
0.0
0
0
0
0
0
0
0
0.0
0
0
0
0
0
0
0
0
0
0
0
0
0
0
0
0
0
0
0
0
0
0
0
0
0
0
0
0
0
0
0
0
0
0
0
0
0
0
0
0
0
0
0
0
0
0
0
0
0
0
0
0
0
0
0
0
0
0
0
0
0
0
0
0.018596297949254017
0
0
0
0
0
0
0
0.010751071273713613
0
0
0
0
0.24632512422868416
0.04200325925198862
0
0.005375535636856807
0
0
0
0.015091036428826015
0.018596297949254017
0
0
0
0
0
0
0
0
0
0.02584210770253963
0
0
0
0
0.01612660691057042
0
0
0
0
0
0
0
0
0
0
0
0
0
0.04093314413136564
0
0
0
0
0
0
0
0
0
0.005375535636856807
0.0499264288811442
0.008520022405708257
0
0
0
0
0
0
0
0
0
0
0
0
0
0
0.010751071273713613
0
0
0
0
0
0
0
0
0.17164928478513886
0
0
0
0
0
0
0
0
0
0
0
0.010751071273713613
0
0
0
0
0
0
0.015091036428826015
0
0
0.01248160722028605
0
0
0
0
0
0
0
0
0.01248160722028605
0
0
0
0
0
0
0
0
0
0
0
0
0.18203250046457342
0
0
0
0.4310689674001973
0.11201440886192822
0
0
0
0
0
0.017040044811416515
0
0
0
0.024646629316278677
0
0
0.07708437471768749
0
0
0
0
0
0
0
0
0
0.0
0
0.061399716197048454
0
0
0
0
0.008520022405708257
0
0
0
0
0
0
0
0
0
0
0
0
0.11805529417267135
0
0
0.3225321382114084
0
0
0
0
0
0.3418569568649408
0
0
0
0.008520022405708257
0.005375535636856807
0
0.0998528577622884
0
0.008520022405708257
0.02779111608513013
0
0
0
0.6867881534667216
0.5594022930517213
0
0
0
0
0
0
0.3418569568649408
0
0
0
0
0
0
0
0
0
0
0
0
0
0
0
0.021972302167469177
0
0
0
0
0
0
0
0.05904330406340513
0
0
0
0
0
0
0
0
0.0863991351814144
0
0
0.027116320354962278
0.0499264288811442
0
0
0.01248160722028605
0
0.005375535636856807
0
0
0
0
0
0
0
0
0
0
0
0
0
0
0
0
0
0.015091036428826015
0
0
0
0
0
0
0.010751071273713613
0.0
0
0
0
0
0
0
0
0.018596297949254017
0
0
0
0.021502142547427227
0
0
0
0
0
0
0.03225321382114084
0
0.027347837804325984
0
0
0
0
0
0
0
0.022415580448273322
0
0
0.005375535636856807
0
0
0.0
0
0
0
0
0
0.010751071273713613
0.005375535636856807
0
0
0
0.019271093679421872
0
0
0
0
0
0.017857142857142856
0
0
0
0
0
0
0
0
0
0
0
0
0
0
0
0
0
0
0
0
0
0
0.0
0.04794366717222165
0.010751071273713613
0
0
0
0
0
0
0
0
0
0
0
0
0
0
0
0
0
0
0
0
0
0
0
0
0
0
0
0
0
0
0
0
0.0
0
0
0.026377165262851113
0
0
0
0.005375535636856807
0
0.06098464914635487
0
0
0
0
0
0
0
0
0.021502142547427227
0
0.005375535636856807
0
0
0
0
0
0
0
0
0
0
0
0
0
0
0
0
0
0
0
0
0
0
0
0
0
0
0
0.07708437471768749
0
0
0
0
0
0
0
0
0.010751071273713613
0
0
0
0
0.018596297949254017
0
0
0
0
0
0
0
0.04929325863255735
0.010751071273713613
0.02779111608513013
0
0
0
0
0.21654921997787108
0.12135500030971562
0
0.0249632144405721
0
0.024646629316278677
0
0
0
0
0
0
0
0
0.05721642826171295
0
0
0
0.025267381213764605
0
0
0
0
0
0
0
0
0
0
0
0
0
0.01248160722028605
0.024646629316278677
0
0
0.008520022405708257
0
0
0.019891845576907798
0
0
0.008520022405708257
0
0
0.12780033608562388
0
0
0
0
0.05797318894278216
0
0
0
0
0
0
0
0.005375535636856807
0
0.023611058834534272
0.026631458818469154
0
0
0
0.005375535636856807
0
0
0
0
0
0
0
0
0
0
0
0.01248160722028605
0
0
0
0
0.0
0
0
0
0
0
0
0
0
0
0
0
0
0
0
0
0
0
0
0
0
0
0
0
0
0
0
0
0
0
0
0
0
0
0
0
0
0
0
0.008520022405708257
0
0
0
0
0
0
0
0
0
0
0
0.08695978341417324
0
0
0
0
0
0
0
0
0
0.09133954292520206
0
0
0
0.008520022405708257
0.0
0
0
0
0
0
0
0.005375535636856807
0
0
0
0
0.03408008962283303
0
0
0
0.024646629316278677
0
0
0
0
0
0
0
0
0
0
0
0
0
0.005375535636856807
0
0
0
0
0
0
0
0.08957667096084201
0
0
0
0
0
0
0
0
0
0
0
0
0.010751071273713613
0
0
0
0
0
0
0
0
0
0
0
0.022834885731300516
0
0
0
0
0.027347837804325984
0
0.04093314413136564
0
0
0
0
0
0.01248160722028605
0
0
0
0
0
0
0
0
0
0.05938420827434193
0
0
0
0
0
0.5619175801091358
0
0
0
0.3121764333939644
0
0
0
0
0
0
0.052228499924962715
0.026631458818469154
0
0.043004285094854454
0
0
0
0
0
0
0
0
0
0
0
0.02046657206568282
0
0.04394460433493835
0
0
0.01248160722028605
0
0
0
0
0
0
0
0
0.0
0
0
0
0
0.08204351341297796
0
0
0
0
0
0
0
0
0
0
0
0
0
0
0
0
0
0
0
0.019271093679421872
0
0
0
0
0
0
0
0
0
0
0
0
0
0
0
0
0
0.0
0
0
0
0
0
0
0
0
0
0
0
0
0
0.08695978341417324
0
0
0.039783691153815595
0
0
0
0
0
0
0
0
0
0.04837982073171126
0
0.0
0.02046657206568282
0
0
0.09054621857295608
0
0
0
0.037192595898508034
0.0
0
0
0.019891845576907798
0.018596297949254017
0
0
0
0
0
0.005375535636856807
0
0
0
0
0
0.0
0
0
0
0
0
0
0
0
0
0
0
0
0
0
0
0
0
0
0
0
0.2538937923134159
0.005375535636856807
0
0
0
0
0
0
0
0
0
0.013895558042565065
0
0
0
0
0
0
0
0
0
0
0
0
0
0.05904330406340513
0
0
0
0.02100162962599431
0.04527310928647804
0.01248160722028605
0
0
0
0
0
0
0
0.010751071273713613
0
0
0
0
0
0
0
0
0.061399716197048454
0
0
0
0
0
0
0
0
0
0.21553448370009864
0.008520022405708257
0.022415580448273322
0
0.01612660691057042
0
0
0
0
0.01248160722028605
0
0
0
0
0
0
0
0
0
0
0
0.0
0
0.09054621857295608
0.0
0
0
0
0
0
0
0
0
0
0
0
0
0
0
0
0
0
0
0
0
0
0
0
0
0.010751071273713613
0
0
0
0.030338750077428905
0
0
0
0
0
0
0
0
0
0
0
0
0.0
0
0
0
0
0.11029057459644827
0
0
0
0
0.01248160722028605
0
0
0
0
0.05558223217026026
0
0
0
0
0
0
0
0
0
0
0
0
0
0
0
0
0
0.038542187358843745
0
0
0
0
0
0
0
0
0
0
0
0
0
0
0
0
0
0
0
0
0
0
0
0
0
0
0
0
0
0
0
0
0
0
0
0
0
0.010751071273713613
0
0
0
0
0
0
0
0
0
0
0.010751071273713613
0.0
0
0.0
0
0
0
0
0
0
0
0
0
0
0.01248160722028605
0
0
0
0
0
0
0
0
0
0.0
0
0
0
0
0
0
0
0
0
0
0
0
0
0.005375535636856807
0
0
0
0
0
0.0
0
0
0
0
0
0
0
0.0
0.017857142857142856
0.01248160722028605
0
0
0
0
0
0
0.01248160722028605
0
0
0
0
0.02584210770253963
0
0
0
0
0
0
0
0
0
0
0
0
0
0
0
0
0
0
0.0
0.05112013443424955
0
0
0
0
0
0.01248160722028605
0
0
0
0
0
0
0.05326291763693831
0
0.058694738445935264
0
0
0
0
0
0
0
0
0.5283243878821812
0
0
0
0
0.019891845576907798
0
0
0
0
0
0
0
0
0
0
0
0
0
0
0
0
0.022415580448273322
0
0.02046657206568282
0
0
0
0
0
0
0
0
0
0
0
0
0.0
0
0
0
0
0.005375535636856807
0
0
0.017040044811416515
0
0
0
0
0
0
0
0
0
0
0
0
0
0
0
0
0
0
0
0
0
0
0.010751071273713613
0
0
0
0
0
0
0
0
0
0.027572643649112067
0
0.01612660691057042
0
0.0
0.013895558042565065
0
0
0.005375535636856807
0.028210421368157323
0
0
0
0
0
0
0
0
0
0.023232678493999664
0
0
0
0
0
0
0
0
0
0
0
0
0
0
0.12196929829270974
0
0.008520022405708257
0
0
0
0
0
0
0.08957667096084201
0
0
0
0
0
0
0
0
0
0.04863313700062832
0
0.04794366717222165
0
0
0
0
0
0
0
0
0
0
0.01248160722028605
0
0
0
0
0.022834885731300516
0
0
0
0
0
0
0
0
0
0
0
0
0
0
0
0
0
0
0
0
0
0.019271093679421872
0
0
0.026877678184284038
0
0.0
0.0
0
0.14701140738196017
0
0
0
0
0.0985865172651147
0
0
0
0
0
0
0
0
0
0
0
0
0
0
0
0
0
0
0
0
0
0.01248160722028605
0
0
0
0
0
0
0
0
0
0
0
0
0.08186628826273128
0.0249632144405721
0
0
0
0
0
0
0
0
0
0
0.0
0
0
0
0
0.005375535636856807
0
0
0.024646629316278677
0
0
0.0
0
0
0
0
0
0
0
0
0
0
0
0
0
0
0
0
0
0
0
0
0
0
0
0
0
0
0
0.005375535636856807
0
0
0
0
0.01612660691057042
0
0
0.01248160722028605
0
0
0
0
0
0
0
0.04646535698799933
0
0
0
0
0
0
0
0.005375535636856807
0
0
0.008520022405708257
0
0
0
0
0
0
0
0
0
0
0
0
0
0.07142857142857142
0
0
0
0
0
0
0
0
0.005375535636856807
0.05326291763693831
0.022415580448273322
0
0
0.019271093679421872
0
0
0
0
0
0
0
0
0
0
0
0
0
0
0.008520022405708257
0
0
0
0
0.03225321382114084
0
0
0
0
0
0
0
0
0
0
0
0
0
0.005375535636856807
0
0.14001801107741027
0.0249632144405721
0
0
0
0.0
0
0
0
0
0
0
0
0
0.03571428571428571
0
0
0
0
0
0
0
0
0
0
0
0
0
0.005375535636856807
0
0
0
0
0
0
0
0
0
0
0
0
0
0
0
0
0
0
0
0
0
0
0
0
0
0
0
0
0
0
0
0
0
0
0
0
0
0
0
0
0
0
0
0
0
0
0
0.07393988794883603
0
0.18013298971881292
0
0
0.005375535636856807
0
0
0
0.02898659447139108
0
0
0
0
0
0.026114249962481358
0
0
0
0
0
0
0
0
0
0
0
0.09006649485940646
0
0
0.013895558042565065
0
0
0
0
0
0
0
0
0.008520022405708257
0
0
0
0
0
0
0
0
0
0
0
0
0
0
0
0
0
0
0
0.013895558042565065
0
0
0
0
0
0
0
0.023232678493999664
0
0.02046657206568282
0
0
0
0
0
0
0
0.02431656850031416
0
0
0
0
0
0
0
0
0
0
0
0.005375535636856807
0.1550526462152378
0
0
0
0.1144328565234259
0.01248160722028605
0
0
0.07668020165137432
0.017040044811416515
0
0
0
0
0
0
0
0
0.038542187358843745
0
0
0.03571428571428571
0
0
0
0
0
0
0
0
0
0
0
0
0.022415580448273322
0
0
0
0
0
0
0
0
0
0
0
0
0
0
0
0
0
0.024646629316278677
0.0
0
0
0
0
0
0
0.0
0
0.005375535636856807
0
0
0
0
0
0.023232678493999664
0
0
0
0
0
0
0
0
0
0
0
0
0
0
0.010751071273713613
0
0
0
0
0
0
0
0
0
0
0
0.06004432990627097
0
0.010751071273713613
0.01248160722028605
0
0
0
0
0
0
0.0
0
0.17252640521395074
0
0.039783691153815595
0
0
0
0.005375535636856807
0
0
0
0
0
0
0
0
0
0
0
0
0
0
0
0.008520022405708257
0
0
0
0
0.023611058834534272
0
0
0.015091036428826015
0
0
0
0
0
0
0
0
0
0
0
0
0
0
0
0
0
0
0
0
0
0
0
0
0
0
0.05357142857142857
0
0
0
0
0
0
0
0
0
0
0
0
0
0
0.0
0
0
0
0.01612660691057042
0
0
0
0
0
0
0
0
0
0.01612660691057042
0
0
0
0
0.26722893723453867
0
0.018596297949254017
0
0
0.14929445160140334
0
0
0.06215581033908014
0
0
0.025560067217124775
0
0
0
0
0
0
0
0.01612660691057042
0
0
0.022834885731300516
0
0
0
0.008520022405708257
0
0
0
0
0
0
0
0
0
0
0.013895558042565065
0
0
0
0
0
0
0
0
0
0
0
0
0
0
0
0.013895558042565065
0
0.005375535636856807
0
0
0
0
0.021502142547427227
0.010751071273713613
0.018596297949254017
0
0
0.015091036428826015
0
0
0.010751071273713613
0
0
0
0
0.0
0
0
0
0
0
0
0
0
0
0
0
0
0
0
0
0
0
0
0
0
0
0
0
0
0
0
0
0
0
0
0
0.005375535636856807
0
0.01248160722028605
0
0
0
0
0
0
0
0.05326291763693831
0
0
0
0
0.1144328565234259
0
0
0
0.043004285094854454
0
0
0
0
0.015091036428826015
0
0
0.01612660691057042
0
0
0
0
0.0
0
0
0.025267381213764605
0
0
0
0
0
0
0
0
0
0
0
0
0
0
0
0
0
0
0
0
0
0
0
0
0
0
0
0
0
0
0.03408008962283303
0
0
0
0
0
0
0
0
0
0
0
0.022834885731300516
0
0
0
0
0
0
0
0
0
0.08582464239256943
0
0
0
0
0
0
0
0
0.0249632144405721
0
0
0
0.0958873343444433
0
0.09293071397599866
0
0.06969803548199899
0
0
0.01248160722028605
0
0
0
0
0
0
0
0
0
0
0.27578625165559273
0
0
0
0
0
0.023611058834534272
0.025560067217124775
0
0.022834885731300516
0
0
0
0
0
0
0
0
0
0
0
0
0
0
0
0
0
0
0
0
0
0
0
0
0.0
0
0
0
0.005375535636856807
0.010751071273713613
0
0
0
0.019891845576907798
0
0
0
0
0.0
0
0
0
0
0
0
0.1846401568399578
0
0
0
0
0
0.7505541238283872
0
0
0.019891845576907798
0
0
0.0
0
0
0
0
0
0
0
0
0
0
0
0.019271093679421872
0
0.008520022405708257
0
0
0
0
0.04929325863255735
0
0
0
0
0
0.02779111608513013
0
0
0
0
0
0
0
0
0
0
0
0
0
0.0249632144405721
0
0
0
0
0
0.005375535636856807
0
0.40316517276426056
0.010751071273713613
0.01248160722028605
0
0.2497411467151715
0
0
0
0
0
0
0
0
0
0
0
0
0
0.008520022405708257
0
0
0
0
0
0.018596297949254017
0
0.028799711727138133
0
0
0.0
0
0
0
0
0
0.023971833586110824
0
0
0.015091036428826015
0
0.025560067217124775
0.04093314413136564
0
0.010751071273713613
0
0
0.010751071273713613
0
0
0
0
0
0
0.09237192158575656
0.05326291763693831
0
0
0
0
0
0
0.08063303455285212
0
0
0
0
0
0.02046657206568282
0.019271093679421872
0
0
0
0
0
0
0
0.11364747193046422
0.21972302167469177
0
0
0.21553448370009864
0
0
0
0
0
0.022415580448273322
0
0.05682373596523211
0
0
0
0.0
0
0
0.054232640709924555
0
0
0
0
0
0.06215581033908014
0
0
0
0
0
0
0
0
0
0
0
0
0
0
0
0
0
0
0
0
0
0
0
0
0
0
0
0
0
0.12374241141592633
0
0.08337334825539039
0
0
0
0
0
0.0
0
0
0
0
0
0
0
0
0
0
0.019271093679421872
0
0.024646629316278677
0.04093314413136564
0
0.013895558042565065
0.021502142547427227
0
0
0
0
0
0
0
0
0
0
0
0
0
0
0
0
0
0
0
0
0
0
0
0
0
0.0
0
0
0
0
0
0
0
0
0
0
0
0
0
0
0
0
0.008520022405708257
0
0
0
0
0
0
0
0
0
0
0
0
0
0
0
0
0.026877678184284038
0.06300488887798293
0
0
0
0
0.0
0.01612660691057042
0
0
0
0
0
0
0
0
0
0.0
0
0
0
0
0
0
0
0
0
0
0
0
0.2150214254742723
0
0
0
0
0
0
0
0
0
0
0
0
0
0
0
0
0
0
0
0
0
0.008520022405708257
0
0
0
0
0
0.08523560394784817
0.05967553673072339
0
0
0.0
0
0
0
0.030642916850621416
0.01248160722028605
0
0
0
0
0
0
0.0
0
0
0
0
0
0
0
0
0.02100162962599431
0
0
0
0
0
0
0.06128583370124283
0.02046657206568282
0
0
0
0
0
0
0
0
0.11116446434052052
0.018596297949254017
0
0
0
0
0
0
0.028003602215482055
0
0.01248160722028605
0
0
0
0
0
0
0
0.0249632144405721
0
0.0
0
0
0
0
0
0
0
0
0
0
0.01612660691057042
0
0
0
0
0
0
0.013895558042565065
0
0
0
0
0
0
0
0
0
0.20543158456077343
0
0.01248160722028605
0
0
0
0.01612660691057042
0
0.017040044811416515
0
0.0
0.0
0
0
0.017040044811416515
0
0
0
0
0
0
0
0
0
0
0
0
0
0.8740940135031002
0
0
0
0.039783691153815595
0
0
0.013895558042565065
0
0
0
0.013895558042565065
0.27578625165559273
0
0
0
0
0.005375535636856807
0
0
0
0
0
0
0
0
0
0
0
0
0
0
0
0
0
0
0
0
0
0
0
0.08695978341417324
0
0
0
0
0
0.005375535636856807
0
0.0
0
0
0
0
0
0
0
0.027347837804325984
0
0.008520022405708257
0
0
0
0.015091036428826015
0
0
0
0
0
0.005375535636856807
0
0
0
0
0
0
0
0
0
0
0.008520022405708257
0
0
0
0
0.027347837804325984
0.02898659447139108
0
0.026877678184284038
0
0
0
0
0
0.08204351341297796
0
0
0
0.025560067217124775
0
0.008520022405708257
0.01612660691057042
0
0
0
0
0
0
0
0.005375535636856807
0
0
0
0
0
0
0
0
0
0
0
0
0
0
0
0
0
0
0
0.005375535636856807
0
0
0
0
0
0
0
0
0.0
0
0
0
0
0
0
0
0
0.02100162962599431
0
0
0.0
0
0
0.03225321382114084
0
0
0.10445699984992543
0.008520022405708257
0
0.03571428571428571
0
0
0
0
0
0
0
0
0
0
0
0.013895558042565065
0
0.005375535636856807
0
0.0
0
0
0.32661314550888065
0.013895558042565065
0
0
0
0
0
0.02046657206568282
0
0
0
0
0
0.03225321382114084
0
0
0
0
0
0.18203250046457342
0
0
0
0
0
0
0
0
0
0
0
0
0
0
0
0
0
0
0
0
0.017857142857142856
0
0.0
0.01612660691057042
0
0
0
0
0
0
0
0.17252640521395074
0
0.10106952485505842
0
0
0
0
0
0
0.1582629915771067
0.10224026886849909
0
0.11116446434052052
0
0
0
0
0
0.07545518214413008
0
0
0
1.0926175168788754
0
0
0
0.019271093679421872
0
0
0
0
0
0
0
0
0
0
0.0
0
0
0
0
0
0
0
0
0
0
0
0
0
0
0.21344627201224203
0
0
0
0
0
0
0
0
0
0
0
0
0
0
0
0
0
0
0
0
0
0
0
0
0
0
0
0
0
0
0
0.06215581033908014
0.028608214130856475
0
0
0
0
0
0
0
0
0
0.029521652031702567
0
0
0
0
0.0
0
0
0
0
0
0
0
0
0.04566977146260103
0
0
0
0
0
0
0
0
0
0
0
0
0
0.1727982703628288
0
0
0
0.09726627400125663
0.043004285094854454
0
0
0
0
0
0
0
0
0
0
0.017857142857142856
0.0
0
0.005375535636856807
0
0
0
0
0.0
0
0
0
0
0
0
0
0
0
0
0
0.0
0
0
0.013895558042565065
0
0
0
0
0
0
0
0
0
0
0
0
0
0
0
0
0
0
0
0
0
0
0
0
0
0
0
0.04863313700062832
0.022834885731300516
0.047222117669068545
0.023971833586110824
0
0
0
0
0
0
0
0
0
0
0.044831160896546644
0
0
0
0.021502142547427227
0.028003602215482055
0
0.019891845576907798
0
0
0
0
0
0
0
0
0
0
0
0
0.0
0
0
0.06004432990627097
0
0.015091036428826015
0
0
0.017040044811416515
0
0
0
0
0
0
0
0
0
0
0
0.09726627400125663
0.0
0
0.027347837804325984
0
0.12072829143060812
0
0
0
0
0
0
0
0.09280680856194475
0
0
0
0
0
0
0
0
0
0
0
0.04093314413136564
0
0
0
0.01612660691057042
0
0
0
0
0
0
0.018596297949254017
0.026377165262851113
0
0
0
0
0
0
0
0
0
0
0
0
0
0
0
0.005375535636856807
0
0
0.13786321824556033
0.06591690650240753
0.0
0.26722893723453867
0
0
0
0
0
0
0
0
0.026114249962481358
0
0
0.017040044811416515
0.01612660691057042
0.05682373596523211
0.021502142547427227
0
0
0
0.026877678184284038
0
0
0
0
0
0
0.024646629316278677
0
0
0
0.010751071273713613
0
0
0
0
0
0
0
0
0
0
0
0
0
0
0
0.0880421076689029
0
0
0
0
0
0
0
0
0
0
0.01248160722028605
0
0
0
0
0.05469567560865197
0
0.3093560285398158
0.05326291763693831
0
0
0
0
0
0
0
0
0
0
0
0
0
0
0
0
0
0.005375535636856807
0
0
0
0
0.05326291763693831
0.15246162286588716
0
0
0
0
0
0
0
0
0
0
0
0
0
0
0
0
0
0
0
0
0
0
0.08523560394784817
0
0
0
0
0
0
0
0
0
0
0
0
0
0.02046657206568282
0
0
0
0
0
0.02985889032028067
0
0
0
0
0
0
0
0
0
0
0
0
0
0
0
0
0
0
0
0.02100162962599431
0
0
0.02584210770253963
0
0
0
0.028003602215482055
0
0
0
0
0.0
0
0
0
0
0
0
0
0.02046657206568282
0
0
0
0
0
0
0
0
0
0
0
0
0
0
0
0
0
0.16802161329289234
0
0
0.01248160722028605
0
0.0
0.008520022405708257
0
0
0
0.3432985695702777
0
0
0
0
0.0914769737195323
0
0.015091036428826015
0
0
0
0
0
0
0
0.01612660691057042
0
0
0
0
0
0
0
0
0
0
0
0
0
0.0
0
0
0
0
0.041686674127695195
0
0.04566977146260103
0
0.01612660691057042
0
0
0
0
0
0
0.005375535636856807
0
0
0
0
0
0
0
0.02046657206568282
0
0
0.02898659447139108
0
0
0
0
0
0
0
0
0
0.015091036428826015
0
0
0.21654921997787108
0
0.018596297949254017
0
0
0
0.14760826015851283
0
0
0
0
0
0
0
0.008520022405708257
0
0
0
0
0
0
0
0
0.01612660691057042
0
0.028411867982616055
0
0
0
0
0
0
0
0
0.017857142857142856
0
0
0
0
0.03018207285765203
0.7775922166327296
0.21754533618678049
0.01612660691057042
0
0
0
0.027347837804325984
0
0.021502142547427227
0
0
0
0
0
0
0
0.24514333480497133
0.08523560394784817
0
0
0
0.04527310928647804
0
0
0
0
0.013895558042565065
0
0.0
0
0
0
0
0.027347837804325984
0
0
0.017040044811416515
0
0
0.32661314550888065
0
0
0
0
0
0
0
0.010751071273713613
0
0
0.01248160722028605
0
0
0
0
0.005375535636856807
0
0
0
0
0
0
0.15011082476567741
0
0.30642916850621416
0
0
0
0
0
0
0
0
0.0499264288811442
0
0
0
0.02100162962599431
0
0
0
0
0
0
0
0
0
0
0
0
0
0
0
0
0
0
0
0
0.047222117669068545
0
0.6867881534667216
0
0
0
0
0
0
0
0.15246162286588716
0
0
0
0.08600857018970891
0
0.008520022405708257
0
0
0
0
0
0.005375535636856807
0
0.34783913365669294
0
0
0
0
0.010751071273713613
0
0
0
0
0
0
0
0
0
0
0
0
0
0
0
0
0
0
0
0
0.07668020165137432
0
0
0
0
0
0
0
0
0
0
0
0
0
0
0
0
0
0
0
0
0.037192595898508034
0
0
0
0.05275433052570223
0.005375535636856807
0.008520022405708257
0
0.0
0
0
0
0.2809587900545679
0
0
0.21553448370009864
0
0
0.05558223217026026
0
0
0
0
0
0
0
0
0
0
0.05112013443424955
0
0
0
0
0.015091036428826015
0
0
0
0
0
0
0
0
0
0.18474384317151313
0
0
0
0
0
0.027116320354962278
0
0
0
0
0
0
0.0
0
0.1829539474390646
0.023232678493999664
0
0
0
0
2.8720231872244724
0.010751071273713613
0
0
0.005375535636856807
0.1546780142699079
0
0.008520022405708257
0
0
0
0.015091036428826015
0
0
0
0
0
0
0
0
0
0
0
0
0
0
0
0
0.09054621857295608
0
0
0
0
0
0
0.0
0
0
0
0
0
0
0.0
0
0
0
0
0
0
0
0
0
0
0
0
0
0.1343883909214202
0
0
0
0
0
0
0
0
0
0
0
0
0
0
0
0
0
0
0
0
0
0
0
0
0
0
0
0
0
0
0
0
0
0
0
0
0
0
0
0
0
0.02916907956392119
0
0
0
0
0
0
0
0
0.04794366717222165
0
0
0
0
0
0
0
0
0
0
0.04093314413136564
0
0
0
0
0
0
0
0
0
0
0
0.008520022405708257
0
0
0
0.054232640709924555
0
0.02584210770253963
0
0
0.11985916793055412
0.03571428571428571
0.005375535636856807
0.0
0
0
0
0
0
0
0
0
0
0
0.0
0.12487057335758575
0
0
0
0.010751071273713613
0
0
0
0
0
0.039783691153815595
0
0
0
0
0
0
0
0
0
0
0
0.005375535636856807
0.026114249962481358
0
0
0
0
0
0.0
0
0
0
0
0
0
0
0
0
0
0
0
0.0
0
0
0
0
0
0
0
0
0.005375535636856807
0
0
0
0
0
0
0.008520022405708257
0
0
0
0
0
0
0
0.07913149578855334
0
0
0
0
0
0.09006649485940646
0.021972302167469177
0
0
0
0
0
0
0
0
0.06969803548199899
0
0
0
0
0
0
0
0
0
0
0
0
0
0
0
0
0
0
0
0
0
0
0
0
0
0.005375535636856807
0
0
0
0.7630315997971584
0
0.028799711727138133
0
0.02779111608513013
0.02046657206568282
0
0
0
0
0
0
0
0
0
0
0
0
0
0
0.019271093679421872
0.005375535636856807
0
0
0.02100162962599431
0
0
0
0
0
0
0
0
0
0
0
0
0
0.08401080664644617
0
0
0
0
0.0
0
0
0
0
0
0
0
0
0
0
0
0
0.005375535636856807
0
0
0
0
0
0
0
0
0
0
0
0
0
0
0.0249632144405721
0
0
0
0
0
0
0
0
0
0
0
0
0
0
0
0.039783691153815595
0.5515725033111855
0
0.013895558042565065
0
0
0
0
0.0
0
0
0
0
0.015091036428826015
0
0
0
0
0
0
0
0
0
0
0
0
0
0
0
0
0.018596297949254017
0
0
0.010751071273713613
0
0.044831160896546644
0
0
0
0
0
0
0.052228499924962715
0
0
0
0
0
0
0
0
0
0
0
0
0
0
0
0
0
0
0
0
0
0
0
0
0
0.02431656850031416
0
0
0
0
0
0
0
0
0.01248160722028605
0
0
0
0.010751071273713613
0
0
0
0
0
0
0.01612660691057042
0
0
0
0
0
0.01612660691057042
0
0
0
0
0
0
0
0.0
0.0
0.023971833586110824
0.06969803548199899
0
0
0
0
0
0
0
0
0
0
0.022415580448273322
0
0.010751071273713613
0
0
0.026631458818469154
0
0
0
0
0
0
0.028411867982616055
0
0
0
0
0
0
0
0
0
0
0
0
0
0
0
0
0
0
0.0
0
0
0.03408008962283303
0
0
0.02046657206568282
0
0
0.1539532026429276
0
0.02046657206568282
0
0.005375535636856807
0
0
0
0
0
0
0
0
0
0
0
0.037192595898508034
0
0
0
0
0
0
0
0
0
0
0
0
0
0
0
0.2256833709452586
0
0
0
0
0
0
0
0
0
0
0
0
0
0
0
0
0
0
0
0
0
0.0
0
0
0
0
0
0
0
0
0.008520022405708257
0
0
0
0
0
0
0.013895558042565065
0
0.0
0
0.2898659447139108
0.043004285094854454
0
0
0
0
0
0
0.023232678493999664
0.027116320354962278
0
0
0
0
0
0
0
0
0
0.0
0.0
0.0
0
0.0863991351814144
0.02100162962599431
0
0
0
0
0
0
0
0.022415580448273322
0
0
0
0
0.017857142857142856
0
0
0
0
0
0
0
0
0
0
0
0
0
0
0
0
0
0
0
0
0
0
0
0
0
0
0.005375535636856807
0
0
0
0
0
0
0
0.027347837804325984
0
0
0.026631458818469154
0
0.019271093679421872
0
0.008520022405708257
0.005375535636856807
0.010751071273713613
0
0
0
0.021972302167469177
0.09133954292520206
0.010751071273713613
0
0
0
0
0
0
0
0
0
0
0
0.0
0
0
0.0
0
0
0
0
0
0
0
0.021502142547427227
0
0
0
0
0
0
0
0
0
0.010751071273713613
0
0
0
0
0
0.02100162962599431
0
0
0
0
0
0
0
0
0.010751071273713613
0.030935602853981583
0
0.055145287298224134
0
0
0
0
0
0
0
0
0
0
0
0
0
0
0
0
0
0.008520022405708257
0
0
0
0
0
0
0
0
0
0
0
0
0
0
0
0
0
0.019271093679421872
0
0.0
0
0
0
0
0
0
0
0
0
0
0
0
0
0
0
0.015091036428826015
0.023611058834534272
0
0
0
0.017857142857142856
0.010751071273713613
0
0
0
0
0
0
0.01248160722028605
0
0
0
0
0
0
0
0
0
0
0
0
0
0.061399716197048454
0.11207790224136661
0.013895558042565065
0
0
0
0
0
0
0.015091036428826015
0
0
0
0
0
0
0
0
0.0
0
0
0
0.06450642764228168
0
0.005375535636856807
0
0
0
0
0
0
0
0
0
0
0
0.0499264288811442
0
0
0
0
0
0
0
0
0.010751071273713613
0.015091036428826015
0
0
0
0
0
0
0
0
0
0
0
0
0
0
0
0
0.026631458818469154
0
0
0
0
0.02100162962599431
0
0
0
0
0
0
0
0.030022164953135484
0
0
0
0
0
0
0
0
0
0.023971833586110824
0
0
0.022415580448273322
0
0.010751071273713613
0
0
0
0
0
0
0
0
0
0
0
0
0
0
0
0.02779111608513013
0
0
0
0
0
0
0
0
0
0.021972302167469177
0
0
0
0
0
0
0
0
0
0.0
0
0
0
0.05053476242752921
0
0
0
0
0.026631458818469154
0
0
0.010751071273713613
0
0
0.06969803548199899
0.03225321382114084
0.0
0
0.5931352234485323
0
0
0
0
0
0
0
0
0
0.008520022405708257
0
0
0
0
0.008520022405708257
0
0
0.028003602215482055
0.021502142547427227
0
0
0
0
0
0
0.1144328565234259
0
0.02046657206568282
0.017857142857142856
0
0.0
0
0
0
0
0
0
0
0.018596297949254017
0
0
0.028210421368157323
0.03225321382114084
0.02046657206568282
0
0.11943556128112268
0.02431656850031416
0
0
0
0
0
0
0
0
0
0
0
0
0
0
0
0
0
0
0
0
0
0.005375535636856807
0
0
0
0
0
0
0
0
0
0
0
0
0
0
0
0
0.008520022405708257
0
0.022834885731300516
0
0.010751071273713613
0.02584210770253963
0
0.08695978341417324
0
0
0
0
0
0
0
0.14760826015851283
0
0
0
0.04646535698799933
0
0.015091036428826015
0.005375535636856807
0
0
0.028003602215482055
0
0
0
0.0
0
0
0
0
0.01612660691057042
0
0
0
0
0.026377165262851113
0
0
0
0.044831160896546644
0.0
0
0
0
0
0.021502142547427227
0
0.008520022405708257
0
0
0
0
0
0
0.017857142857142856
0.01248160722028605
0
0.025267381213764605
0
0
0.053755356368568076
0
0
0
0
0
0
0
0
0.0
0
0
0.015091036428826015
0
0
0
0
0
0
0
0
0.0
0
0
0
0.013895558042565065
0.04646535698799933
0.04527310928647804
0
0
0
0
0
0.06215581033908014
0
0
0
0
0
0
0.07294970550094247
0
0
0
0
0
0
0
0
0
0
0
0
0
0
0
0.1128416854726293
0
0
0
0
0
0
0
0
0
0.0
0
0
0
0
0
0
0
0.021502142547427227
0
0
0
0
0.008520022405708257
0.0
0.01612660691057042
0
0
0
0
0
0
0
0
0
0
0
0.025267381213764605
0
0
0
0
0.019891845576907798
0
0
0.030022164953135484
0
0
0
0
0
0
0
0
0
0
0
0
0
0
0
0.0
0
0
0
0
0
0
0
0
0
0
0
0
0
0
0
0.010751071273713613
0
0
0
0
0
0
0
0
0
0
0
0
0
0
0.005375535636856807
0
0.019891845576907798
0.005375535636856807
0
0
0
0
0
0
0
0
0
0
0.0
0.09323371550862021
0
0
0
0
0
0
0
0
0
0
0
0
0
0
0
0
0
0
0
0.029692104137170966
0
0
0
0
0
0.022834885731300516
0
0
0
0.0
0.023232678493999664
0
0
0
0
0
0
0
0
0
0
0
0
0
0
0.0
0.01248160722028605
0
0
0
0.021502142547427227
0
0
0
0
0
0
0
0
0
0
0.04093314413136564
0.08400651850397724
0
0.0249632144405721
0
0
0
0
0
0
0
0
0
0
0
0
0
0
0
0
0
0
0
0.06300488887798293
0
0
0
0
0
0
0
0
0
0
0.02779111608513013
0
0
0
0
0
0
0
0
0
0
0
0
0
0
0
0
0
0
0
0
0
0
0
0
0.023232678493999664
0
0
0
0
0.3107790516954007
0
0
0
0
0
0
0
0
0
0
0
0
0
0
0
0.008520022405708257
0
0
0
0
0.019271093679421872
0
0
0
0.005375535636856807
0
0
0
0
0
0
0
0.029521652031702567
0
0.010751071273713613
0
0
0
0
0
0
0
0
0.005375535636856807
0.04837982073171126
0
0
0
0
0
0.027116320354962278
0.1023328603284141
0
0.005375535636856807
0
0
0
0
0
0
0
0
0
0.14304107065428237
0
0.010751071273713613
0
0
0.005375535636856807
0
0.043004285094854454
0
0
0
0
0
0
0
0
0
0
0
0
0
0
0.01248160722028605
0
0
0
0
0
0
0
0
0
0
0
0
0
0
0.013895558042565065
0
0
0
0.017040044811416515
0.024646629316278677
0
0
0
0.017857142857142856
0
0
0
0
0
0
0
0
0
0
0.025560067217124772
0
0
0
0.005375535636856807
0.0
0
0
0
0
0
0
0.09054621857295608
0.04863313700062832
0
0
0
0
0
0
0
0
0
0
0
0
0
0
0
0
0.008520022405708257
0
0.013895558042565065
0
0
0.0
0
0
0
0
0
0
0
0
0
0
0
0
0
0
0
0
0
0
0
0
0
0
0
0
0
0
0
0.05168421540507926
0
0
0
0.0
0
0.24632512422868416
0.0249632144405721
0
0.0
0
0
0.21344627201224203
0
0
0.04929325863255735
0
0
0.01248160722028605
0
0.025267381213764605
0
0
0
0
0
0
0.0
0
0
0
0
0
0
0
0
0
0.029521652031702567
0
0
0
0
0
0
0
0
0
0
0
0.0
0
0.005375535636856807
0
0
0
0
0
0
0
0
0.04794366717222165
0
0
0
0
0
0.02431656850031416
0
0
0.0
0
0.005375535636856807
0
0
0
0.04794366717222165
0
0
0
0
0
0
0
0
0
0.08582464239256943
0.053755356368568076
0
0
0
0
0
0
0
0
0.27578625165559273
0.09006649485940646
0
0
0
1.4047939502728397
0
0.021972302167469177
0.46616857754310104
0
0.371227234247779
0.008520022405708257
0.021972302167469177
0.29521652031702567
0.15091036428826016
0
0
0.18203250046457342
0.40027832687161174
0
0.02985889032028067
0.0775263231076189
0
0
0.0
0
0
0.6243528667879288
0
0.09237192158575656
0
0
0.05600720443096411
0
0
0
0.010751071273713613
0
0
0.028003602215482055
0
0
0
0
0
0.09006649485940646
0
0.008520022405708257
0
0
0
0
0
0.01612660691057042
0
0
0
0
0.27970114652586064
0.0
0
0
0
0
0
0
0
0
0.14760826015851283
0.06098464914635487
0
0
0
0
0
0
0
0
0
0
0
0
0
0
0.027347837804325984
0.023971833586110824
0
0.02431656850031416
0
0
0
0
0.0
0
0
0
0
0.0985865172651147
0.0
0.023232678493999664
0
0
0
0
0
0
0
0
0.017040044811416515
0.008520022405708257
0
0
0
0
0
0
0
0
0.26722893723453867
0
0
0
0
0
0
0
0
0
0
0
0
0
0
0
0
0
0
0
0
0
0
0
0
0
0
0
0
0
0
0
0
0
0
0
0
0
0
0.019891845576907798
0
0.01612660691057042
0.008520022405708257
0.023232678493999664
0
0
0
0
0
0
0
0
0.10445699984992543
0
0.010751071273713613
0
0
0
0
0
0
0
0
0.04863313700062832
0
0.11943556128112268
0
0
0
0.025560067217124775
0
0
0
0
0
0
0
0
0
0
0
0
0
0
0
0
0
0
0
0
0
0
0
0
0.05275433052570223
0
0.5594022930517213
0
0
0
0
0.015091036428826015
0
0
0
0
0
0
0
0
0
0
0
0
0
0
0
0
0.06036414571530406
0
0
0
0.022834885731300516
0.010751071273713613
0.017040044811416515
0
0
0
0
0
0
0
0
0
0
0
0
0
0
0
0
0.010751071273713613
0
0
0
0
0
0
0
0
0
0
0.021502142547427227
0.0
0
0
0.21344627201224203
0
0.0
0
0
0
0.0
0
0
0.022834885731300516
0.019891845576907798
0
0.017040044811416515
0.01248160722028605
0
0
0
0
0
0
0
0
0
0.008520022405708257
0.0
0.008520022405708257
0
0
0
0
0
0
0
0.008520022405708257
0
0
0
0
0
0
0
0
0.008520022405708257
0
0
0.019271093679421872
0
0
0
0
0
0
0
0
0.005375535636856807
0.05053476242752921
0.026631458818469154
0
0
0
0
0
0
0
0
0
0
0
0
0
0.01248160722028605
0
0
0
0
0
0.047222117669068545
0
0
0
0
0
0
0
0.1449329723569554
0.0
0
0
0
0
0
0
0
0
0
0.08695978341417324
0
0
0.023971833586110824
0
0
0
0
0
0.015091036428826015
0
0
0
0
0
0
0.02431656850031416
0.01248160722028605
0
0.018596297949254017
0
0
0
0
0
0
0
0
0
0.026631458818469154
0
0
0
0
0
0
0
0
0
0.0499264288811442
0
0
0
0
0
0
0
0
0.022415580448273322
0
0.005375535636856807
0
0
0
0
0
0
0
0
0
0
0.3370720853568356
0
0
0
0
0
0
0
0.005375535636856807
0
0
0.06969803548199899
0
0
0
0.028608214130856475
0
0.030935602853981583
0.019271093679421872
0
0.3101052924304756
0
0
0
0
0.005375535636856807
0
0
0
0
0
0
0
0.0
0
0
0.028608214130856475
0
0
0
0.005375535636856807
0.013895558042565065
0
0
0.019891845576907798
0.01248160722028605
0.015091036428826015
0.019271093679421872
0
0
0
0
0
0
0.14929445160140334
0
0.013895558042565065
0.0
0.0
0.0
0
0
0.03018207285765203
0.025267381213764605
0
0.06724674134481996
0
0
0
0
0.025560067217124775
0
0
0
0.008520022405708257
0
0
0.025560067217124775
0.04566977146260103
0.14760826015851283
0
0.03408008962283303
0
0
0
0.2771157647572697
0.017040044811416515
0
0.39440375100657576
0
0.05721642826171295
0
0
0
0.11519884690855253
0.0827179309473362
0
0
0
0.1560882166969822
0
0
0.026377165262851113
0
0
0
0.05682373596523211
0
0
0
0
0
0
0
0
0
0
0
1.716970383666804
0
0
0
0.03225321382114084
0
0.08523560394784817
0
0
0
0
0
0
0
0
0
0.0
0
1.0926175168788754
0
0
0
0
0.06969803548199899
0
0
0
0
0
0.028799711727138133
0.15160428728258762
0.010751071273713613
0
0
0
0
0.058694738445935264
0.06004432990627097
0
0.05797318894278216
0
0.05797318894278216
0.5183695177440164
0
0
0
0.010751071273713613
0.0499264288811442
0
0.04929325863255735
0
0
0.11594637788556432
0
0
0
0
0
0
0
0
0
0
0
0
0
0
0
0
0
0
0
0
0.06098464914635487
0
0
0
0
0
0
0
0
0
0
0.3418569568649408
0
0
0
0.030492324573177434
0
0
0
0
0
0
0
0
0
0
