0.005646165142288115
0.0
0.0
0.0
0.0
0.0
0.0005086030825479351
0.0
0.0
0.0
0.0
0.0005086030825479351
0.0
0.0
0.0
0.0
0.0
0.0
0.0
0.0
0.001689542869062302
0.0008061168135896639
0.0
0.0
0.0
0.0
0.0
0.0
0.0018233229786855344
0.0
0.0
0.0
0.0
0.0
0.0
0.0
0.0
0.0
0.0
0.0
0.0
0.0
0.0
0.0
0.0
0.0
0.0014278293671646158
0.0
0.0
0.0
0.0
0.0
0.0
0.0
0.0
0.0
0.0
0.0
0.0
0.0
0.0
0.0
0.0
0.0
0.0
0.0
0.0
0.0
0.0
0.0
0.0
0.0
0.0
0.0
0.0
0.0
0.0
0.0
0.0
0.0
0.0
0.0
0.004781316259954613
0.0
0.0
0.0
0.0
0.0018233229786855344
0.0
0.0
0.0
0.0
0.0
0.0
0.002629439792275198
0.0
0.0
0.0
0.0
0.0
0.0
0.0008061168135896639
0.0
0.0
0.0
0.0
0.0
0.0
0.0
0.002160509027777593
0.0
0.0
0.0
0.0
0.0
0.0
0.0
0.0
0.0
0.0
0.0
0.0008061168135896639
0.0
0.0
0.0
0.0
0.0
0.0
0.0
0.0
0.0
0.0
0.0
0.0
0.0
0.0
0.0
0.0
0.0
0.0
0.0
0.0
0.0
0.0
0.0
0.0
0.0
0.0
0.0
0.0
0.0
0.0
0.0
0.0
0.0
0.0
0.0
0.0
0.0
0.0010172061650958702
0.0
0.0
0.0
0.0
0.0
0.0
0.0
0.0
0.0
0.0
0.0
0.0
0.0
0.0
0.0
0.0015258092476438054
0.0
0.0
0.0
0.0
0.0
0.0
0.0
0.0
0.0
0.0
0.0
0.0
0.0
0.0
0.0
0.0
0.0
0.0
0.0
0.0
0.0
0.0
0.0
0.0
0.0
0.0
0.0
0.0010172061650958702
0.0
0.0
0.0
0.0
0.0
0.0
0.0
0.0
0.0
0.0
0.0
0.0
0.0
0.0
0.0
0.0
0.0
0.0
0.0
0.0
0.0
0.0
0.0
0.0024707841090811688
0.0
0.0
0.0
0.0
0.0
0.0
0.0
0.0
0.0
0.0
0.0
0.0
0.0
0.002445035532260486
0.0
0.0
0.0
0.0005086030825479351
0.0
0.0
0.0
0.0
0.0
0.0
0.0
0.0
0.0
0.0
0.0
0.0
0.0
0.0
0.0
0.0
0.0
0.0
0.0
0.0
0.01823322978685534
0.0
0.0
0.0
0.0
0.0
0.0
0.0
0.0
0.0
0.0
0.0
0.0
0.0
0.0005086030825479351
0.0
0.0
0.0
0.0
0.0
0.0
0.0005086030825479351
0.0
0.003518955170205444
0.0
0.0
0.0
0.0
0.0
0.0
0.0
0.0
0.0
0.0
0.0
0.0
0.0
0.0
0.007037910340410888
0.0
0.0042834881014938465
0.0
0.0
0.0
0.0
0.0
0.0
0.0
0.0
0.0
0.0
0.0
0.0
0.0
0.0
0.0
0.0
0.0
0.0
0.0
0.0
0.01271507706369838
0.0
0.0
0.001314719896137599
0.0
0.0005086030825479351
0.0
0.0
0.0
0.0
0.0
0.0
0.0
0.001759477585102722
0.0
0.0
0.0
0.0
0.0
0.0
0.0
0.0
0.004536161335301315
0.0
0.0
0.0
0.0670044739949449
0.0
0.0
0.0
0.0
0.0
0.0
0.0014278293671646158
0.007037910340410888
0.0
0.0
0.0
0.0
0.0
0.0
0.0
0.0
0.0
0.0
0.0
0.002587499283407999
0.0
0.0
0.0015258092476438054
0.0
0.007948226400416125
0.0
0.0
0.0
0.0
0.0
0.0
0.0
0.0
0.0
0.0
0.0
0.0019364324497125505
0.0
0.0
0.0
0.0
0.0
0.0
0.0
0.007888319376825595
0.0
0.0
0.004723759146057468
0.0
0.0
0.0
0.0
0.001180939786514367
0.0
0.013909396200728218
0.0
0.0
0.0
0.0
0.0014278293671646158
0.0
0.0
0.0
0.0
0.001759477585102722
0.0
0.0
0.0
0.0
0.0
0.0
0.0
0.008120247102474519
0.0
0.0
0.0
0.0
0.0
0.0
0.0
0.0
0.0
0.0
0.0
0.0
0.0
0.0
0.0
0.0
0.0
0.0
0.0014278293671646158
0.0008061168135896639
0.0
0.0
0.0
0.0
0.0
0.0
0.0
0.0
0.0
0.0
0.0
0.0
0.0
0.0
0.0
0.0
0.0005086030825479351
0.0
0.0
0.0
0.0
0.0
0.018112494983855993
0.005740965311153338
0.0
0.0
0.0
0.02621914199802192
0.0026495440401485995
0.0
0.0
0.0
0.007559158545031115
0.0
0.0
0.0
0.0
0.0
0.018655408489867752
0.0
0.001180939786514367
0.0
0.0
0.0
0.0
0.0015258092476438054
0.0
0.0
0.0
0.0
0.0
0.0
0.0
0.0
0.0
0.0
0.0
0.0
0.0
0.0
0.0
0.0
0.0
0.0
0.0
0.0
0.0
0.0
0.0
0.0
0.006481527083332778
0.0067018385422628396
0.0
0.0
0.0020344123301917405
0.004157792401720128
0.0
0.0
0.0
0.003872864899425101
0.020582921601319627
0.0
0.0
0.0
0.0008061168135896639
0.0
0.0
0.004723759146057468
0.012598597575051858
0.0
0.0
0.0
0.0
0.017469617778563762
0.029536386148084216
0.06762959954719305
0.0
0.0
0.0
0.0
0.0
0.0
0.020582921601319627
0.0
0.0
0.0
0.0
0.0
0.0
0.0
0.0
0.0
0.0
0.0
0.0
0.0
0.0
0.0
0.002078896200860064
0.0
0.0
0.0
0.0019364324497125505
0.0
0.0
0.0
0.019552213895855864
0.0
0.005278432755308166
0.0005086030825479351
0.0
0.0016122336271793278
0.0
0.0
0.0005086030825479351
0.019074072251217388
0.006758171476249208
0.0
0.0025655943986923864
0.007085638719086201
0.0008061168135896639
0.0
0.0
0.0
0.0
0.0
0.0
0.0
0.0
0.0
0.0
0.0
0.0
0.0
0.0
0.0
0.10649231158714552
0.0
0.0
0.0
0.0
0.0
0.0014278293671646158
0.0
0.0026087691536789827
0.0
0.0
0.0
0.0
0.0
0.0
0.0
0.0
0.0
0.0
0.0
0.0
0.0
0.0
0.0
0.0
0.0
0.0
0.0
0.0
0.0
0.0
0.0
0.0
0.0
0.0
0.002587499283407999
0.0
0.0
0.0
0.0
0.0
0.0
0.0
0.0
0.0
0.0
0.0
0.0
0.0
0.0
0.0
0.0
0.0
0.0
0.0
0.0
0.0
0.0
0.0024707841090811688
0.0
0.0
0.0
0.0
0.0
0.0
0.0
0.0
0.0
0.0
0.0
0.0
0.0
0.0
0.0
0.0
0.0
0.0
0.0
0.0
0.0
0.0
0.0
0.0
0.0
0.0
0.0
0.0
0.0
0.0
0.0
0.0
0.0
0.0
0.0
0.0
0.0
0.0
0.001689542869062302
0.0
0.0
0.0
0.0
0.0
0.006573599480687996
0.0
0.0
0.0
0.0
0.0
0.0
0.0
0.0
0.0
0.0
0.0
0.0
0.0
0.0
0.0015258092476438054
0.001180939786514367
0.0
0.0
0.0
0.0
0.0
0.0
0.0
0.004991319365303932
0.0
0.0
0.0
0.0
0.0008061168135896639
0.028850130144497277
0.0
0.0
0.0
0.0
0.0
0.0
0.020987334551101224
0.0
0.0
0.0
0.0
0.0
0.0
0.0
0.0
0.0
0.0
0.002198145951610237
0.0
0.0
0.0
0.0
0.002160509027777593
0.0
0.0
0.0
0.0
0.0
0.0
0.0
0.0
0.0
0.0
0.0
0.0
0.0
0.0
0.0
0.0
0.0
0.0
0.0016122336271793278
0.0
0.0
0.0
0.0
0.0
0.0
0.0
0.0
0.0
0.0
0.0
0.0
0.0
0.0
0.0
0.0
0.001314719896137599
0.048721482614847114
0.002331926061233469
0.0010172061650958702
0.0
0.0
0.0
0.0005086030825479351
0.0
0.0321964887564862
0.005740965311153338
0.0
0.0
0.0025430154127396762
0.0
0.0
0.0
0.0
0.0
0.0
0.0
0.002160509027777593
0.0
0.002706749034158173
0.0
0.0
0.0
0.031078555689704985
0.0
0.0
0.0
0.0
0.0
0.0
0.0
0.0
0.0
0.0
0.0
0.0
0.0
0.0
0.0
0.0
0.0
0.0
0.0
0.0
0.0
0.0
0.0
0.0
0.0
0.0
0.004836700881537984
0.0
0.0
0.0
0.0
0.021940394106417717
0.0
0.0
0.0
0.0
0.0
0.0
0.0
0.0
0.02034412330191741
0.0
0.007559158545031115
0.0
0.0
0.02087015322943186
0.0
0.0
0.0010172061650958702
0.0
0.0
0.0008061168135896639
0.0
0.002120836709727263
0.0
0.0
0.0
0.0
0.0
0.0008061168135896639
0.0
0.0
0.0
0.0
0.002361879573028734
0.0
0.0
0.0
0.0
0.0
0.0
0.0023006975549471637
0.0
0.0
0.0
0.0
0.0
0.0
0.0
0.0
0.001314719896137599
0.0008061168135896639
0.0
0.0
0.0
0.0
0.0
0.0
0.0
0.0
0.0
0.0
0.0
0.0
0.0
0.0
0.0
0.0
0.0
0.0
0.0
0.0
0.0
0.0
0.0
0.0
0.0
0.0
0.0
0.0
0.0
0.0
0.0
0.0
0.0
0.0
0.0
0.0
0.0
0.0
0.0
0.0
0.0
0.0
0.0
0.0
0.0
0.0
0.0
0.0
0.0
0.0
0.0
0.001180939786514367
0.0
0.0
0.0
0.0
0.0
0.0
0.0
0.0016122336271793278
0.0
0.0
0.0
0.004663852122466938
0.0
0.0
0.0
0.0
0.0
0.0
0.0
0.0
0.0
0.0
0.0
0.0
0.0
0.0
0.0
0.0
0.0
0.0
0.0
0.0
0.0
0.014125405061248208
0.003518955170205444
0.0
0.0
0.0
0.0
0.0
0.0
0.0
0.0
0.0
0.0
0.0030516184952876107
0.0
0.005809297349137652
0.0
0.0
0.0
0.0
0.0
0.0
0.0
0.0
0.0
0.0
0.002160509027777593
0.0
0.0
0.0
0.0
0.002587499283407999
0.0
0.005809297349137652
0.0018233229786855344
0.0
0.0
0.0
0.0
0.0
0.0
0.0
0.0
0.0
0.0
0.0
0.0
0.0
0.0
0.002809300637495099
0.0
0.0
0.0
0.0
0.0
0.08860915844425264
0.0
0.0
0.0
0.03544366337770105
0.0
0.002587499283407999
0.0
0.0
0.0
0.0
0.0024707841090811688
0.0
0.0
0.0020344123301917405
0.0
0.0
0.0027598149809627028
0.0
0.0
0.0
0.0
0.0
0.0
0.0
0.0
0.0
0.0
0.006236688602580191
0.0
0.0
0.0
0.0
0.0
0.0
0.0
0.0
0.0
0.0
0.0
0.0
0.0
0.0
0.0
0.0
0.012937496417039996
0.0
0.0018233229786855344
0.0
0.0
0.0
0.0
0.0
0.0
0.0
0.0
0.0
0.0
0.0
0.0
0.0
0.0
0.0
0.0
0.0
0.007293291914742137
0.0
0.01589645280083225
0.0
0.0
0.0
0.0
0.0030516184952876107
0.0
0.0
0.0
0.0
0.0
0.0
0.0
0.0
0.0
0.0
0.0
0.0
0.0
0.0
0.0
0.0
0.0
0.0
0.0
0.0
0.0
0.0
0.0
0.0
0.005485098526604429
0.0
0.0
0.0018820550474293717
0.0
0.0030516184952876107
0.0
0.0
0.0
0.0
0.0
0.0
0.0
0.0
0.0
0.0
0.0019364324497125505
0.0
0.004890071064520972
0.008566976202987693
0.0
0.0
0.0
0.0
0.0
0.001314719896137599
0.0
0.0
0.0
0.0
0.0005086030825479351
0.0008061168135896639
0.0
0.0
0.0
0.001689542869062302
0.0
0.0
0.0
0.0
0.0
0.0
0.0
0.0
0.0
0.0
0.0
0.0010172061650958702
0.0
0.0
0.0
0.0
0.0
0.0
0.0
0.0
0.0
0.0
0.0037641100948587435
0.02234538730954956
0.0
0.008007336330976583
0.0
0.0
0.03351808096432434
0.0
0.0
0.0036466459573710687
0.0
0.0
0.0
0.0
0.010517759169100792
0.0
0.0
0.0
0.0
0.0
0.0
0.0
0.006573599480687996
0.0
0.0
0.0
0.0
0.0
0.00558634682738739
0.0
0.01695048607349785
0.0
0.003974113200208062
0.0
0.0
0.0
0.0
0.0
0.0
0.0
0.0
0.0
0.0
0.0
0.0
0.0
0.0
0.0
0.0
0.0
0.0
0.0
0.0
0.0
0.0
0.0
0.0
0.0
0.0
0.0
0.0
0.04661180799648341
0.0
0.004241673419454526
0.0
0.0
0.0
0.0
0.0
0.0
0.0
0.0
0.0
0.0
0.0
0.0
0.0
0.0
0.0
0.0
0.0
0.0
0.0
0.0
0.0014278293671646158
0.0
0.0
0.0
0.0
0.0
0.0
0.0
0.0
0.0
0.0
0.0
0.0
0.0
0.0
0.0
0.0
0.0
0.0
0.0
0.0
0.0
0.0
0.0
0.0
0.0
0.0
0.0
0.0
0.0
0.011481930622306676
0.0
0.0
0.0
0.0
0.0046013951098943275
0.0
0.0
0.0028556587343292316
0.0
0.0
0.0
0.0
0.0
0.0
0.0
0.0
0.0
0.005217538307357965
0.0
0.0
0.0
0.0
0.0
0.0
0.01704317486268843
0.0
0.0
0.002629439792275198
0.0
0.0
0.0
0.0
0.0
0.0
0.001314719896137599
0.0
0.0
0.0
0.001180939786514367
0.0
0.0
0.0
0.0
0.0
0.0
0.0036466459573710687
0.0
0.003379085738124604
0.001314719896137599
0.0
0.0
0.0
0.0
0.0
0.0
0.0
0.0
0.0
0.0
0.0
0.0
0.0
0.0
0.0
0.0
0.0
0.0028556587343292316
0.0
0.0
0.0
0.0
0.0
0.0
0.0
0.0
0.0
0.0
0.0
0.0
0.0018820550474293717
0.0
0.0
0.0
0.0
0.0
0.0
0.0
0.0
0.0
0.0
0.0
0.0
0.0
0.0
0.0
0.0
0.0
0.0
0.0
0.0
0.0
0.0
0.0
0.0
0.0
0.0
0.0008061168135896639
0.0005086030825479351
0.0
0.0
0.0
0.0
0.0
0.0
0.0
0.0
0.0
0.0
0.0
0.0
0.0
0.0
0.0
0.0
0.0
0.0
0.0
0.0
0.0
0.0050860308254793525
0.0015258092476438054
0.0
0.0
0.0
0.0
0.0
0.0
0.0
0.0
0.0
0.0
0.0
0.0
0.0
0.0
0.0
0.0
0.003379085738124604
0.0
0.0
0.0
0.0
0.0
0.0
0.0
0.0
0.0
0.0
0.0
0.0
0.002445035532260486
0.0016122336271793278
0.0
0.0
0.0
0.0
0.0
0.0
0.0
0.0
0.0
0.0
0.0
0.0
0.0
0.0
0.0
0.0
0.0
0.0
0.002418350440768992
0.0
0.0
0.0
0.0
0.0
0.0
0.0
0.0
0.0
0.0
0.0
0.0
0.0
0.0
0.027766837501985928
0.002120836709727263
0.0
0.0
0.0
0.0
0.0
0.0
0.0
0.06762959954719305
0.0
0.001180939786514367
0.0
0.0
0.0037641100948587435
0.004890071064520972
0.0
0.0
0.0
0.0
0.0
0.0
0.0
0.0
0.0
0.0
0.0
0.0
0.0
0.0
0.0025197195150103717
0.002120836709727263
0.0008061168135896639
0.0
0.0
0.0
0.0
0.0
0.0
0.0
0.0018820550474293717
0.0
0.0055196299619254055
0.0
0.0
0.0
0.0
0.0
0.0022339461807542797
0.0
0.0
0.0
0.0
0.0
0.0
0.0
0.0
0.0
0.0008061168135896639
0.0
0.0
0.0
0.0
0.0
0.0
0.0
0.001180939786514367
0.0
0.0
0.0
0.0
0.0
0.0
0.0
0.0
0.0
0.0
0.0
0.0
0.0
0.001689542869062302
0.0
0.0
0.0
0.0
0.0
0.0
0.0026087691536789827
0.0
0.0015258092476438054
0.0
0.0
0.0
0.0
0.0
0.0
0.0053382242206510555
0.0
0.0
0.0
0.0
0.0
0.0
0.0
0.0
0.0
0.0
0.0
0.0
0.0
0.0
0.0
0.0
0.0
0.0
0.0
0.0
0.0
0.0
0.0
0.0
0.002885013014449728
0.0
0.0008061168135896639
0.0
0.0
0.0
0.0
0.0
0.0
0.002825081012249642
0.0
0.0
0.0
0.0
0.0
0.0023006975549471637
0.005646165142288115
0.0
0.0
0.0
0.0
0.0
0.0
0.0
0.0
0.0
0.0
0.0
0.0
0.001314719896137599
0.0
0.0
0.0
0.0
0.0
0.0
0.0
0.0
0.0
0.0
0.0
0.0
0.0
0.0
0.0
0.0
0.0
0.0
0.0
0.0
0.0
0.0008061168135896639
0.0
0.0
0.0
0.0
0.0
0.0
0.0
0.0036466459573710687
0.0
0.001689542869062302
0.0
0.0008061168135896639
0.0
0.0
0.0
0.001987056600104031
0.0
0.0
0.0
0.0
0.0
0.0
0.0
0.0
0.0
0.0
0.0
0.0
0.0
0.0
0.0
0.0
0.0
0.0
0.0
0.0
0.0
0.0
0.0
0.0005086030825479351
0.0
0.0
0.0
0.0
0.0
0.0
0.0
0.0
0.0
0.0
0.0
0.0
0.0
0.0005086030825479351
0.0
0.0
0.002361879573028734
0.002160509027777593
0.0
0.0
0.0
0.0
0.0
0.0
0.0
0.0
0.0
0.0
0.0
0.0
0.0
0.0
0.0
0.0
0.0
0.002331926061233469
0.0
0.0
0.0
0.0
0.0
0.0
0.0
0.0
0.0
0.0
0.0005086030825479351
0.0
0.0
0.0
0.0
0.0
0.0
0.0
0.0
0.0
0.0
0.0
0.0
0.0016122336271793278
0.0
0.0
0.0
0.0
0.0
0.0
0.0
0.0
0.0
0.0
0.0
0.0
0.0
0.0
0.0
0.0
0.0
0.0
0.009673401763075969
0.0
0.0
0.0
0.002198145951610237
0.0
0.0
0.0
0.0
0.0
0.0
0.0
0.0
0.0010172061650958702
0.0014278293671646158
0.0
0.0
0.0
0.0
0.0
0.001759477585102722
0.0
0.0
0.0
0.0
0.0
0.0
0.0
0.0
0.0
0.0
0.0
0.0
0.0
0.0
0.0
0.0
0.0
0.0
0.03275635369513483
0.016966693677818105
0.0016122336271793278
0.0
0.0018233229786855344
0.01150348777473582
0.0
0.0015258092476438054
0.0
0.0
0.0
0.0
0.0
0.0
0.0
0.0
0.0
0.0
0.0
0.0
0.0
0.0
0.0
0.0
0.0
0.0
0.0
0.0
0.0
0.0
0.0
0.0037641100948587435
0.0
0.0
0.0
0.0
0.0
0.0
0.0
0.0
0.018546808281040196
0.002361879573028734
0.0
0.0
0.0
0.0
0.0
0.0
0.0
0.0
0.0
0.0
0.0
0.0
0.001689542869062302
0.0
0.0
0.0
0.0
0.0
0.0
0.0
0.0
0.0
0.0
0.0008061168135896639
0.0
0.0
0.0
0.0
0.0
0.0
0.0
0.0
0.0
0.0
0.0
0.0
0.0
0.0
0.0
0.0
0.0
0.0
0.0
0.0
0.0
0.0
0.0
0.0
0.0
0.0
0.0
0.0
0.0
0.0
0.0
0.0
0.0
0.0
0.0
0.0
0.0
0.002361879573028734
0.0
0.0
0.0
0.0
0.0037641100948587435
0.0
0.0
0.0
0.0
0.0023006975549471637
0.002331926061233469
0.0
0.0069957781837004076
0.0
0.01704317486268843
0.0
0.0
0.0
0.0
0.0
0.0
0.06033608379264872
0.0
0.004890071064520972
0.0
0.0
0.0
0.0024707841090811688
0.0
0.0
0.0
0.0
0.0
0.0
0.0
0.0
0.0
0.0
0.0005086030825479351
0.011362116575125617
0.0
0.0
0.0
0.0
0.0
0.0
0.0
0.0
0.0
0.0
0.0
0.0
0.0
0.004836700881537984
0.0
0.0
0.001314719896137599
0.0
0.0
0.0
0.0
0.0
0.0
0.0
0.0
0.0
0.0
0.0
0.0
0.0
0.0
0.0
0.0
0.0
0.0
0.0
0.0
0.0
0.0
0.004396291903220474
0.0
0.0
0.0
0.0
0.0
0.0014278293671646158
0.0
0.0
0.0
0.006902092664841491
0.0
0.0
0.0014278293671646158
0.0
0.0
0.0
0.0
0.0
0.0
0.0
0.0
0.0
0.002445035532260486
0.0
0.005278432755308166
0.0
0.0
0.0
0.0
0.0
0.007255051322306976
0.0
0.0
0.0
0.022887138714657085
0.0
0.0
0.0
0.0
0.0
0.0
0.0
0.0
0.0
0.0
0.0
0.0
0.0
0.0
0.0
0.0
0.0
0.0
0.0
0.0
0.0
0.002120836709727263
0.0
0.002445035532260486
0.0
0.0
0.0
0.0
0.0
0.0
0.0
0.0
0.0
0.0
0.0008061168135896639
0.0
0.0
0.0
0.0
0.0
0.0
0.0
0.016129031166114215
0.0
0.0
0.0
0.0
0.0
0.0
0.0
0.0
0.0
0.0
0.0
0.0
0.002198145951610237
0.0
0.0
0.0
0.0
0.0008061168135896639
0.0
0.0
0.0
0.0
0.0
0.0
0.0
0.0
0.0
0.0
0.0
0.0
0.0
0.0
0.0
0.0
0.0
0.0
0.0
0.0
0.0
0.011362116575125617
0.0
0.0
0.0
0.0
0.0
0.003944159688412797
0.0
0.0
0.0
0.0
0.0
0.011659630306167346
0.0027248674644596267
0.0
0.0
0.0
0.0
0.0
0.0
0.0
0.0
0.0
0.0
0.0
0.0
0.0
0.0
0.0
0.0
0.0
0.002331926061233469
0.0
0.0
0.0
0.0
0.0
0.0
0.0
0.0
0.0
0.0
0.0
0.0
0.0
0.0
0.0
0.0
0.0
0.0
0.0
0.0
0.0
0.0
0.0
0.0
0.0
0.0010172061650958702
0.0
0.0
0.0
0.0
0.0
0.0
0.0
0.0015258092476438054
0.0
0.0
0.0
0.001689542869062302
0.0
0.0
0.0
0.0
0.0
0.0
0.0
0.0
0.0
0.0
0.0
0.0
0.0
0.0
0.0
0.0
0.0
0.001314719896137599
0.0015258092476438054
0.0
0.0
0.0
0.0
0.0
0.0
0.0
0.0
0.0
0.0
0.0
0.0008061168135896639
0.0024183504407689917
0.0
0.030902307012446093
0.0
0.001759477585102722
0.0
0.0
0.01695048607349785
0.0
0.0
0.032344591087787984
0.005646165142288115
0.0018233229786855344
0.002418350440768992
0.0046013951098943275
0.0
0.0
0.0
0.001180939786514367
0.0
0.0
0.0
0.0
0.0
0.004321018055555186
0.0
0.0
0.0
0.0
0.0
0.0
0.0
0.0
0.0
0.0
0.0
0.0
0.0
0.0
0.0
0.0
0.0
0.0
0.0
0.0
0.0035428193595431006
0.0
0.0
0.0
0.0
0.0
0.0
0.0
0.0
0.0
0.0
0.0
0.0
0.0
0.0
0.0
0.0
0.0
0.0
0.003518955170205444
0.0
0.0
0.0
0.0
0.0
0.0
0.0
0.0
0.0
0.0
0.0
0.0
0.0
0.0
0.0
0.0
0.0
0.0
0.0
0.0
0.0
0.0
0.0
0.005258879584550396
0.0
0.0
0.0
0.0
0.0
0.0
0.0
0.0010172061650958702
0.0005086030825479351
0.0
0.0
0.0
0.0
0.0
0.0
0.0
0.0
0.0
0.0
0.0008061168135896639
0.0
0.0
0.0
0.0
0.0
0.0
0.0
0.0
0.005039439030020743
0.0
0.0
0.0
0.0015258092476438054
0.010826996136632691
0.004836700881537984
0.0
0.004890071064520972
0.0
0.0
0.0
0.0
0.012316343095719055
0.0
0.0008061168135896639
0.0
0.0
0.0
0.0
0.024838334828664325
0.0
0.0
0.0
0.0
0.009562632519909227
0.0
0.0
0.0
0.0
0.0
0.0
0.0
0.0005086030825479351
0.0016122336271793278
0.0
0.0
0.0
0.0
0.0
0.0
0.0
0.0
0.0
0.0025430154127396762
0.0
0.0
0.0
0.0
0.0
0.0
0.0054497349289192535
0.0
0.0
0.0
0.0
0.0
0.0015258092476438054
0.0
0.0
0.001759477585102722
0.0
0.0
0.0
0.0
0.0
0.0
0.0
0.002160509027777593
0.0
0.0
0.0
0.0
0.0
0.0
0.0
0.0018233229786855344
0.0
0.010826996136632691
0.0
0.0
0.001314719896137599
0.0
0.0
0.0
0.0
0.0
0.001180939786514367
0.0016122336271793278
0.0
0.0
0.0022680806676506574
0.0
0.002198145951610237
0.0
0.0
0.0
0.001314719896137599
0.0
0.0
0.0
0.0
0.0
0.0
0.0
0.0
0.0
0.0
0.0
0.014496306062626212
0.0
0.0
0.0
0.0
0.0
0.004467892361508559
0.007255051322306976
0.0
0.0
0.005039439030020743
0.0
0.0
0.0
0.0
0.0
0.0
0.0
0.0
0.0
0.0
0.001314719896137599
0.0
0.0
0.0
0.0
0.0
0.0
0.0
0.0
0.0
0.0
0.0
0.0
0.0
0.0016122336271793278
0.0
0.0
0.0
0.0
0.001314719896137599
0.0022339461807542797
0.0
0.0
0.0
0.0
0.0
0.0
0.0
0.0
0.0
0.0
0.0
0.0
0.0
0.002495659682651966
0.0
0.0
0.0
0.0
0.0
0.0
0.0
0.0
0.0037641100948587435
0.0
0.0
0.0
0.0
0.0018820550474293717
0.0
0.0
0.0
0.0
0.0
0.0
0.0
0.0
0.0
0.0018233229786855344
0.0
0.0
0.0
0.0
0.0014278293671646158
0.0
0.0
0.0
0.0
0.0
0.019087530387545366
0.0
0.001314719896137599
0.0
0.0
0.0
0.0
0.0
0.0
0.0
0.0
0.0
0.002361879573028734
0.0
0.0
0.0
0.002361879573028734
0.0
0.0037641100948587435
0.0
0.0005086030825479351
0.0
0.0
0.0
0.007629046238219028
0.0
0.0
0.0
0.04725821783693474
0.003518955170205444
0.0
0.0
0.0
0.0
0.0
0.0
0.001759477585102722
0.0
0.004663852122466938
0.0
0.0
0.0
0.0
0.0
0.0
0.0
0.0
0.0
0.0
0.0
0.01634920478675776
0.0014278293671646158
0.0
0.0
0.0
0.0
0.0
0.0
0.0
0.0022680806676506574
0.0
0.0
0.0
0.0
0.01209175220384496
0.0019364324497125505
0.0005086030825479351
0.0
0.0
0.0
0.0010172061650958702
0.0015258092476438054
0.0
0.001314719896137599
0.0
0.0
0.0
0.07574418799428553
0.005039439030020743
0.0
0.0
0.0
0.0
0.0
0.0
0.010172061650958705
0.0023006975549471637
0.008792583806440948
0.0
0.0
0.0
0.0
0.0
0.0
0.0
0.0
0.0
0.0
0.0
0.0
0.0026881718610190356
0.006236688602580191
0.016014672661953167
0.0
0.21849284998351598
0.0
0.0
0.0
0.0
0.0
0.006362510129181789
0.0
0.018817203027133248
0.0
0.0
0.0
0.0
0.0
0.0
0.012827971993461931
0.0
0.001314719896137599
0.0
0.0
0.0
0.023523338972936715
0.0
0.0
0.0
0.0
0.0
0.0
0.0
0.0
0.0
0.0
0.0
0.0
0.0
0.0
0.0
0.0
0.0
0.0015258092476438054
0.0
0.0
0.0
0.0
0.0
0.0
0.0
0.0
0.0
0.0
0.0
0.09658946626945861
0.0
0.005258879584550396
0.0
0.0
0.0
0.0
0.0
0.0
0.0
0.0
0.0
0.0
0.0
0.0
0.0
0.0
0.0
0.0
0.007293291914742137
0.0
0.011659630306167346
0.0
0.0
0.0
0.0
0.0
0.0
0.0
0.0
0.0
0.0
0.0
0.0
0.0
0.0
0.0
0.001180939786514367
0.0
0.0
0.0
0.0
0.0
0.0
0.0
0.0
0.0
0.0
0.0
0.0
0.0
0.0
0.0
0.0
0.005646165142288115
0.0
0.0
0.0
0.0
0.001180939786514367
0.0
0.0
0.0
0.0
0.0
0.0
0.0
0.0
0.0008061168135896639
0.0
0.0
0.009327704244933876
0.0
0.0
0.0
0.0023006975549471637
0.0
0.0
0.0005086030825479351
0.0
0.0
0.0
0.0
0.0
0.0
0.01780110788917773
0.001987056600104031
0.005809297349137652
0.0
0.0
0.0
0.0
0.0030516184952876107
0.0
0.009202790219788655
0.0016122336271793278
0.0
0.0
0.0
0.0
0.0
0.0
0.0
0.0
0.0
0.0
0.0
0.0
0.0
0.0
0.001314719896137599
0.0
0.0
0.002629439792275198
0.006448934508717311
0.04323126201657449
0.0
0.0
0.0
0.0
0.0010172061650958702
0.0042834881014938465
0.0
0.0
0.006481527083332778
0.0019364324497125505
0.0
0.005278432755308166
0.0
0.0
0.0
0.0
0.0005086030825479351
0.0
0.0
0.0
0.0
0.0
0.0
0.0
0.0
0.0010172061650958702
0.0
0.005376343722038071
0.0
0.001314719896137599
0.0
0.0
0.0
0.0
0.0
0.017395567275151454
0.001180939786514367
0.0
0.0
0.0
0.0
0.0
0.0
0.0
0.0
0.0016122336271793278
0.0
0.0
0.0
0.0
0.0
0.004723759146057468
0.001987056600104031
0.0
0.0016122336271793278
0.003974113200208062
0.0
0.0
0.0
0.04348891818787864
0.0019364324497125505
0.0
0.0
0.0
0.0
0.0
0.00907232267060263
0.0
0.0
0.002629439792275198
0.005278432755308166
0.0
0.0
0.0
0.0
0.0
0.0
0.0026495440401485995
0.0
0.0
0.0
0.0
0.0
0.0
0.001987056600104031
0.004068824660383481
0.0
0.0
0.0
0.0
0.0
0.0
0.0
0.0
0.011169730903771397
0.0
0.0
0.0
0.001689542869062302
0.0014278293671646158
0.0
0.0005086030825479351
0.0
0.0
0.0
0.002629439792275198
0.0
0.0
0.0
0.0
0.001180939786514367
0.0
0.006103236990575221
0.0
0.0
0.0
0.0005086030825479351
0.01943678625139015
0.0
0.002361879573028734
0.0
0.0
0.0
0.0015258092476438054
0.0
0.0
0.0
0.0
0.0
0.0
0.0
0.0
0.0
0.009202790219788655
0.0
0.0
0.0
0.0005086030825479351
0.0
0.0
0.0
0.0
0.0
0.0
0.0
0.31013205455488424
0.0018820550474293717
0.0
0.0018820550474293717
0.0018820550474293717
0.0
0.0
0.0
0.0005086030825479351
0.0
0.001180939786514367
0.0
0.06668300788808057
0.0
0.0
0.0
0.0
0.0
0.0
0.0
0.0
0.0
0.003518955170205444
0.0
0.0
0.0
0.0
0.0
0.0
0.026495440401485996
0.0
0.0
0.023478922383110848
0.0
0.0
0.0
0.0
0.0
0.0
0.0
0.0
0.0
0.0
0.0
0.001180939786514367
0.0
0.0
0.0
0.0
0.0
0.0
0.0
0.0
0.0
0.0
0.0
0.0008061168135896639
0.018112494983855993
0.003872864899425101
0.0
0.0015258092476438054
0.0
0.0
0.0014278293671646158
0.0
0.0
0.0
0.0
0.0
0.0
0.0
0.0
0.0
0.0
0.0
0.0
0.0
0.0
0.0
0.0
0.0
0.0
0.0
0.0
0.0
0.012937496417039996
0.0027425492633022146
0.0
0.0
0.0
0.0
0.0
0.0
0.0
0.0
0.0
0.0
0.0
0.019346803526151937
0.0
0.0
0.0
0.0
0.0
0.0
0.0
0.0
0.0
0.0
0.0
0.0
0.0
0.0
0.0
0.0
0.0
0.0
0.0
0.0
0.0
0.0
0.0
0.0
0.0
0.0
0.0
0.0
0.0
0.0
0.0
0.0
0.0
0.0
0.0
0.0
0.0
0.0
0.0
0.0
0.0156526149220739
0.0
0.0
0.0
0.0
0.0
0.0
0.0
0.0
0.0
0.0
0.0
0.0
0.0
0.0010172061650958702
0.0
0.0
0.0
0.0
0.0
0.0
0.0
0.0
0.0
0.0
0.0
0.0
0.0
0.0
0.0
0.0016122336271793278
0.0
0.0
0.0
0.0
0.0
0.0
0.0
0.0
0.002809300637495099
0.0
0.0
0.0
0.0
0.0
0.0
0.003872864899425101
0.0
0.0
0.0
0.0008061168135896639
0.0
0.0
0.0
0.0
0.0
0.0
0.0
0.020093378589036683
0.0
0.0
0.0
0.0
0.0
0.0
0.001180939786514367
0.0
0.0
0.0
0.0
0.0
0.0
0.0
0.0
0.0
0.0
0.0
0.0
0.0
0.0
0.0
0.0
0.0
0.0
0.0
0.0
0.0
0.0
0.0
0.0
0.004663852122466938
0.0
0.0023906581299773066
0.0
0.0
0.0
0.0
0.0
0.0
0.024956596826519663
0.0
0.0
0.007888319376825595
0.0
0.0
0.0
0.001689542869062302
0.0
0.0
0.0
0.018655408489867752
0.0
0.36329754962143584
0.0
0.0
0.0
0.0
0.0
0.013147198961375992
0.0
0.0
0.0
0.0
0.0
0.0
0.0
0.0
0.0
0.0
0.0
0.0
0.0
0.0
0.0
0.0
0.0
0.0
0.0
0.0
0.0
0.0
0.0
0.07501033837569293
0.0
0.001689542869062302
0.0
0.0015258092476438054
0.004068824660383481
0.0019364324497125505
0.0
0.0
0.0
0.0024183504407689917
0.0
0.0
0.0
0.0
0.0
0.0
0.001314719896137599
0.0
0.0
0.0
0.011422634937316926
0.0016122336271793278
0.0
0.0005086030825479351
0.0
0.0
0.0
0.0
0.0
0.0
0.0
0.06468918217557597
0.002706749034158173
0.0
0.0
0.0
0.0
0.0
0.0
0.0
0.0
0.0
0.002793173413693695
0.0
0.0
0.0
0.0
0.0
0.0028556587343292316
0.0
0.0
0.0
0.0
0.0
0.0
0.0
0.0
0.0
0.0023906581299773066
0.0
0.0
0.0
0.0
0.0
0.0
0.0014278293671646158
0.0
0.0
0.0014278293671646158
0.0005086030825479351
0.0708465540759503
0.0
0.0
0.0
0.0
0.0020344123301917405
0.0
0.0
0.0
0.0
0.0
0.0
0.0
0.0
0.0
0.0
0.0
0.0
0.0
0.0
0.0
0.0
0.0
0.0019364324497125505
0.0
0.0
0.0
0.0
0.0
0.0
0.0
0.0
0.004781316259954613
0.0
0.0
0.014278293671646158
0.0
0.0
0.0
0.0
0.0
0.0
0.0
0.0010172061650958702
0.0
0.0
0.0
0.0
0.028342554876344805
0.0
0.0
0.0
0.0
0.0
0.0
0.011300324048998568
0.0
0.0
0.0
0.0
0.0
0.0
0.0
0.0
0.0
0.0
0.0
0.0
0.004321018055555186
0.0022339461807542797
0.004536161335301315
0.0032244672543586556
0.0
0.0016122336271793278
0.0
0.0
0.0
0.0
0.0
0.0
0.0
0.0
0.0
0.0
0.0
0.0
0.005299088080297199
0.0
0.0
0.0
0.0
0.0
0.0
0.0
0.0
0.0
0.0
0.0
0.0
0.0
0.0
0.0
0.0
0.0
0.02556476229403264
0.0
0.0
0.0046013951098943275
0.0
0.0
0.0
0.0
0.0
0.0
0.0
0.0
0.0
0.0
0.0
0.0
0.006448934508717311
0.0023006975549471637
0.0
0.0
0.02069999426726399
0.0
0.011422634937316926
0.0
0.0
0.0
0.0023906581299773066
0.0
0.0014278293671646158
0.0
0.04975820989638777
0.0
0.0
0.0
0.0
0.0
0.0
0.0
0.0
0.0
0.0008061168135896639
0.0
0.0
0.0
0.0
0.0
0.007629046238219026
0.0
0.0
0.0
0.0
0.0
0.0
0.0
0.002495659682651966
0.0
0.002418350440768992
0.009562632519909227
0.0
0.0
0.0
0.0
0.0
0.0
0.0018820550474293717
0.0
0.0
0.0
0.0
0.0
0.0
0.0
0.0
0.0156526149220739
0.002078896200860064
0.0
0.014046503187475495
0.0015258092476438054
0.0032244672543586556
0.0
0.0
0.0
0.0
0.0
0.0
0.012353920545405843
0.0
0.0
0.0016122336271793278
0.0
0.016129031166114215
0.022378535632109144
0.0
0.0
0.005711317468658463
0.02034412330191741
0.001314719896137599
0.0
0.0
0.0
0.0
0.0
0.0
0.002495659682651966
0.0
0.0
0.0
0.0
0.0
0.0
0.0
0.0
0.0
0.0
0.0
0.0
0.0
0.0008061168135896639
0.0
0.0
0.0020344123301917405
0.0
0.01110673500079437
0.0
0.0
0.0
0.0
0.0018820550474293717
0.003518955170205444
0.0
0.0
0.0
0.0
0.0
0.0
0.0
0.0
0.0
0.0
0.0010172061650958702
0.0321964887564862
0.0
0.0
0.0
0.0
0.0046013951098943275
0.0
0.0
0.0
0.0
0.0
0.0
0.0
0.0
0.0008061168135896639
0.0
0.0
0.0
0.0
0.0
0.0
0.0
0.0
0.0
0.0
0.034620156173396734
0.0
0.0
0.0
0.0
0.0
0.0
0.0
0.0
0.0
0.0
0.0
0.0
0.0
0.0
0.0
0.0
0.0
0.0
0.0
0.0
0.0
0.0
0.013440859305095178
0.0
0.0
0.0
0.0
0.0
0.0
0.0
0.0
0.0
0.0010172061650958702
0.0
0.001987056600104031
0.0
0.0
0.007629046238219026
0.0
0.0
0.0
0.0
0.05085145822049355
0.0
0.027931734136936948
0.0
0.0
0.0
0.0
0.0
0.0
0.0
0.0
0.0
0.0
0.0
0.0
0.0
0.0
0.0
0.0
0.007412352327243506
0.0
0.0019364324497125505
0.0
0.014670213193562917
0.0
0.0
0.0
0.005299088080297199
0.0
0.0
0.001314719896137599
0.0
0.0
0.0
0.0
0.0
0.0
0.0
0.0
0.0
0.0019364324497125505
0.0
0.0
0.0
0.0
0.0
0.0
0.0
0.0
0.0
0.0
0.004663852122466938
0.0
0.0
0.0
0.0
0.0
0.0
0.0026495440401485995
0.0
0.0
0.0
0.0
0.0
0.0008061168135896639
0.0
0.0
0.0
0.008120247102474519
0.0
0.0
0.0
0.0
0.020195091101148095
0.0
0.0014278293671646158
0.0
0.0
0.0015258092476438054
0.0
0.0
0.0
0.0
0.0
0.0
0.0010172061650958702
0.0008061168135896639
0.0
0.0
0.0
0.0
0.0
0.0
0.0
0.0
0.0
0.0
0.0
0.0
0.0
0.0
0.0
0.0
0.0
0.0
0.0
0.0015258092476438054
0.0
0.0005086030825479351
0.0
0.0
0.0
0.0
0.0
0.0
0.0
0.0
0.0
0.0
0.0
0.0
0.0
0.0
0.0
0.008227647789906645
0.0
0.0
0.0016122336271793278
0.0
0.003974113200208062
0.0
0.0
0.0
0.0
0.0
0.0
0.0
0.04683125637307083
0.0
0.0
0.0
0.0
0.0
0.01675904048216217
0.0
0.0
0.0
0.0
0.0
0.0
0.0
0.0
0.0
0.0
0.0018820550474293717
0.0
0.0
0.0010172061650958702
0.0
0.0
0.007629046238219026
0.0
0.021505374888152285
0.0
0.0
0.0
0.0
0.0
0.0
0.0
0.0
0.0
0.0
0.0
0.0
0.0
0.0
0.01634920478675776
0.032344591087787984
0.0
0.001314719896137599
0.0
0.0
0.005174998566815998
0.0
0.0
0.0
0.0
0.0
0.0
0.0
0.0
0.0
0.020294828487676695
0.0026881718610190356
0.0
0.0
0.0
0.0
0.0
0.0
0.0
0.0
0.0
0.0
0.0
0.0
0.0
0.0
0.0
0.0
0.0
0.0010172061650958702
0.0
0.0
0.0
0.016855803824970594
0.0
0.001689542869062302
0.0
0.0
0.0
0.0
0.0
0.0
0.0
0.0
0.0
0.0
0.0
0.0
0.0
0.0
0.0
0.0
0.0
0.0
0.0
0.0
0.031245820581595446
0.0
0.020294828487676695
0.0
0.0
0.0
0.0
0.0
0.0
0.0
0.0
0.002361879573028734
0.0
0.0
0.0
0.003974113200208062
0.0
0.0
0.0
0.0
0.0
0.0
0.005068628607186906
0.0
0.0
0.0
0.0
0.0
0.0
0.0
0.002361879573028734
0.0
0.0
0.0
0.0
0.0
0.0022339461807542797
0.0
0.05316549506655158
0.0
0.010676448441302111
0.0
0.0
0.0
0.013624337322298133
0.0
0.028850130144497277
0.0
0.0
0.0
0.004068824660383481
0.0023906581299773066
0.0
0.0
0.0
0.0
0.0
0.0
0.0
0.0
0.013712746316511074
0.005299088080297199
0.0
0.0
0.0
0.0
0.0
0.0
0.0
0.0
0.0
0.0
0.0
0.0
0.0
0.0
0.0
0.0
0.0
0.0
0.0
0.0
0.0
0.0
0.0
0.0
0.0
0.0
0.0
0.0
0.0
0.0
0.0
0.0
0.0
0.0
0.0
0.0
0.0
0.0
0.0
0.0
0.0
0.003872864899425101
0.0
0.007139146835823079
0.0
0.0
0.0042834881014938465
0.0
0.0
0.004991319365303932
0.0
0.0
0.0
0.0
0.0
0.0005086030825479351
0.0
0.07679460398501896
0.0
0.0
0.02039266599846149
0.0
0.003518955170205444
0.002629439792275198
0.0
0.0
0.001314719896137599
0.0
0.0
0.0
0.0
0.0
0.0
0.0
0.002418350440768992
0.0
0.0
0.0005086030825479351
0.0
0.0
0.0
0.0
0.0
0.0
0.0
0.0
0.0
0.0
0.0
0.029132379997802132
0.0
0.0
0.0025197195150103717
0.0
0.0
0.0
0.0
0.0
0.0
0.0
0.0
0.0
0.0
0.0
0.02596511713004755
0.008792583806440948
0.0
0.0
0.0
0.0
0.14472829212561264
0.0
0.0
0.0
0.0
0.04097734932643698
0.0
0.0
0.0
0.0
0.0
0.0
0.0016122336271793278
0.0
0.0
0.0
0.0
0.0
0.0
0.0
0.0
0.0
0.0
0.0
0.0
0.0
0.0
0.0
0.028556587343292316
0.0
0.0
0.0
0.0
0.0
0.0
0.0
0.0
0.0
0.0
0.0
0.0
0.0
0.0
0.0
0.0
0.0
0.0
0.0
0.0
0.0
0.0
0.0
0.0
0.0
0.0
0.0
0.010172061650958705
0.0
0.0
0.0
0.0
0.0
0.0
0.0
0.0
0.0
0.0
0.0
0.0
0.0
0.001987056600104031
0.0
0.0
0.0
0.0
0.0
0.0
0.0
0.0
0.0
0.0
0.0
0.0
0.0
0.0
0.0
0.0
0.0
0.0005086030825479351
0.0
0.0
0.0
0.0
0.0
0.009202790219788655
0.0
0.0
0.0
0.0
0.0
0.0
0.0
0.002361879573028734
0.0
0.0
0.003379085738124604
0.0
0.0022680806676506574
0.0
0.0
0.0
0.0
0.0
0.0
0.0025655943986923864
0.0030516184952876107
0.0
0.0
0.0019364324497125505
0.0
0.0
0.0
0.0
0.0
0.0
0.0
0.0
0.0
0.0
0.0008061168135896639
0.0
0.0
0.0
0.0
0.0
0.0
0.0
0.0015258092476438054
0.0
0.0
0.0
0.0
0.0
0.0
0.0
0.0
0.0
0.0030516184952876107
0.0
0.0
0.0
0.0
0.0
0.0
0.10337735151829476
0.001689542869062302
0.02069999426726399
0.0
0.0
0.0
0.0
0.0
0.0
0.0010172061650958702
0.0
0.0
0.003944159688412797
0.0
0.0
0.0
0.0
0.0
0.0
0.0
0.0
0.0
0.0
0.007412352327243506
0.0
0.0
0.0
0.0
0.0
0.0
0.0
0.0
0.0
0.0
0.0
0.0
0.0
0.0
0.0
0.0
0.0
0.0
0.0
0.0
0.0
0.002445035532260486
0.0
0.0
0.0
0.0
0.00879738792551361
0.0
0.0
0.0
0.0
0.0
0.0
0.0
0.0008061168135896639
0.0
0.0
0.0
0.0
0.0
0.0
0.0
0.007486979047955898
0.0
0.0
0.0
0.0
0.0
0.008521587431344214
0.004157792401720128
0.0
0.0
0.0
0.0
0.0
0.0
0.0
0.0
0.002198145951610237
0.0
0.0
0.0
0.0
0.0
0.0
0.0
0.0
0.0
0.001314719896137599
0.0005086030825479351
0.0
0.0
0.0
0.0
0.0
0.0
0.0014278293671646158
0.0
0.0
0.0
0.0
0.0
0.0
0.0
0.0
0.0
0.0
0.0
0.013883418750992964
0.0
0.0027248674644596267
0.0
0.005258879584550396
0.005809297349137652
0.005809297349137652
0.0
0.0
0.0
0.0
0.002120836709727263
0.0
0.0020344123301917405
0.0010172061650958702
0.0
0.0
0.0
0.0
0.0
0.0
0.0
0.0
0.0
0.001987056600104031
0.001314719896137599
0.0
0.0
0.0
0.0
0.0
0.0020344123301917405
0.0008061168135896639
0.0
0.0
0.001314719896137599
0.0
0.013147198961375992
0.021196352321188796
0.0
0.006103236990575221
0.0
0.0
0.0
0.0
0.001689542869062302
0.0
0.0
0.0
0.0
0.0010172061650958702
0.0
0.0
0.0005086030825479351
0.0
0.0
0.0
0.0
0.0
0.0
0.0
0.0
0.0
0.0
0.0
0.0
0.0
0.0
0.0
0.001759477585102722
0.0
0.0
0.0
0.0
0.0
0.0
0.0
0.0
0.0
0.0
0.0
0.0
0.0
0.0
0.0
0.0
0.0
0.0
0.028992612125252424
0.0
0.0
0.0
0.0
0.0
0.0
0.0
0.0
0.0
0.0
0.0
0.0
0.0
0.0
0.0
0.0
0.0
0.0
0.0
0.0
0.0
0.0018820550474293717
0.0
0.0
0.0008061168135896639
0.002361879573028734
0.0
0.0
0.0
0.0
0.0
0.0
0.0
0.0
0.003518955170205444
0.0
0.0049415682181623375
0.001314719896137599
0.0
0.007888319376825595
0.009883136436324675
0.0
0.0
0.0016122336271793278
0.0
0.0
0.0
0.0
0.0037641100948587435
0.004241673419454526
0.0
0.0
0.0
0.0
0.0
0.0
0.0
0.0
0.0
0.0
0.0
0.0
0.0
0.0
0.0
0.0
0.006902092664841491
0.0
0.0
0.0
0.0
0.0
0.006236688602580191
0.0
0.0
0.0
0.0
0.0
0.0
0.0
0.0
0.0
0.0
0.0
0.0
0.0
0.0
0.0
0.0
0.0
0.0016122336271793278
0.0
0.0
0.0
0.0
0.0
0.0
0.0
0.0
0.0
0.0
0.0
0.0
0.002198145951610237
0.005376343722038071
0.001987056600104031
0.0
0.0
0.0
0.0
0.0
0.0
0.0
0.0
0.004241673419454526
0.0
0.0
0.0
0.0
0.010078878060041487
0.0
0.0
0.0
0.0
0.0
0.0
0.008064515583057107
0.0
0.0
0.0
0.0
0.0
0.0
0.0
0.0
0.0010172061650958702
0.0
0.0
0.0
0.0
0.0
0.0
0.0005086030825479351
0.0
0.0008061168135896639
0.0
0.0
0.0
0.0016122336271793278
0.0
0.003379085738124604
0.0019364324497125505
0.0
0.0
0.011652951999120852
0.0
0.0
0.0
0.0
0.0
0.0
0.0
0.0
0.0
0.0
0.0
0.007745729798850202
0.0
0.0005086030825479351
0.0008061168135896639
0.001759477585102722
0.0
0.0
0.0
0.0
0.0
0.0
0.0
0.0
0.0
0.0
0.004068824660383481
0.0005086030825479351
0.0
0.0
0.0
0.0053382242206510555
0.0
0.0
0.0
0.0
0.0
0.0
0.0
0.0
0.002078896200860064
0.0
0.0
0.0
0.0
0.0
0.0
0.0
0.0
0.0
0.0
0.0
0.0
0.0
0.0
0.0
0.0
0.0
0.0
0.0014278293671646158
0.0
0.0
0.0
0.0
0.0
0.0005086030825479351
0.0
0.002078896200860064
0.0
0.0
0.0
0.0
0.0
0.14535511095501738
0.0
0.0
0.0
0.0
0.002078896200860064
0.0008061168135896639
0.0
0.0
0.0025655943986923864
0.0
0.0
0.0
0.0
0.0
0.0
0.021605090277775928
0.0
0.011953290649886535
0.0
0.0
0.0
0.0
0.0054497349289192535
0.0
0.0
0.0
0.0
0.0
0.0
0.0
0.001180939786514367
0.0
0.001689542869062302
0.0
0.0
0.0
0.0
0.0
0.0
0.0
0.0015258092476438054
0.0
0.0
0.0
0.0005086030825479351
0.0
0.0
0.002198145951610237
0.0
0.0
0.0
0.0
0.0
0.0
0.0
0.0
0.0
0.0
0.0
0.0
0.0
0.0
0.0
0.0
0.0
0.0
0.0
0.0
0.0
0.0
0.0
0.002587499283407999
0.0
0.0
0.0025197195150103717
0.0
0.0
0.0018233229786855344
0.0
0.0
0.0
0.0
0.0
0.0
0.002078896200860064
0.002160509027777593
0.0
0.0
0.0
0.0
0.0
0.0
0.0
0.0
0.0026881718610190356
0.0
0.0
0.0
0.0
0.0
0.0
0.0
0.001759477585102722
0.0016122336271793278
0.0
0.0
0.0
0.0
0.0
0.0
0.0
0.0
0.0
0.0
0.0022680806676506574
0.0
0.0
0.0
0.0
0.0
0.0
0.0
0.0
0.0
0.001314719896137599
0.013909396200728218
0.0
0.0
0.0
0.0008061168135896639
0.0
0.0
0.003518955170205444
0.0
0.0
0.005853907046633854
0.0
0.0313052298441478
0.0
0.0
0.0
0.0
0.0
0.0
0.0
0.0
0.0
0.0
0.004467892361508559
0.0
0.0
0.0
0.0
0.0
0.0
0.0
0.0
0.0
0.0
0.0
0.0
0.0
0.0
0.0
0.0
0.0
0.0
0.005131188797384773
0.0
0.001180939786514367
0.0
0.0
0.005217538307357965
0.0
0.0
0.0
0.0
0.0
0.0
0.0
0.0
0.0
0.0
0.0
0.0
0.0
0.0
0.0
0.0
0.0
0.0
0.0014278293671646158
0.0
0.0
0.0
0.0
0.0
0.0
0.0
0.0
0.0
0.0
0.0
0.0
0.0
0.0
0.0
0.0
0.0
0.0
0.0
0.0
0.0
0.0
0.0
0.0
0.0
0.0
0.0
0.006362510129181789
0.0
0.0
0.0
0.0
0.0
0.0
0.0
0.0
0.0
0.0
0.0
0.0
0.001987056600104031
0.0
0.0
0.0
0.0
0.0
0.002198145951610237
0.0
0.0
0.0
0.0
0.0
0.0
0.0
0.0
0.0
0.0
0.0
0.0
0.0
0.0
0.0
0.0
0.0
0.0
0.0
0.0
0.0
0.0
0.0
0.0
0.0
0.0
0.0
0.0
0.0018820550474293717
0.0
0.0
0.0
0.0
0.0
0.0
0.0
0.0
0.0
0.0
0.0
0.0
0.0
0.0
0.0
0.0
0.0
0.0
0.013909396200728218
0.0
0.0
0.0
0.0
0.0
0.0024707841090811688
0.0
0.05681058287562808
0.0
0.0
0.0
0.0
0.0
0.0
0.0
0.0
0.0
0.0
0.0
0.0018820550474293717
0.002120836709727263
0.0
0.0
0.0
0.0
0.0
0.0
0.0
0.0
0.0
0.0
0.0
0.0010172061650958702
0.0
0.0
0.0
0.0
0.0
0.001314719896137599
0.0
0.0
0.0
0.0
0.0
0.0
0.0
0.0
0.0
0.006236688602580191
0.0
0.0
0.0
0.0
0.0
0.0
0.0
0.0016122336271793278
0.0
0.0
0.0
0.0
0.0
0.0
0.0
0.0
0.007255051322306976
0.0
0.0025197195150103717
0.0
0.0
0.0
0.0
0.0
0.002198145951610237
0.0
0.0
0.0
0.2628738367179495
0.0
0.0
0.0
0.0
0.0
0.001180939786514367
0.0
0.0
0.0
0.0
0.0
0.008521587431344214
0.0
0.0
0.0
0.0025430154127396762
0.0
0.06888814504386359
0.0
0.0
0.0
0.0
0.0
0.0
0.0024707841090811688
0.016240494204949038
0.0
0.0
0.001689542869062302
0.0
0.0
0.0
0.0
0.0
0.0
0.0
0.0
0.0
0.0
0.0
0.0
0.0
0.0
0.0
0.011618594698275303
0.05932670125724247
0.016104882884630148
0.0
0.0016122336271793278
0.0
0.0
0.0
0.0
0.0
0.0
0.0
0.0
0.0
0.0
0.0
0.0
0.0
0.06215178226949211
0.0
0.0
0.0
0.0
0.0
0.0
0.0
0.0
0.0
0.0
0.0
0.0
0.0
0.0
0.0
0.0
0.0
0.0
0.0
0.0
0.0
0.0
0.0
0.0020344123301917405
0.008642036111110371
0.0
0.0
0.0
0.0
0.005485098526604429
0.0
0.0
0.0
0.002418350440768992
0.0
0.0
0.0
0.002793173413693695
0.026297239429750374
0.0
0.0
0.0
0.0
0.0
0.0
0.0
0.0010172061650958702
0.013247720200742998
0.0
0.0
0.0005086030825479351
0.0
0.0
0.0008061168135896639
0.0
0.0
0.0
0.0
0.0
0.0015258092476438054
0.0
0.002495659682651966
0.0014278293671646158
0.0
0.0
0.002120836709727263
0.0
0.0
0.0
0.0
0.0
0.0
0.0
0.0
0.0
0.0
0.0
0.0
0.0
0.0
0.003379085738124604
0.0
0.0
0.0
0.0
0.0
0.0025430154127396762
0.0
0.0
0.0
0.0008061168135896639
0.0
0.0
0.0
0.001180939786514367
0.0
0.0
0.0
0.0
0.0
0.0
0.0
0.0
0.0
0.0
0.0
0.0
0.0
0.0
0.0
0.0
0.0
0.0
0.0
0.0
0.0
0.0
0.0
0.0
0.12643794697953484
0.0
0.0
0.0
0.0
0.0
0.0
0.0046013951098943275
0.0
0.0
0.0
0.0
0.0
0.0
0.0
0.0
0.0
0.0
0.0
0.0
0.0014278293671646158
0.0
0.0
0.0053382242206510555
0.002361879573028734
0.0
0.0
0.0
0.0
0.0
0.0
0.0
0.0
0.0
0.0
0.0
0.0
0.0
0.0
0.0
0.0
0.0
0.0
0.0
0.0015258092476438054
0.0
0.0
0.0
0.0
0.0
0.0
0.0
0.0
0.0
0.0
0.0
0.001180939786514367
0.0
0.0
0.0
0.0023906581299773066
0.0
0.0
0.0
0.0
0.0018820550474293717
0.0
0.0
0.0028405291437814044
0.0
0.010752687444076143
0.0008061168135896639
0.0
0.0
0.002361879573028734
0.0
0.0
0.0014278293671646158
0.0
0.0
0.0
0.0
0.0
0.0
0.0
0.0
0.0
0.0
0.0
0.0
0.0
0.0
0.0
0.0
0.0
0.0
0.0
0.0
0.0
0.0
0.0
0.0
0.0
0.0
0.0
0.0
0.0
0.0
0.0
0.0
0.0
0.0
0.0
0.0
0.0
0.0
0.0014278293671646158
0.0
0.0
0.0
0.0
0.0
0.0
0.0
0.0
0.0
0.0
0.0
0.0
0.0
0.132318781722769
0.0
0.0
0.0
0.0
0.0
0.002078896200860064
0.0
0.0008061168135896639
0.0
0.0
0.0
0.0
0.0
0.0
0.0
0.0
0.0
0.0
0.0
0.02809300637495099
0.0
0.0
0.0
0.0
0.0005086030825479351
0.006481527083332778
0.0
0.0
0.0
0.0
0.0
0.0010172061650958702
0.0
0.0
0.0
0.002361879573028734
0.0
0.0
0.0
0.0
0.0
0.0
0.0
0.0
0.0
0.0
0.0
0.0
0.0
0.0
0.0020344123301917405
0.004396291903220474
0.0
0.0027598149809627028
0.0
0.0
0.0
0.0
0.0
0.0
0.0
0.0
0.001987056600104031
0.0
0.004723759146057468
0.0
0.0
0.0
0.0
0.0016122336271793278
0.0
0.0
0.0
0.0
0.0
0.0
0.0010172061650958702
0.0
0.0
0.0
0.0
0.0
0.0
0.0
0.0
0.0
0.0
0.0
0.0
0.0
0.0
0.0
0.0005086030825479351
0.0
0.0
0.0
0.0
0.0
0.0
0.0
0.0
0.0
0.0
0.0
0.0
0.0
0.0
0.0
0.0
0.0
0.0
0.0
0.0046013951098943275
0.0
0.0
0.0005086030825479351
0.0
0.0
0.0050860308254793525
0.0050860308254793525
0.006594437854830711
0.0
0.0
0.0
0.0
0.03528500845940507
0.0
0.0016122336271793278
0.0
0.0
0.0
0.0
0.0005086030825479351
0.005646165142288115
0.0
0.0
0.0
0.0
0.0
0.0
0.0
0.0
0.0
0.0
0.0
0.0
0.0
0.0
0.0
0.0
0.0
0.0
0.0
0.0
0.0
0.0
0.0
0.0005086030825479351
0.008379520241081085
0.0030516184952876107
0.0
0.0
0.0
0.0
0.0
0.0
0.0
0.0
0.0
0.0
0.004577427742931416
0.0
0.0
0.0
0.0
0.0
0.0
0.0
0.0
0.0
0.0
0.0
0.0
0.0
0.0
0.0
0.0
0.0
0.0
0.002706749034158173
0.0
0.0
0.0
0.0
0.0
0.0
0.0
0.0
0.0008061168135896639
0.007948226400416125
0.0
0.0
0.0
0.0
0.0
0.0020344123301917405
0.0
0.0
0.0
0.0
0.0
0.0
0.0
0.0
0.002331926061233469
0.0
0.0
0.0
0.0
0.0
0.0
0.0
0.0
0.0
0.0
0.0
0.0
0.0
0.0
0.0
0.0
0.013991556367400815
0.0
0.0
0.0
0.0
0.0
0.002331926061233469
0.0
0.0
0.0
0.0
0.0
0.0
0.0
0.0
0.0008061168135896639
0.0
0.0005086030825479351
0.0
0.0
0.0
0.0
0.0
0.0
0.0
0.0
0.0
0.02570092860896308
0.0
0.0
0.0
0.0
0.0
0.0
0.0
0.0
0.004836700881537984
0.0
0.0
0.0
0.0
0.0
0.0
0.0
0.0
0.0016122336271793278
0.0
0.0
0.0
0.0
0.0
0.0
0.0
0.0
0.0
0.0
0.0
0.0
0.0
0.0
0.0
0.0
0.0
0.0
0.0
0.0
0.0
0.0
0.0005086030825479351
0.0
0.0
0.0
0.0
0.0
0.0
0.0
0.0
0.0
0.004890071064520972
0.002160509027777593
0.002793173413693695
0.0
0.0
0.0
0.16314132798769193
0.0
0.0
0.0
0.0
0.0
0.03173514315894701
0.006236688602580191
0.0
0.0069957781837004076
0.0
0.0
0.0
0.0
0.02390658129977307
0.001987056600104031
0.0
0.011826800083436114
0.0
0.0
0.0
0.0
0.0
0.0
0.0
0.0
0.0
0.0
0.0
0.0
0.0
0.01117269365477478
0.0
0.0
0.0
0.0
0.0
0.0
0.0
0.0010172061650958702
0.0
0.0
0.0
0.0
0.0
0.0
0.0
0.0
0.0
0.0
0.0
0.0
0.0
0.0
0.01814464534120526
0.002629439792275198
0.0
0.0
0.0
0.0
0.0023006975549471637
0.0
0.0
0.0
0.0
0.0
0.0
0.001314719896137599
0.0
0.0022680806676506574
0.0008061168135896639
0.0
0.007085638719086201
0.0
0.0
0.0
0.0
0.0
0.007293291914742137
0.008120247102474519
0.0025430154127396762
0.0
0.0
0.0014278293671646158
0.0
0.0
0.0
0.0
0.0
0.037690395762828156
0.036926878869158256
0.0
0.0
0.0
0.2805956684068
0.0
0.0
0.05880834743234179
0.0
0.06731993103628932
0.0
0.0
0.01117269365477478
0.04854619848359694
0.0
0.0
0.022963861244613352
0.2010134219848347
0.0
0.0339009721469957
0.01956028425808389
0.003518955170205444
0.0
0.0
0.0
0.0
0.17426467827369688
0.0
0.014566189998901066
0.0
0.012316343095719055
0.0026495440401485995
0.0
0.0020344123301917405
0.0
0.0
0.0
0.0
0.010598176160594398
0.0
0.0
0.0
0.0
0.0
0.005681058287562809
0.0
0.0
0.0
0.0
0.0
0.0
0.0
0.0015258092476438054
0.0
0.0
0.0
0.0
0.05880834743234179
0.0
0.0
0.0
0.0
0.0
0.0
0.0
0.0
0.0
0.027931734136936948
0.014425065072248638
0.0
0.0
0.0
0.0
0.0
0.0
0.0
0.0
0.0
0.0
0.0
0.003518955170205444
0.0
0.0
0.007762497850223997
0.0
0.0
0.0
0.0
0.0
0.0
0.0
0.0
0.0
0.0
0.0
0.0
0.0069957781837004076
0.0
0.006594437854830711
0.0
0.0
0.007528220189717487
0.0
0.0
0.0
0.0
0.0
0.0
0.0
0.0
0.0
0.0
0.0
0.0
0.0
0.0
0.0
0.0
0.0
0.0
0.0
0.0
0.0
0.0
0.0
0.0
0.0
0.0
0.0
0.0008061168135896639
0.0
0.0
0.0
0.0
0.0
0.0
0.0
0.0
0.0
0.0
0.0
0.0
0.0
0.0
0.0037641100948587435
0.0
0.0
0.0
0.0
0.0
0.0
0.0
0.0
0.0
0.0
0.001314719896137599
0.0
0.0
0.0
0.0
0.006594437854830711
0.0
0.0
0.0
0.0
0.0
0.0
0.002629439792275198
0.0
0.0
0.0
0.0010172061650958702
0.0
0.0
0.0
0.0005086030825479351
0.0015258092476438054
0.001314719896137599
0.0
0.0
0.025307673104418803
0.005469968936056603
0.025425729110246775
0.0
0.0
0.0
0.002418350440768992
0.0
0.0
0.0
0.0
0.0
0.0
0.0
0.0
0.0
0.0
0.0
0.009982638730607864
0.0
0.004157792401720128
0.0
0.0
0.0
0.0
0.0
0.0
0.001314719896137599
0.0
0.0
0.0
0.01996527746121573
0.0
0.04704667794587343
0.0
0.0
0.0
0.0
0.0014278293671646158
0.0
0.0
0.0008061168135896639
0.0
0.0
0.0
0.0015258092476438054
0.0
0.0
0.0005086030825479351
0.0
0.0
0.0
0.0
0.0
0.0
0.008566976202987693
0.0
0.0
0.0
0.010802545138887964
0.0
0.0
0.0042834881014938465
0.0
0.0
0.0
0.0
0.0
0.0
0.0
0.0
0.0016122336271793278
0.0
0.0
0.0
0.0
0.0036466459573710687
0.0
0.0010172061650958702
0.0
0.0
0.0
0.0005086030825479351
0.0
0.0014278293671646158
0.0
0.0
0.0
0.0
0.0
0.0
0.0
0.001180939786514367
0.02596511713004755
0.003379085738124604
0.0
0.0
0.0
0.0
0.0
0.0
0.0
0.0
0.0018820550474293717
0.0
0.0016122336271793278
0.0
0.0
0.0
0.0
0.0
0.0
0.0
0.0
0.0
0.0
0.0
0.0
0.0
0.0
0.0
0.0
0.0
0.0
0.0
0.0
0.0
0.0
0.0
0.0
0.0
0.0
0.0
0.0
0.0
0.0
0.0023906581299773066
0.0
0.0
0.0
0.0
0.0
0.0030516184952876107
0.0
0.0
0.0
0.0
0.0
0.02390658129977307
0.0025197195150103717
0.0
0.0
0.0
0.0018820550474293717
0.0
0.0
0.0
0.0
0.0
0.0
0.0
0.0
0.0
0.001180939786514367
0.0
0.0
0.0
0.0
0.0
0.008935784723017119
0.0
0.0
0.0
0.0
0.0
0.0
0.0
0.027425492633022148
0.0
0.0
0.0
0.0
0.0
0.0
0.0
0.0
0.0
0.0
0.07953392863576424
0.0
0.002078896200860064
0.0
0.0
0.0
0.0
0.0
0.0
0.0
0.0
0.0
0.0
0.0
0.0
0.0
0.0
0.0
0.0
0.001759477585102722
0.0
0.0
0.0
0.0
0.0
0.0
0.0
0.0010172061650958702
0.0
0.0
0.0
0.0
0.0
0.0
0.0
0.0
0.0
0.0
0.0
0.0
0.0015258092476438054
0.0
0.0
0.0
0.0
0.0
0.0
0.0
0.004241673419454526
0.0
0.0
0.0
0.0
0.0
0.019197844843115503
0.0
0.002495659682651966
0.0
0.0
0.0
0.0
0.11017192607595921
0.0
0.0
0.0
0.0
0.0005086030825479351
0.004068824660383481
0.0
0.0
0.0
0.0
0.002198145951610237
0.0
0.0
0.0016122336271793278
0.0
0.0
0.05853907046633854
0.005469968936056603
0.0
0.004890071064520972
0.0
0.005258879584550396
0.0
0.0
0.0
0.0
0.0
0.0
0.0
0.0
0.0
0.0
0.0
0.0
0.0
0.005413498068316346
0.0032244672543586556
0.0
0.0
0.0
0.0
0.0
0.0
0.0018820550474293717
0.0
0.0014278293671646158
0.0
0.0
0.0
0.0
0.0
0.0
0.0
0.042376215183744625
0.0
0.0
0.0
0.0
0.0
0.0
0.0
0.0
0.0
0.0
0.002120836709727263
0.0
0.0
0.0
0.0
0.014510102644613951
0.0
0.0005086030825479351
0.0
0.0
0.0
0.0
0.014510102644613951
0.002160509027777593
0.03910442779171173
0.0
0.0
0.0
0.0
0.0
0.09613685399274703
0.0
0.0
0.02870482655576669
0.0
0.005413498068316346
0.0
0.0
0.002160509027777593
0.02452380718013664
0.0
0.0
0.0
0.0
0.02658274753327579
0.0
0.0
0.002495659682651966
0.0
0.0
0.0
0.008064515583057107
0.0
0.0
0.0
0.0
0.0
0.0
0.0
0.0
0.0
0.0
0.0
0.12996009905157055
0.0
0.0
0.0
0.0030516184952876107
0.0
0.013440859305095178
0.0
0.0
0.0
0.0
0.001180939786514367
0.0
0.0
0.0
0.0
0.0
0.0
0.07384096537021054
0.0
0.0
0.0
0.004241673419454526
0.002198145951610237
0.0
0.0008061168135896639
0.0
0.0
0.0
0.010899469857838507
0.01673460690984115
0.0010172061650958702
0.0
0.0
0.0
0.0
0.008330051250595778
0.0028405291437814044
0.0
0.0027425492633022146
0.0
0.005485098526604429
0.005770026028899456
0.0010172061650958702
0.0
0.0
0.0
0.01653315701120114
0.0
0.004663852122466938
0.0
0.0
0.038395689686231006
0.0037641100948587435
0.0
0.0
0.0
0.0020344123301917405
0.0
0.0
0.0008061168135896639
0.004157792401720128
0.0
0.0
0.0
0.0
0.0
0.0
0.0
0.0
0.0
0.0
0.0008061168135896639
0.034620156173396734
0.0
0.0
0.0
0.0
0.0
0.0
0.0
0.0
0.004890071064520972
0.0073351065967814585
0.34402883247919946
0.0
0.0
0.0
0.06347028631789402
0.0
0.0
0.0
0.0
0.0
0.0
0.001180939786514367
0.0
0.0
0.0
