0.0
0.0
0.0
0.0
0.0
0.0
0.0
0.0
0.0
0.0
0.0
0.0
0.0
0.0
0.0
0.0
0.0
0.0
0.0
0.0
0.0
0.0
0.0
0.0
0.0
0.0
0.0
0.0
0.0
0.0
0.0
0.0
0.0
0.0
0.0
0.0
0.0
0.0
0.0
0.0
0.0
0.0
0.0
0.0
0.0
0.0
0.0
0.0
0.0
0.0
0.0
0.0
0.0
0.0
0.0
0.0
0.0
0.0
0.0
0.0
0.0
0.0
0.0
0.0
0.0
0.0
0.0
0.0
0.0
0.0
0.0
0.0
0.0
0.007665496273374469
0.0
0.0
0.0
0.0
0.0
0.0
0.0
0.0
0.008815053382016819
0.0
0.0
0.0
0.00375073563777261
0.0
0.0
0.0
0.0
0.0
0.0
0.0
0.0
0.0
0.0
0.0
0.0
0.0
0.0
0.0
0.0
0.0
0.0
0.0
0.0
0.0
0.0
0.007966426555673823
0.0
0.0
0.0
0.0
0.0
0.0
0.0
0.0
0.0
0.015330992546748938
0.0
0.0
0.0
0.0
0.0
0.0
0.0
0.0
0.0
0.0
0.0
0.0
0.0
0.0
0.0
0.0
0.0
0.0
0.0
0.0
0.0
0.0
0.0
0.0
0.0
0.0
0.0
0.0
0.0
0.0
0.0
0.0
0.0
0.0
0.0
0.008708938453839493
0.0
0.0
0.0
0.0
0.0
0.0
0.0
0.0
0.0
0.0
0.004847755486880324
0.0
0.0
0.0
0.0
0.0
0.005264823077018903
0.0
0.0
0.0
0.0
0.0
0.005944775335988037
0.0
0.0
0.0
0.0
0.0
0.0
0.0
0.0
0.0
0.0
0.0
0.010529646154037805
0.0
0.0
0.0
0.0
0.0
0.0
0.0
0.0
0.0
0.0
0.0
0.0
0.0
0.0
0.0
0.0
0.0
0.0
0.0
0.0
0.0
0.008815053382016819
0.0
0.007966426555673823
0.0
0.0
0.0
0.0
0.0
0.0
0.0
0.0
0.0
0.0
0.0
0.0
0.009110501223023518
0.0
0.0
0.0
0.006939685563130514
0.0
0.0
0.0
0.0
0.0
0.0
0.0
0.0
0.0
0.0
0.0
0.0
0.0
0.0
0.0
0.0
0.0
0.0
0.0
0.0
0.0
0.00750147127554522
0.0
0.0
0.0
0.0
0.004847755486880324
0.0
0.0
0.0
0.0
0.0
0.008598491124652934
0.0
0.0
0.0
0.0
0.0
0.0
0.0
0.0
0.0
0.0
0.0
0.0
0.0
0.0
0.0
0.0
0.0
0.0
0.0
0.0
0.0
0.0
0.0
0.0
0.0
0.0
0.0
0.0
0.0
0.0
0.0
0.0
0.0
0.0
0.0
0.0
0.0
0.0
0.0
0.0
0.0
0.0
0.0
0.0
0.006229837045806052
0.0
0.0
0.0
0.0
0.0
0.0
0.0
0.0
0.001875367818886305
0.0
0.0
0.0
0.0
0.0
0.0
0.0
0.0
0.009376839094431526
0.0
0.0
0.0
0.0
0.0
0.0
0.0
0.0
0.0
0.0
0.0
0.0
0.0
0.0
0.0
0.0
0.0
0.0
0.0
0.0
0.0
0.008363074548116453
0.0
0.0
0.0
0.021483915379256882
0.0
0.0
0.0
0.0
0.0
0.0
0.0
0.0
0.0
0.009695510973760648
0.0
0.0
0.0
0.0
0.0
0.0
0.0
0.04507779357395757
0.0
0.01908172818452155
0.0
0.0
0.0
0.0
0.0
0.005264823077018903
0.005626103456658915
0.0
0.0
0.0
0.0
0.0
0.0
0.0
0.0
0.0
0.0
0.0
0.0
0.0
0.0
0.0
0.0
0.0
0.019391021947521295
0.005264823077018903
0.0
0.0
0.0
0.0
0.0
0.0
0.0
0.0
0.0
0.0
0.0
0.0
0.0
0.0
0.0
0.02250441382663566
0.0
0.0
0.0
0.0
0.0
0.0
0.0
0.0
0.0
0.0
0.08982515415220797
0.0
0.0
0.0
0.0
0.0
0.0
0.0
0.0
0.0
0.0
0.0
0.0
0.0
0.0
0.0
0.0
0.0
0.0
0.0
0.0
0.0
0.0
0.0
0.0
0.0
0.0
0.0
0.0
0.0
0.0
0.0
0.0
0.0
0.0
0.0
0.0
0.0
0.0
0.007665496273374469
0.0
0.0
0.0
0.0
0.010584306272725798
0.0
0.0
0.0
0.0751937038273991
0.0
0.0
0.0
0.0
0.0
0.0
0.0
0.0
0.0029723876679940186
0.0
0.008598491124652934
0.0
0.0
0.0
0.0
0.0
0.0
0.0
0.0
0.0
0.0
0.0
0.0
0.0
0.0
0.0
0.0
0.0
0.00375073563777261
0.0
0.0
0.0
0.0
0.0
0.0
0.0
0.0029723876679940186
0.0
0.0
0.0
0.0
0.0
0.0
0.0
0.005944775335988037
0.0
0.0
0.0
0.0
0.0
0.0
0.007140190895905207
0.06505305573689937
0.0
0.0
0.0
0.0
0.0
0.0
0.0
0.009290940328944815
0.0
0.0
0.0
0.0
0.00920222471380007
0.0653455592020669
0.11926393551764886
0.0
0.0
0.0
0.007140190895905207
0.0
0.0
0.06505305573689937
0.0
0.0
0.0
0.0
0.0
0.0
0.0
0.0
0.0
0.0
0.0
0.0
0.0
0.0
0.004847755486880324
0.0
0.0
0.0
0.0
0.007140190895905207
0.0
0.0
0.0
0.010299244562907784
0.0
0.0
0.0
0.0
0.0
0.0
0.0
0.0
0.010047380617470568
0.0
0.0
0.009460094397224167
0.0
0.0
0.0
0.0
0.0
0.0
0.0
0.0
0.0
0.0
0.0
0.0
0.0
0.0
0.0
0.0
0.0
0.0
0.0
0.0
0.0
0.0
0.0
0.0
0.0
0.00961929230393865
0.0
0.0
0.0
0.0
0.00375073563777261
0.0
0.0029723876679940186
0.0
0.004847755486880324
0.005626103456658915
0.0
0.0
0.0
0.0
0.0
0.0
0.0
0.0
0.0
0.0
0.0
0.0
0.0
0.0
0.01125220691331783
0.0
0.0
0.0
0.0
0.0
0.0
0.0
0.0
0.0
0.007820143154874342
0.0
0.0
0.0
0.0
0.0
0.0
0.0
0.0
0.0
0.0
0.0
0.0
0.0
0.0
0.0
0.0
0.0
0.0
0.0
0.0
0.0
0.0
0.0
0.0
0.0
0.0
0.0
0.0
0.0
0.0029723876679940186
0.0
0.0
0.0
0.0
0.0
0.0
0.0
0.0
0.0
0.0
0.0
0.0
0.0
0.0
0.0
0.0
0.0
0.0
0.0
0.004847755486880324
0.0
0.0
0.0
0.0
0.0
0.001875367818886305
0.0
0.006487706729230148
0.0
0.0
0.0
0.0
0.0
0.0
0.0
0.0
0.0
0.0
0.0
0.001875367818886305
0.0
0.0
0.0
0.0
0.0
0.0
0.007140190895905207
0.0
0.0
0.0
0.0
0.0
0.0
0.00920222471380007
0.0
0.0
0.0
0.0
0.0
0.0851030715309479
0.0
0.0
0.007966426555673823
0.0
0.008363074548116453
0.0
0.0
0.0
0.0
0.0
0.0
0.0
0.0
0.0
0.0
0.0
0.0
0.0
0.0
0.0
0.0
0.0
0.007966426555673823
0.0
0.0
0.0
0.0
0.0
0.0
0.0
0.0
0.0
0.0
0.0
0.0
0.0
0.0
0.0
0.0
0.0
0.0
0.0
0.0
0.0
0.0
0.0
0.0
0.0
0.0
0.0
0.0
0.0
0.0
0.0
0.0
0.0
0.0
0.0
0.0
0.0
0.017196982249305867
0.0
0.0
0.0
0.0
0.0
0.0
0.0863402465829469
0.010584306272725798
0.0
0.0
0.0
0.0
0.0
0.0
0.0
0.0
0.0
0.0
0.007966426555673823
0.0
0.01996114536715733
0.0
0.0
0.0
0.0
0.0
0.0
0.0
0.0
0.0
0.0
0.0
0.0
0.0
0.0
0.0
0.0
0.0
0.0
0.0
0.0
0.0
0.0
0.0
0.0
0.0
0.0
0.0
0.0
0.0
0.0
0.0
0.0
0.0
0.0
0.0
0.020225157127798453
0.0
0.0
0.0
0.0
0.0
0.0
0.0
0.0
0.0
0.0
0.009290940328944815
0.0
0.029525383123680384
0.00961929230393865
0.0
0.0
0.0
0.0
0.0
0.0
0.0
0.0
0.0
0.0
0.0
0.0
0.0
0.0
0.0
0.0
0.0
0.0
0.0
0.0
0.0
0.0
0.0
0.0
0.0
0.0
0.0
0.0
0.0
0.0
0.0
0.0
0.0
0.0
0.0
0.0
0.0
0.0
0.0
0.0
0.0
0.0
0.0
0.0
0.0
0.0
0.0
0.0
0.0
0.0
0.0
0.0
0.0
0.0
0.0
0.0
0.0
0.0
0.0
0.0
0.0
0.0
0.0
0.0
0.0
0.0
0.0
0.0
0.0707880499472946
0.0
0.0
0.0
0.0
0.0
0.0
0.0
0.0
0.0
0.0
0.0
0.0
0.0
0.0
0.0
0.0
0.0
0.006723123305766629
0.0
0.0
0.0
0.0
0.0
0.0
0.0
0.0
0.005944775335988037
0.0
0.0
0.0
0.0
0.0
0.0
0.0
0.0
0.0
0.0
0.0
0.0
0.0
0.0
0.0
0.0
0.0
0.0
0.0
0.0
0.0
0.0
0.0
0.0
0.0
0.03125069153874264
0.006487706729230148
0.0
0.0
0.0
0.0
0.0
0.0
0.0
0.0
0.0
0.0
0.0
0.0
0.0
0.0
0.0
0.0
0.0
0.0
0.0
0.0
0.0
0.0
0.0
0.0
0.0
0.0
0.0
0.0
0.009540864092260775
0.0
0.0
0.0
0.0
0.0
0.0
0.0
0.0
0.0
0.0
0.0
0.0
0.0
0.0
0.0
0.0
0.0
0.010358710338014014
0.0
0.0
0.0
0.0
0.0
0.07623648573574474
0.0
0.0
0.0
0.1089092653367782
0.0
0.009540864092260775
0.0
0.0
0.0
0.0
0.0
0.009290940328944815
0.0
0.0
0.0
0.0
0.03052872689317592
0.0
0.0
0.0
0.0
0.0
0.0
0.0
0.0
0.0
0.0
0.0
0.0
0.001875367818886305
0.0
0.0
0.0
0.0
0.0
0.0
0.0
0.0
0.0
0.0
0.0
0.0
0.0
0.0
0.01908172818452155
0.0
0.006723123305766629
0.0
0.0
0.0
0.0
0.0
0.0
0.0
0.0
0.0
0.0
0.005626103456658915
0.0
0.0
0.0
0.03242081945876943
0.0
0.0
0.0
0.0
0.0
0.0
0.0
0.006939685563130514
0.0
0.0
0.0
0.0
0.0
0.001875367818886305
0.0
0.0
0.0
0.0
0.0
0.0
0.0
0.0
0.0
0.0
0.0
0.0
0.0
0.0
0.0
0.0
0.0
0.0
0.0
0.0
0.020225157127798453
0.0
0.0
0.0
0.0
0.0
0.0
0.0
0.0
0.0
0.0
0.0
0.0
0.0
0.0
0.0
0.0
0.0
0.0
0.010529646154037805
0.0
0.0
0.0
0.0
0.0
0.0
0.0
0.0
0.0
0.0
0.0
0.0
0.0
0.0
0.0
0.0
0.0
0.0
0.0
0.0
0.0
0.005626103456658915
0.0
0.0
0.0
0.0
0.0
0.0
0.0
0.0
0.0
0.0
0.0
0.0
0.0
0.0
0.0
0.0
0.0
0.0
0.007820143154874342
0.029525383123680384
0.0
0.0
0.0
0.0
0.0
0.0
0.0
0.0
0.0
0.0
0.0
0.0
0.0
0.0
0.0
0.0
0.0
0.0
0.0
0.0
0.0
0.0
0.0
0.0
0.010299244562907784
0.0
0.010416897179580878
0.0
0.0
0.0
0.0
0.0
0.0
0.0
0.0
0.001875367818886305
0.0
0.0
0.0
0.0
0.0
0.0
0.0
0.0
0.0
0.0
0.0
0.007140190895905207
0.0
0.0
0.0
0.0
0.0
0.0
0.0
0.001875367818886305
0.0
0.19335523841331195
0.0
0.007820143154874342
0.004354469226919747
0.0
0.0
0.0
0.005626103456658915
0.0
0.0
0.0
0.0
0.0
0.0
0.0
0.0
0.0
0.0
0.0
0.0
0.0
0.0
0.0
0.0
0.0
0.0
0.0
0.0
0.0
0.0
0.0
0.0
0.0
0.0
0.0
0.0
0.006723123305766629
0.0
0.0
0.0
0.0
0.0
0.0
0.0
0.0
0.0
0.0
0.0
0.0
0.0
0.0
0.0
0.0
0.042337225090903194
0.0
0.0
0.0
0.0
0.0
0.0
0.0
0.0
0.0
0.0
0.0
0.0
0.0
0.0
0.0
0.0
0.0
0.00961929230393865
0.0
0.0
0.0
0.0
0.0
0.0
0.03142157683061772
0.0
0.0
0.019391021947521295
0.0
0.0
0.0
0.0
0.0
0.0
0.0
0.0
0.0
0.0
0.0
0.004354469226919747
0.0
0.0
0.0
0.0
0.0
0.0
0.0
0.006229837045806052
0.0
0.0
0.0
0.0
0.0
0.0
0.0
0.001875367818886305
0.0
0.0
0.0
0.0
0.0
0.0
0.0
0.0
0.0
0.0
0.0
0.0
0.0
0.0
0.0
0.0
0.0
0.0
0.0
0.0
0.0
0.0
0.0
0.0
0.0
0.0
0.0
0.0
0.0
0.0
0.0
0.0
0.0
0.0
0.0
0.0
0.0
0.0
0.0
0.0
0.0
0.0
0.0
0.0
0.0
0.029525383123680384
0.008815053382016819
0.0
0.0
0.0
0.0
0.0
0.0
0.0
0.0
0.0
0.0
0.0
0.0
0.0
0.0
0.0
0.0
0.0
0.0
0.0
0.0
0.0
0.0
0.0
0.0
0.0
0.0
0.009376839094431526
0.0
0.0
0.0
0.0
0.0
0.0
0.0
0.0
0.0
0.0
0.0
0.0
0.0
0.0
0.0
0.0
0.0
0.006229837045806052
0.0
0.0
0.0
0.0
0.0
0.0
0.0
0.0
0.0
0.0
0.0
0.0
0.0
0.0
0.0
0.0
0.0
0.0
0.0
0.0
0.0
0.0
0.0
0.0
0.0
0.0
0.0
0.0
0.0
0.0
0.0
0.0
0.008917163003982057
0.0
0.0
0.0
0.0
0.0
0.0
0.0
0.0
0.0
0.01858188065788963
0.0
0.01840444942760014
0.03716376131577926
0.0
0.010238442367002758
0.0
0.0
0.0
0.0
0.0
0.0
0.0
0.0
0.16263263934224845
0.005944775335988037
0.004354469226919747
0.001875367818886305
0.0
0.0
0.027046676144374542
0.0
0.008363074548116453
0.0
0.0
0.0
0.0029723876679940186
0.0
0.0
0.0
0.0
0.0
0.0
0.0
0.0
0.0
0.007820143154874342
0.0
0.0
0.0
0.0
0.0
0.0
0.0
0.0
0.006939685563130514
0.0
0.040704969190901226
0.0
0.03716376131577926
0.0
0.0
0.0
0.024711632235038767
0.0
0.0
0.0
0.0
0.0
0.0
0.0
0.0
0.0
0.0029723876679940186
0.0
0.0
0.0
0.0
0.0
0.0
0.0
0.0
0.0
0.0
0.0
0.0
0.0
0.0
0.0
0.0
0.0
0.0
0.0
0.0
0.0
0.0
0.0
0.0
0.0
0.0
0.0
0.0
0.0192385846078773
0.0
0.0
0.0
0.0
0.0
0.0
0.0
0.0
0.009841794374560129
0.0
0.0
0.0
0.0
0.0
0.0
0.0
0.0
0.005944775335988037
0.02431561459407707
0.0
0.0
0.0
0.0
0.0
0.0
0.0
0.0
0.0
0.0
0.0
0.0
0.0
0.0
0.053189419706842433
0.0
0.0
0.0
0.001875367818886305
0.0
0.0
0.0
0.0
0.05208448589790439
0.009695510973760648
0.0
0.0
0.0
0.0
0.00848334251912771
0.0
0.0
0.0
0.0
0.0
0.008363074548116453
0.0
0.0
0.0
0.0
0.0
0.0
0.0
0.0
0.0
0.0
0.0
0.0
0.0
0.0
0.0
0.007966426555673823
0.0
0.0
0.0
0.0
0.0
0.0
0.0
0.0
0.0
0.0
0.0
0.0
0.0
0.0
0.0
0.0
0.0
0.0
0.0
0.0
0.0
0.0
0.0
0.0
0.028130517283294583
0.0
0.0
0.0
0.0
0.0
0.0
0.0
0.0
0.0
0.008598491124652934
0.0
0.0
0.0
0.0
0.0
0.0
0.0
0.0
0.0
0.0
0.0
0.0
0.0
0.0
0.0
0.0
0.0
0.008237210745012921
0.0
0.0
0.0
0.0
0.0
0.0
0.0
0.009015558714791514
0.0
0.0
0.0
0.0
0.0
0.0
0.0
0.0
0.0
0.0
0.0
0.0
0.0
0.0
0.0
0.0
0.0
0.0
0.0
0.0
0.0
0.0
0.0
0.03878204389504259
0.0
0.0
0.0
0.0
0.008598491124652934
0.0
0.0
0.0
0.0
0.0
0.0
0.004847755486880324
0.0
0.0
0.0
0.0
0.006487706729230148
0.0
0.0
0.0
0.0
0.0
0.0
0.0
0.0
0.0
0.0
0.0
0.0
0.0
0.0
0.0
0.0
0.0
0.0
0.0
0.0
0.0
0.0
0.0
0.0
0.0
0.0
0.0
0.0
0.0
0.00848334251912771
0.0
0.0
0.0
0.0
0.0
0.0
0.0
0.0
0.0
0.0
0.0
0.0
0.0
0.0
0.0
0.0
0.0
0.0
0.0
0.0
0.0
0.0
0.0
0.0
0.0
0.0
0.0
0.0
0.0
0.0
0.0
0.0
0.0
0.0
0.0
0.0
0.0
0.0
0.0
0.0
0.0
0.0
0.005626103456658915
0.0
0.0
0.0
0.0
0.0
0.0
0.0
0.0
0.0
0.0
0.0
0.00375073563777261
0.0
0.0
0.0
0.0
0.0
0.0
0.0
0.0
0.0
0.0
0.006939685563130514
0.005626103456658915
0.0
0.0
0.0
0.0
0.0
0.005626103456658915
0.0
0.0
0.0
0.0
0.0
0.0
0.009769641195889486
0.0
0.0
0.0
0.0
0.0
0.0
0.0
0.0
0.0
0.0
0.0
0.0
0.0
0.0
0.0
0.0
0.0
0.0
0.0
0.0
0.0
0.0
0.0
0.0
0.0
0.0
0.0
0.0
0.0
0.004847755486880324
0.0
0.0
0.0
0.0
0.0
0.0
0.0
0.0
0.0
0.0
0.0
0.0
0.0
0.0
0.0
0.0
0.0
0.0
0.0
0.0
0.0
0.0
0.0
0.0
0.0
0.0
0.0
0.0
0.0
0.0
0.0
0.0
0.0
0.0
0.0
0.0
0.0
0.02081905668939154
0.010529646154037805
0.0
0.0
0.0
0.0
0.0
0.0
0.0
0.0
0.010473858943539239
0.0
0.0
0.0
0.0
0.0
0.0
0.010112578563899226
0.0
0.0
0.0
0.0
0.0
0.0
0.0
0.0
0.009769641195889486
0.006229837045806052
0.0
0.0
0.0
0.0
0.0
0.0
0.0
0.05236929471769619
0.0
0.0
0.0
0.0
0.0
0.0
0.0
0.0
0.0
0.00750147127554522
0.0
0.0
0.0
0.02675148901194617
0.006487706729230148
0.0
0.0
0.0
0.0
0.0
0.0
0.0
0.0
0.0
0.0
0.0
0.0
0.0
0.0
0.0
0.19324671898980147
0.0
0.0
0.0
0.0
0.0
0.0
0.0
0.0
0.0
0.0
0.0
0.0
0.0
0.0
0.0
0.0
0.0
0.0
0.01696668503825542
0.006487706729230148
0.0
0.0
0.0
0.00750147127554522
0.0
0.0
0.0
0.0
0.0
0.0
0.0
0.0
0.0
0.0
0.0
0.01996114536715733
0.0
0.0
0.0
0.0
0.0
0.0
0.0
0.0
0.0
0.0
0.004847755486880324
0.0
0.0
0.013446246611533258
0.0
0.0
0.0
0.0
0.0
0.0
0.0
0.0
0.0
0.007140190895905207
0.0
0.0
0.0
0.0
0.005944775335988037
0.0
0.0
0.04507779357395757
0.004354469226919747
0.0
0.0
0.0
0.0
0.0
0.008815053382016819
0.0
0.0
0.0
0.0
0.0
0.0
0.0
0.0
0.0
0.0
0.0
0.019824146462249063
0.0
0.0
0.0
0.0
0.0
0.0
0.0
0.0
0.0
0.0
0.0
0.0
0.0
0.0
0.0
0.0
0.0
0.0
0.0
0.0
0.0
0.0
0.0
0.0
0.0
0.0
0.0
0.0
0.0
0.0
0.0
0.0
0.0
0.0
0.0
0.0
0.0
0.0
0.0
0.06284315366123544
0.0
0.0
0.0
0.0
0.0
0.0
0.007820143154874342
0.0
0.0
0.0
0.0
0.0
0.010047380617470568
0.0
0.0
0.018920188794448334
0.0
0.0
0.0
0.0
0.0
0.0
0.0
0.0
0.0
0.0
0.0
0.0
0.0
0.0
0.0257954733739588
0.0
0.0
0.0
0.0
0.0
0.0
0.0
0.008237210745012921
0.0
0.0
0.0
0.006229837045806052
0.0
0.0
0.0
0.0
0.0
0.0
0.0
0.0
0.0
0.0
0.0
0.0
0.0
0.0
0.0
0.0
0.0
0.0
0.0
0.001875367818886305
0.0
0.0
0.0
0.0
0.0
0.006229837045806052
0.0
0.0
0.0
0.0
0.0
0.0
0.0
0.0
0.0
0.0
0.0
0.0
0.0
0.0
0.0
0.0
0.0
0.0
0.0
0.0
0.0
0.0
0.0
0.0
0.0
0.0
0.0
0.0
0.0
0.0
0.0
0.0029723876679940186
0.0
0.010358710338014014
0.0
0.0
0.0
0.0
0.05208448589790439
0.0
0.0
0.06505305573689937
0.0
0.0
0.0
0.00848334251912771
0.0
0.0
0.007140190895905207
0.0
0.0
0.0
0.0
0.0
0.0
0.0
0.0
0.0
0.0
0.0
0.0
0.0
0.0
0.0
0.0
0.0
0.0
0.0
0.0
0.0
0.0
0.0
0.0
0.0
0.0
0.0
0.0
0.0
0.0
0.0
0.0
0.0
0.0
0.0
0.0
0.02595082691692059
0.0
0.00375073563777261
0.0
0.0
0.0
0.0
0.0
0.01500294255109044
0.0
0.0
0.0
0.0
0.0
0.0
0.0
0.0
0.0
0.0
0.0
0.0
0.0
0.0
0.001875367818886305
0.0
0.0
0.0
0.0
0.0
0.0
0.0
0.0
0.0
0.0
0.0
0.0
0.0
0.0
0.0
0.0
0.0
0.0
0.0
0.0
0.0
0.0
0.0
0.0
0.0
0.0
0.0
0.0
0.0
0.0
0.0
0.0
0.0
0.0
0.016726149096232906
0.0
0.0
0.0
0.0
0.0
0.0
0.03644200489209407
0.0
0.0
0.0
0.0
0.0
0.0
0.0
0.0
0.0
0.0
0.0
0.0
0.0
0.0
0.005626103456658915
0.0
0.0
0.010176242297725306
0.0
0.0
0.0
0.0
0.026445160146050455
0.0
0.0
0.0
0.0
0.0
0.0
0.0
0.0
0.0
0.0
0.0
0.0
0.0
0.0
0.0
0.0
0.0
0.0
0.009376839094431526
0.0
0.0
0.0
0.0
0.0
0.0
0.010047380617470568
0.0
0.0
0.0
0.0
0.0
0.0
0.0
0.0
0.0
0.0
0.0
0.0
0.0
0.0
0.0
0.0
0.007966426555673823
0.0
0.0
0.00375073563777261
0.0
0.0
0.0
0.0
0.0
0.0
0.01996114536715733
0.0
0.0
0.0
0.0
0.0
0.0
0.0
0.0
0.0
0.0
0.0
0.0
0.016726149096232906
0.0
0.0
0.0
0.0
0.0
0.0
0.0
0.0
0.0
0.0
0.0
0.0
0.0
0.0
0.0
0.0
0.0
0.05345210600451563
0.0
0.0
0.0
0.0
0.0
0.0
0.008917163003982057
0.0
0.007966426555673823
0.009290940328944815
0.0
0.0
0.0
0.0
0.0
0.0
0.0
0.0
0.0
0.0
0.0
0.0
0.0
0.0
0.0
0.0
0.010529646154037805
0.0
0.0
0.0
0.0
0.0
0.0
0.0
0.0
0.0
0.0
0.0
0.0
0.0
0.008237210745012921
0.0
0.0
0.0
0.0
0.005264823077018903
0.0
0.0
0.0
0.0
0.0
0.0
0.0
0.0
0.0
0.0
0.0
0.0
0.0
0.0
0.020947717887078478
0.0
0.0
0.0
0.0
0.0
0.0
0.0
0.0
0.0
0.0
0.0
0.0
0.0
0.0
0.0
0.0
0.0
0.0
0.0
0.0
0.0
0.0
0.0
0.0
0.0
0.0
0.0
0.0
0.0
0.0
0.0
0.0
0.0
0.0
0.0
0.0
0.0
0.0
0.0
0.0
0.0
0.005944775335988037
0.0
0.0
0.0
0.0
0.0
0.0
0.001875367818886305
0.0
0.0
0.0
0.0
0.0
0.0
0.0
0.07623648573574474
0.0
0.0
0.0
0.0
0.0
0.0
0.0
0.0
0.0
0.0
0.0
0.0
0.0
0.0
0.0
0.0
0.0
0.0
0.0
0.0
0.0
0.0
0.0
0.0
0.0
0.0
0.02250441382663566
0.0
0.0
0.0
0.0
0.0
0.0
0.0
0.0
0.017834326007964113
0.0
0.0
0.0
0.0
0.0
0.0
0.0
0.0
0.0
0.0
0.0
0.0
0.06445174613777065
0.009290940328944815
0.0
0.0
0.0
0.0
0.0
0.0
0.028130517283294583
0.0
0.008105204864692357
0.0
0.0
0.0
0.0
0.0
0.0
0.0
0.0
0.0
0.0
0.0
0.0
0.019824146462249063
0.0
0.009841794374560129
0.0
0.2578069845510826
0.0
0.0
0.0
0.0
0.00375073563777261
0.007820143154874342
0.0
0.019824146462249063
0.0
0.0
0.0
0.0
0.0
0.0
0.0
0.0
0.0
0.0
0.0
0.0
0.043368703824599585
0.0
0.0
0.0
0.0
0.0
0.0
0.0
0.0
0.0
0.0
0.0
0.0
0.0
0.0
0.0029723876679940186
0.0
0.0
0.0
0.0
0.0
0.0
0.0
0.0
0.0
0.0
0.0
0.0
0.0
0.0
0.03237759246860509
0.0
0.009695510973760648
0.0
0.0
0.0
0.0
0.0
0.0
0.0
0.0
0.0
0.0
0.0
0.0
0.0
0.0
0.0
0.0
0.0
0.0
0.0
0.0
0.0
0.0
0.0
0.0
0.0
0.0
0.0
0.00750147127554522
0.0
0.0
0.0
0.0
0.0
0.0
0.0
0.0
0.0
0.0
0.0
0.0
0.0
0.0
0.0
0.0
0.0
0.0
0.0
0.0
0.0
0.0
0.0
0.0
0.0
0.0
0.0
0.0
0.0
0.0
0.0
0.0
0.0
0.005944775335988037
0.0
0.0
0.0
0.0
0.0
0.0
0.008598491124652934
0.028130517283294573
0.0
0.0
0.00848334251912771
0.0
0.0
0.0
0.0
0.0
0.0
0.0
0.0
0.0
0.009376839094431526
0.0
0.0
0.0
0.0
0.0
0.0
0.0
0.0
0.0
0.005944775335988037
0.0
0.0
0.0
0.0
0.0
0.0
0.0
0.0
0.0
0.0
0.0
0.0
0.0
0.0
0.0
0.0
0.0
0.0
0.0
0.009376839094431526
0.0
0.0
0.0
0.0
0.0
0.0
0.0
0.0
0.0
0.0
0.0
0.0
0.0
0.0
0.0
0.0
0.0
0.0
0.0
0.0
0.0
0.0
0.0
0.0
0.006229837045806052
0.0
0.0
0.04956036615562266
0.0
0.0
0.0
0.0
0.0
0.0
0.0
0.021380842401806252
0.0
0.0
0.0
0.01306340768075924
0.0
0.0
0.0
0.0
0.0
0.0
0.0
0.0
0.0
0.0
0.0
0.008708938453839493
0.0
0.007966426555673823
0.0
0.0
0.0
0.0
0.0
0.14966589681264375
0.0
0.0
0.0
0.0
0.0
0.0
0.0
0.0
0.0
0.04847755486880324
0.0
0.0
0.0
0.0
0.0
0.0
0.0
0.0
0.0
0.0
0.0
0.0
0.0
0.0
0.0
0.0
0.0
0.008708938453839493
0.0
0.0
0.0
0.0
0.0
0.0
0.008237210745012921
0.0
0.0
0.0
0.0
0.0
0.0
0.0
0.0
0.0
0.0
0.0
0.0
0.0
0.0
0.0
0.0
0.0
0.0
0.00961929230393865
0.0
0.0
0.0
0.03071532710100828
0.0
0.0
0.0
0.0
0.0
0.0
0.0
0.0
0.0
0.0
0.0
0.0
0.0
0.0
0.0
0.0
0.0
0.0
0.0
0.0
0.0
0.0
0.0
0.0
0.0
0.0
0.0
0.15247297147148947
0.006939685563130514
0.0
0.006939685563130514
0.0
0.0
0.0
0.0
0.0
0.0
0.0
0.0
0.042761684803612504
0.0
0.0
0.0
0.0
0.0
0.0
0.0
0.00375073563777261
0.0
0.0
0.0
0.05817306584256389
0.0
0.0
0.0
0.0
0.0
0.0
0.0
0.00961929230393865
0.0
0.0
0.0
0.0
0.0
0.02612681536151848
0.0
0.0
0.010112578563899226
0.0
0.0
0.0
0.0
0.0
0.0
0.0
0.0
0.0
0.0
0.0
0.0
0.0
0.0
0.0
0.01908172818452155
0.0
0.0
0.0
0.0
0.0
0.0
0.0
0.0
0.0
0.0
0.0
0.0
0.0
0.0
0.0
0.0
0.0
0.0
0.0
0.0
0.00375073563777261
0.0
0.0
0.0
0.0
0.0
0.0
0.0
0.010112578563899226
0.0
0.009376839094431526
0.0
0.0
0.0
0.0
0.0
0.0
0.007140190895905207
0.0
0.0
0.0
0.0
0.0
0.0
0.0
0.0
0.0
0.0
0.0
0.0
0.0
0.0
0.0
0.0
0.0
0.0
0.0
0.0
0.0
0.0
0.0
0.0
0.0
0.0
0.0
0.0
0.0
0.0
0.0
0.0
0.0
0.0
0.0
0.0
0.0
0.0
0.0
0.0
0.0
0.0
0.0
0.0
0.0
0.0
0.0
0.0
0.0
0.0
0.0
0.0
0.0
0.0
0.0
0.0
0.0
0.0
0.0
0.0
0.009110501223023518
0.0
0.0
0.0
0.0
0.0
0.0
0.0
0.0
0.0
0.005944775335988037
0.0
0.0
0.0
0.0
0.0
0.0
0.0
0.0
0.0
0.0
0.0
0.010358710338014014
0.0
0.0
0.0
0.0
0.0
0.0
0.0
0.0
0.0
0.0
0.0
0.0
0.0
0.0
0.0
0.0
0.0
0.0
0.042337225090903194
0.0
0.0
0.0
0.0
0.0
0.0
0.0
0.0
0.0
0.0
0.0
0.0
0.0
0.0
0.0
0.0
0.0
0.0
0.006229837045806052
0.0
0.006229837045806052
0.0
0.0
0.0
0.0
0.0
0.0
0.0
0.0
0.0
0.0
0.0
0.0
0.0
0.0
0.0
0.0
0.0
0.0
0.0
0.0
0.0
0.0
0.0
0.0
0.0
0.0
0.0
0.0
0.0
0.0
0.008598491124652934
0.0
0.08712741226942256
0.0
0.0
0.0
0.0
0.0
0.019391021947521295
0.0
0.0
0.0
0.005264823077018903
0.0
0.0
0.0
0.0
0.0
0.0
0.0
0.0
0.0
0.0
0.0
0.0
0.0
0.0
0.0
0.0
0.0
0.0
0.0
0.11701672335505336
0.0
0.0
0.0
0.0
0.0
0.0
0.0
0.0
0.0
0.0
0.0
0.0
0.0
0.0
0.0
0.0
0.0
0.0
0.0
0.0
0.0
0.0
0.0
0.0
0.0
0.0
0.0
0.0
0.0
0.0
0.0
0.03252652786844969
0.03992229073431466
0.0
0.0
0.0
0.0
0.0
0.0
0.0
0.0
0.0
0.020598489125815567
0.0
0.0
0.0
0.0
0.0
0.0
0.0
0.0
0.0
0.0
0.0
0.0
0.0
0.0
0.0
0.0
0.0
0.0
0.0
0.0
0.0
0.0
0.0
0.0
0.0
0.0
0.0
0.0
0.0
0.0
0.0
0.00848334251912771
0.0
0.0
0.0
0.0
0.0
0.0
0.0
0.0
0.0
0.0
0.0
0.0
0.0
0.0
0.0
0.0
0.0
0.0
0.0
0.0
0.0
0.0
0.0
0.0
0.0
0.0
0.0
0.0
0.0
0.0
0.010529646154037805
0.0
0.0
0.0
0.0
0.0
0.0
0.0
0.0
0.0
0.0
0.0
0.00375073563777261
0.0
0.0
0.0
0.0
0.0
0.0
0.0
0.020833794359161755
0.0
0.0
0.0
0.0
0.0
0.0
0.0
0.0
0.0
0.0
0.0
0.0
0.0
0.0
0.0
0.0
0.0
0.0
0.0
0.0
0.006487706729230148
0.0
0.0
0.0
0.0
0.007820143154874342
0.015932853111347647
0.0
0.0
0.0
0.009769641195889486
0.0
0.006939685563130514
0.0
0.0
0.0
0.0
0.004847755486880324
0.0
0.0
0.0
0.0
0.0
0.0
0.0
0.0
0.0
0.0
0.010473858943539239
0.0
0.0
0.00848334251912771
0.0
0.0
0.0
0.0
0.0
0.0
0.0
0.0
0.0
0.0
0.0
0.0
0.005944775335988037
0.0
0.0
0.0
0.009540864092260775
0.008105204864692357
0.04211858461615122
0.0
0.0
0.0
0.017630106764033638
0.0
0.0
0.0
0.053962654114341806
0.0
0.0
0.0
0.0
0.0
0.0
0.0
0.0
0.0
0.0
0.0
0.0
0.0
0.0
0.0
0.0
0.0
0.0
0.0
0.0029723876679940186
0.0
0.0
0.0
0.0
0.0
0.008917163003982057
0.008815053382016819
0.0
0.0
0.0
0.0
0.0
0.0
0.006939685563130514
0.0
0.0
0.0
0.0
0.0
0.0
0.0
0.0
0.00961929230393865
0.0
0.0
0.03107613101404204
0.0
0.0
0.0
0.00750147127554522
0.0
0.0
0.0
0.0
0.009110501223023518
0.0
0.0
0.0
0.0
0.009912073231124531
0.0
0.0
0.0
0.0
0.0
0.0
0.0
0.0
0.0
0.0
0.0
0.0
0.01840444942760014
0.0
0.00375073563777261
0.0
0.0
0.0
0.0
0.0
0.0
0.0
0.0
0.0
0.0
0.0
0.0
0.0
0.0
0.0
0.0
0.03071532710100828
0.0
0.0
0.0
0.0
0.006939685563130514
0.0
0.0
0.006939685563130514
0.0
0.0
0.0
0.0029723876679940186
0.0
0.0
0.0
0.0
0.0
0.11871783905155199
0.009290940328944815
0.0
0.0
0.0
0.0
0.0
0.0
0.0
0.0
0.0
0.0
0.0
0.0029723876679940186
0.0
0.0
0.0
0.0
0.0
0.0
0.0
0.0
0.0
0.0029723876679940186
0.009290940328944815
0.053189419706842433
0.0
0.0
0.0
0.0
0.0
0.0
0.0
0.0
0.0
0.0
0.0
0.0
0.0
0.0
0.0
0.0
0.0
0.0
0.0
0.0
0.0
0.0
0.0
0.012975413458460296
0.0
0.0
0.0
0.0029723876679940186
0.0
0.0
0.0
0.0
0.0
0.00375073563777261
0.0
0.0
0.0
0.0
0.0
0.0
0.0
0.0
0.0
0.0
0.020598489125815567
0.0
0.0
0.0
0.0
0.0
0.0
0.0
0.0
0.0
0.0
0.0
0.00375073563777261
0.0
0.0
0.0
0.0
0.027331503669070556
0.0
0.007140190895905207
0.0
0.0
0.0
0.0
0.0
0.0
0.0
0.0
0.0
0.0
0.0
0.0
0.0
0.0
0.0
0.0
0.0
0.0
0.0
0.0
0.0
0.0
0.0
0.0
0.0
0.0
0.0
0.0
0.0
0.017196982249305867
0.0
0.0
0.0
0.0
0.0
0.0
0.0
0.0
0.0
0.0
0.0
0.0
0.0
0.010529646154037805
0.0
0.0
0.009980572683578664
0.0
0.0
0.0
0.0
0.03191365182410546
0.0
0.0
0.0
0.0
0.0
0.0
0.0
0.0
0.0
0.005626103456658915
0.0
0.0
0.0
0.0
0.0
0.0
0.0
0.0
0.0
0.0
0.0
0.001875367818886305
0.0
0.0
0.0
0.0
0.0
0.0
0.0
0.007140190895905207
0.007966426555673823
0.0
0.0
0.0
0.0
0.0
0.0
0.0
0.0
0.0
0.0
0.0
0.0
0.0
0.0
0.0
0.0
0.0
0.0
0.0
0.010112578563899226
0.0
0.0
0.0
0.0
0.0
0.0
0.0
0.0
0.0
0.0
0.0
0.0
0.03237759246860509
0.0
0.0
0.0
0.0
0.0
0.030897733688723353
0.0
0.0
0.0
0.0
0.0
0.0
0.00375073563777261
0.0
0.0
0.0
0.0
0.0
0.008237210745012921
0.0
0.00750147127554522
0.0
0.0
0.0
0.019824146462249063
0.0
0.0
0.0
0.0
0.0
0.0
0.0
0.0
0.0
0.0
0.0
0.0
0.0
0.0
0.010047380617470568
0.010842175956149896
0.0
0.004847755486880324
0.0
0.0
0.028622592276782325
0.0
0.0
0.0
0.0
0.0
0.0
0.0
0.0
0.0
0.021380842401806252
0.0
0.0
0.0
0.0
0.0
0.0
0.0
0.0
0.0
0.0
0.0
0.0
0.0
0.0
0.0
0.0
0.01908172818452155
0.0
0.0
0.0
0.0
0.0
0.0725109723660981
0.0
0.0
0.0
0.0
0.0
0.0
0.0
0.0
0.0
0.0
0.0
0.0
0.0
0.0
0.0
0.0
0.0
0.0
0.0
0.0
0.0
0.0
0.010473858943539239
0.0
0.06414252720541876
0.0
0.0
0.0
0.0
0.0
0.0
0.0
0.0
0.0
0.0
0.0
0.0
0.0
0.0
0.0
0.0
0.0
0.0
0.0
0.0
0.0
0.0
0.0
0.0
0.0
0.0
0.0
0.0
0.0
0.0
0.0
0.0
0.0
0.0
0.0
0.07623648573574474
0.0
0.0
0.0
0.0
0.0
0.010047380617470568
0.0
0.021275767882736975
0.0
0.0
0.0
0.0
0.04407526691008409
0.0
0.0
0.0
0.0
0.0
0.0
0.0
0.008105204864692357
0.020225157127798453
0.019539282391778972
0.0
0.0
0.0
0.0
0.0
0.0
0.0
0.0
0.0
0.001875367818886305
0.0
0.0
0.0
0.0
0.0
0.0
0.0
0.0
0.0
0.0
0.0
0.0
0.0
0.0
0.008917163003982057
0.0029723876679940186
0.0
0.0
0.0
0.0
0.0
0.0
0.0
0.009841794374560129
0.008917163003982057
0.0
0.0
0.0
0.0
0.0
0.0
0.0
0.0
0.0
0.0
0.0
0.0
0.0
0.0
0.0
0.0
0.0
0.0
0.0
0.0
0.0
0.0
0.0653455592020669
0.0
0.0
0.03222587306888532
0.0
0.006487706729230148
0.03878204389504259
0.0
0.0
0.0
0.0
0.0
0.0
0.0
0.00375073563777261
0.0
0.0
0.008917163003982057
0.0
0.0
0.0
0.0
0.0
0.0
0.0
0.0
0.0
0.0
0.0
0.0
0.0
0.004847755486880324
0.042967830758513764
0.0
0.0
0.0
0.0
0.0
0.009460094397224167
0.0
0.0
0.0
0.0
0.0
0.0
0.0
0.0
0.03191365182410546
0.016210409729384714
0.0
0.0
0.0
0.0
0.31583686947665673
0.0
0.0
0.0
0.0
0.053962654114341806
0.0
0.0
0.0
0.0
0.0
0.0
0.0
0.0
0.0
0.0
0.0
0.0
0.0
0.0
0.0
0.00375073563777261
0.0
0.0
0.0
0.0
0.0
0.0
0.05264823077018903
0.0
0.0
0.0
0.0
0.00375073563777261
0.0
0.0
0.0
0.0
0.0
0.0
0.0
0.0
0.0
0.0
0.008363074548116453
0.0
0.0
0.0
0.0
0.0
0.0
0.0
0.0
0.0
0.0
0.0
0.009376839094431526
0.0
0.0
0.0
0.0
0.0
0.0
0.0
0.0
0.0
0.0
0.0
0.0
0.0
0.0
0.0
0.0
0.0
0.0
0.0
0.0
0.0
0.0
0.0
0.0
0.0
0.0
0.0
0.0
0.0
0.0
0.0
0.0
0.0
0.0
0.0
0.0
0.0
0.0
0.0
0.0
0.001875367818886305
0.010176242297725306
0.0
0.0
0.0
0.0
0.0
0.0
0.0
0.0
0.0
0.0
0.0
0.0
0.0
0.00375073563777261
0.0
0.0
0.0
0.0
0.0
0.0
0.0
0.0
0.0
0.01500294255109044
0.0
0.0
0.0
0.0
0.00848334251912771
0.0
0.0
0.0
0.0
0.0
0.0
0.0
0.0
0.009015558714791514
0.0
0.0
0.0
0.0
0.0
0.0
0.0
0.0
0.0
0.0
0.0
0.0
0.0
0.0
0.005626103456658915
0.0
0.0
0.07623648573574474
0.0
0.0381634563690431
0.0
0.0
0.0
0.0
0.0
0.004354469226919747
0.0
0.006939685563130514
0.0
0.0
0.0
0.0
0.0
0.0
0.0
0.0
0.0
0.0
0.0
0.0
0.009110501223023518
0.0
0.0
0.0
0.0
0.0
0.0
0.0
0.0
0.0
0.0
0.0
0.0
0.0
0.0
0.0
0.0
0.0
0.0
0.0
0.0
0.0
0.009015558714791514
0.0
0.0
0.0
0.0
0.0
0.0
0.0
0.0
0.0
0.0
0.0
0.0
0.0
0.0
0.0
0.0
0.0
0.0
0.0
0.0
0.0
0.0
0.0
0.0
0.0
0.0
0.03142157683061772
0.0
0.0
0.0
0.0
0.006487706729230148
0.0
0.0
0.0
0.0
0.0
0.0
0.0
0.0
0.0
0.0
0.0
0.0
0.0
0.0
0.0
0.0
0.0
0.0
0.0
0.0
0.0
0.0
0.0
0.0
0.0
0.008363074548116453
0.0
0.0
0.0
0.0029723876679940186
0.0
0.0
0.0
0.0
0.020476884734005517
0.0
0.0
0.0
0.0
0.0
0.0
0.0
0.0
0.0
0.0
0.0
0.0
0.0
0.0
0.004354469226919747
0.0
0.0
0.0
0.0
0.0
0.0
0.0
0.0
0.0
0.0
0.0
0.0
0.0
0.0
0.0
0.00750147127554522
0.0
0.0
0.0
0.0
0.014280381791810414
0.009695510973760648
0.009769641195889486
0.0
0.0
0.0
0.0
0.0
0.0
0.006229837045806052
0.0
0.0
0.0
0.0
0.0
0.0
0.0
0.0
0.0
0.0
0.0
0.0
0.0
0.0
0.0
0.0
0.0
0.0
0.0
0.0
0.0
0.0
0.0
0.0
0.0
0.0
0.0
0.0
0.0
0.0
0.0
0.0
0.0
0.0
0.0
0.0
0.0
0.0
0.0
0.0
0.0
0.006939685563130514
0.042761684803612504
0.0
0.0
0.0
0.0
0.0
0.00375073563777261
0.0
0.0
0.0
0.0
0.0
0.0
0.0
0.0
0.0
0.0
0.0
0.0
0.0
0.0
0.0
0.0
0.0
0.0
0.0
0.004354469226919747
0.0
0.0
0.0
0.0
0.0
0.0
0.005264823077018903
0.007820143154874342
0.006487706729230148
0.0
0.0
0.0
0.0
0.0
0.009110501223023518
0.0
0.0
0.0
0.0
0.0
0.0
0.0
0.0
0.0
0.0
0.0
0.0
0.0
0.0
0.0
0.0
0.0
0.0
0.0
0.0
0.0
0.0
0.0
0.0
0.0
0.0
0.0
0.0
0.0
0.0
0.0
0.015330992546748938
0.005944775335988037
0.0
0.0
0.0
0.0
0.0
0.0
0.0
0.0
0.0
0.0
0.0
0.0
0.0
0.0
0.0
0.0
0.0
0.0
0.0
0.0
0.0
0.00375073563777261
0.0029723876679940186
0.0
0.0
0.006229837045806052
0.0
0.0
0.0
0.0
0.0
0.0
0.0
0.0
0.0
0.0
0.0
0.0
0.0
0.0
0.0
0.0
0.0
0.0
0.0
0.009290940328944815
0.005626103456658915
0.0
0.0
0.0
0.0
0.0
0.0
0.0
0.0
0.0
0.0
0.0
0.0
0.0
0.0
0.0
0.0
0.0
0.0
0.0
0.0
0.0
0.0
0.0
0.0
0.0
0.0
0.0
0.0
0.0
0.0
0.0
0.0
0.005944775335988037
0.03222587306888532
0.0
0.0
0.0
0.0
0.0
0.0
0.0
0.0
0.0
0.0
0.0
0.0
0.0
0.0
0.0
0.0
0.0
0.0
0.0
0.0
0.0
0.0
0.0
0.0
0.0
0.0
0.0
0.0
0.0
0.0
0.0
0.0
0.0
0.0
0.0
0.0
0.00375073563777261
0.0
0.0
0.0
0.007665496273374469
0.0
0.0
0.0
0.0
0.0
0.008105204864692357
0.0
0.0
0.0
0.0
0.0
0.0
0.0
0.0
0.0
0.0
0.0
0.0
0.0
0.0
0.0
0.0
0.0
0.0
0.0
0.0
0.007665496273374469
0.0
0.0
0.0
0.0
0.0
0.040450314255596906
0.0
0.0
0.0
0.0
0.007665496273374469
0.0
0.0
0.008105204864692357
0.009460094397224167
0.0
0.0
0.0
0.0
0.0
0.0
0.0
0.0
0.0
0.0
0.0
0.0
0.0
0.010047380617470568
0.0
0.0
0.0
0.0
0.0
0.0
0.007665496273374469
0.0
0.0
0.0
0.0
0.0
0.0
0.0
0.0
0.0
0.0
0.0
0.0
0.0
0.0
0.0
0.0
0.0
0.008105204864692357
0.0
0.0
0.0
0.02081905668939154
0.0
0.0
0.0
0.0
0.0
0.0
0.0
0.0
0.0
0.03242081945876943
0.0
0.0
0.0
0.0
0.0
0.0
0.0
0.0
0.0
0.0
0.0
0.0
0.0
0.0
0.006723123305766629
0.0
0.0
0.0
0.0
0.0
0.0
0.0
0.0
0.0
0.0
0.0
0.0
0.0
0.0
0.0
0.0
0.0
0.0297362196933736
0.0
0.0
0.0
0.0
0.0
0.0
0.0
0.0
0.0
0.0
0.0
0.0
0.0
0.0
0.0
0.0
0.0
0.0
0.0
0.016726149096232906
0.0
0.0
0.0
0.0
0.0
0.0
0.0
0.0
0.0
0.0
0.007326856894913766
0.0
0.0
0.0
0.0
0.0
0.0
0.0
0.0
0.0
0.010792530822868362
0.0
0.00961929230393865
0.0
0.0
0.0
0.0
0.0
0.0
0.0
0.0
0.0
0.0
0.016474421490025842
0.0
0.0
0.0
0.0
0.0
0.0
0.0
0.0
0.0
0.0
0.0
0.0
0.0
0.0
0.0
0.0
0.0
0.0
0.018920188794448334
0.0
0.0
0.0
0.0
0.0192385846078773
0.0
0.0
0.0
0.0
0.0
0.0
0.0
0.0
0.0
0.0
0.0
0.0
0.0
0.0
0.0
0.0
0.0
0.0
0.0
0.0
0.0
0.0
0.0
0.0
0.0
0.0
0.0
0.0
0.0
0.0
0.0
0.0
0.0
0.0
0.0
0.0
0.0
0.0
0.0
0.0
0.0
0.0
0.0
0.0
0.0
0.007140190895905207
0.0
0.0
0.0
0.0
0.0
0.0
0.0
0.0029723876679940186
0.0
0.0
0.0
0.00750147127554522
0.0
0.007326856894913766
0.0
0.0
0.0
0.0
0.0
0.008105204864692357
0.0
0.0
0.0
0.0
0.0
0.0
0.0
0.0
0.0
0.0
0.0
0.0
0.0
0.0
0.0
0.008708938453839493
0.0
0.0
0.0
0.0
0.0
0.0
0.0
0.0
0.0
0.0
0.0
0.0
0.0
0.0
0.0
0.0
0.0
0.0
0.005264823077018903
0.0
0.0
0.0
0.0
0.0
0.0
0.0
0.01858188065788963
0.0
0.0
0.0
0.0
0.0
0.0
0.0
0.0
0.0
0.0
0.018221002446047036
0.0
0.010473858943539239
0.006723123305766629
0.0
0.0
0.0
0.0
0.0
0.0
0.006229837045806052
0.0
0.008363074548116453
0.0
0.0
0.0
0.0
0.0
0.0
0.0
0.0
0.0
0.0
0.0
0.0
0.0
0.0
0.0
0.0
0.0
0.0
0.0
0.0
0.0
0.0
0.0
0.0
0.0
0.0
0.0
0.007820143154874342
0.0
0.0
0.0
0.0
0.0
0.0
0.0
0.0
0.0
0.0
0.0
0.0
0.0
0.0
0.0
0.0
0.026445160146050455
0.0
0.0
0.0
0.0
0.01858188065788963
0.0
0.0
0.0
0.0
0.006487706729230148
0.0
0.0
0.0
0.0
0.09801833880310036
0.0
0.0
0.0
0.0
0.0
0.0
0.0
0.0
0.0
0.0
0.0
0.020947717887078478
0.0
0.0
0.0
0.0
0.0
0.009769641195889486
0.0
0.0
0.0
0.0
0.0
0.0
0.009110501223023518
0.009980572683578664
0.0
0.0
0.0
0.007140190895905207
0.0
0.0
0.0
0.0
0.0
0.0
0.0
0.0
0.0
0.0
0.0
0.029525383123680384
0.0
0.0
0.0
0.020833794359161755
0.0
0.0
0.0
0.0
0.0
0.0
0.0
0.0
0.0
0.0
0.0
0.00375073563777261
0.0
0.0
0.0
0.0
0.0
0.0
0.0
0.0
0.0
0.0
0.0
0.0
0.0
0.0
0.0
0.0
0.0
0.0
0.0
0.0
0.0
0.0
0.0
0.0
0.0
0.0
0.0
0.0
0.0
0.007966426555673823
0.0
0.0
0.009015558714791514
0.0
0.0
0.0
0.0
0.0
0.008917163003982057
0.0
0.0
0.0
0.0
0.0
0.0
0.0
0.008105204864692357
0.0
0.0
0.0
0.0
0.0
0.009769641195889486
0.0
0.0
0.0
0.0
0.0
0.0
0.0
0.0
0.0
0.0
0.0
0.0
0.0
0.01840444942760014
0.0
0.0
0.0
0.0
0.0
0.0
0.0
0.008708938453839493
0.0
0.0
0.0
0.0
0.0
0.0
0.0
0.0
0.0
0.0
0.006229837045806052
0.004354469226919747
0.0
0.0
0.0
0.008237210745012921
0.018753678188863053
0.0
0.0
0.0
0.0
0.0
0.0
0.0
0.0
0.0
0.0
0.0
0.0
0.0
0.0
0.0
0.0
0.0
0.0
0.0
0.0
0.0
0.0
0.0
0.0
0.0
0.0
0.0
0.0
0.0
0.0
0.0
0.0
0.06505305573689937
0.0
0.0
0.0
0.0
0.0
0.0
0.0
0.006229837045806052
0.005944775335988037
0.0
0.0
0.0
0.0
0.0
0.0
0.0
0.0
0.008363074548116453
0.0
0.0
0.0
0.0
0.039367177498240515
0.0
0.0
0.03644200489209407
0.0
0.0
0.0
0.0
0.0
0.0
0.0
0.0
0.00750147127554522
0.0
0.0
0.0
0.0
0.0
0.0
0.0
0.0
0.0
0.0
0.0
0.0
0.0
0.0
0.0
0.0
0.007820143154874342
0.0
0.0
0.0
0.0
0.0
0.0
0.00375073563777261
0.0
0.0
0.0
0.0
0.0
0.0
0.0
0.0
0.05236929471769619
0.0
0.0
0.0
0.0
0.0
0.0
0.0
0.0
0.0
0.0
0.0
0.0
0.0
0.0
0.0
0.0
0.0
0.0
0.0
0.0
0.0
0.0
0.0
0.0
0.0
0.0
0.0
0.0
0.0
0.0
0.0
0.0
0.0
0.0
0.0
0.0
0.0
0.0
0.0
0.0
0.0
0.0
0.001875367818886305
0.0
0.0
0.0
0.0
0.0
0.0
0.0
0.0
0.0
0.0
0.0
0.0
0.0
0.0
0.0
0.0
0.0
0.0
0.043368703824599585
0.0
0.0
0.0
0.0
0.0
0.0
0.0
0.0
0.0
0.0
0.006229837045806052
0.0
0.0
0.0
0.0
0.0
0.009695510973760648
0.0
0.0
0.02071742067602803
0.0
0.0
0.0
0.0
0.0
0.0
0.0
0.0
0.0
0.0
0.0
0.0
0.0
0.0
0.0
0.0
0.0
0.0
0.0
0.0
0.0
0.0
0.0
0.0
0.004354469226919747
0.0
0.0
0.0
0.0
0.0
0.0
0.008105204864692357
0.0
0.010176242297725306
0.0
0.0
0.0
0.0
0.0
0.0
0.0
0.0
0.0
0.0
0.0
0.0
0.0
0.0
0.0
0.0
0.0
0.0
0.0
0.0
0.0
0.0
0.0
0.0
0.0
0.0
0.0
0.0
0.0
0.0
0.0
0.0
0.0
0.0
0.0
0.0
0.0
0.0
0.0
0.0
0.0
0.0
0.0
0.0
0.0
0.0
0.0
0.0
0.0
0.0
0.0
0.005944775335988037
0.0
0.0
0.0
0.005264823077018903
0.0
0.0
0.0
0.0
0.0
0.0
0.0
0.0
0.018753678188863053
0.018753678188863053
0.008105204864692357
0.0
0.0
0.0
0.0
0.07589523169304926
0.0
0.0
0.0
0.0
0.0
0.0
0.0
0.0
0.0
0.0
0.0
0.0
0.0
0.0
0.0
0.0
0.0
0.0
0.0
0.0
0.02016936991729989
0.0
0.0
0.0
0.0
0.0
0.0
0.0
0.0
0.0
0.0
0.0
0.051496222814538924
0.0
0.0
0.0
0.0
0.006723123305766629
0.0
0.0
0.0
0.0
0.0
0.0
0.0
0.0
0.0
0.0
0.0
0.0
0.009460094397224167
0.0
0.0
0.0
0.0
0.007140190895905207
0.0
0.0
0.0
0.0
0.0
0.0
0.0
0.009980572683578664
0.0
0.0
0.0
0.0
0.0
0.0
0.0
0.019391021947521295
0.0
0.0
0.0
0.0
0.0
0.0
0.0
0.0
0.0
0.0
0.0
0.0
0.0
0.0
0.0
0.0
0.008598491124652934
0.0
0.0
0.0
0.0
0.0
0.0
0.0
0.0
0.0
0.0
0.0
0.0
0.0
0.0
0.0
0.0
0.0
0.0
0.0
0.0
0.0
0.0
0.0
0.0
0.0
0.0
0.0
0.0
0.0
0.0
0.0
0.0
0.0
0.0
0.0
0.0
0.0
0.0
0.0
0.0
0.0
0.0
0.0
0.02105929230807561
0.00848334251912771
0.0
0.0
0.0
0.0
0.0029723876679940186
0.0
0.0
0.008917163003982057
0.0
0.0
0.0
0.0
0.0
0.005944775335988037
0.0
0.0
0.0
0.0
0.0
0.0
0.0
0.0
0.0
0.0
0.0
0.0
0.0
0.0
0.0
0.0
0.0
0.0
0.0
0.0
0.0
0.0
0.0
0.00375073563777261
0.0
0.0
0.0
0.0
0.0
0.0
0.0
0.0
0.0
0.0
0.0
0.0
0.0
0.020598489125815567
0.0
0.0
0.0
0.021483915379256882
0.0
0.0
0.0
0.0
0.0
0.010637883941368487
0.007665496273374469
0.0
0.0
0.0
0.0
0.0
0.0
0.0
0.0
0.0
0.006229837045806052
0.0
0.0
0.0
0.0
0.0
0.0
0.0
0.0
0.0
0.0
0.00375073563777261
0.0
0.0
0.0720947119403545
0.0
0.0
0.0
0.0
0.0
0.0
0.0
0.0
0.0
0.0
0.0
0.0
0.0
0.0
0.0
0.0
0.0
0.0
0.0
0.0
0.0
0.0
0.0
0.0
0.0
0.0
0.0
0.0
0.00848334251912771
0.0
0.0
0.0
0.0
0.0
0.0
0.0
0.0
0.0
0.0
0.0
0.02612681536151848
0.0
0.0
0.0
0.0
0.0
0.0
0.0
0.0
0.0
0.0
0.0
0.0
0.0
0.0
0.0
0.0
0.010690421200903126
0.010473858943539239
0.0
0.0
0.0
0.19603667760620072
0.0
0.007665496273374469
0.05421087978074948
0.0
0.07554771576007853
0.0
0.007665496273374469
0.0
0.0
0.0
0.0
0.05292153136362899
0.11816153458591286
0.0
0.020833794359161755
0.0
0.0
0.00750147127554522
0.0
0.0
0.0
0.19603667760620072
0.0
0.042967830758513764
0.0
0.006487706729230148
0.039078564783557944
0.0
0.0
0.0
0.0
0.00375073563777261
0.0
0.0
0.0
0.0
0.0
0.0
0.0
0.010473858943539239
0.0
0.0
0.0
0.0
0.0
0.0
0.0
0.005626103456658915
0.0
0.0
0.0
0.0
0.043368703824599585
0.0
0.0
0.0
0.0
0.0
0.0
0.0
0.0
0.0
0.0
0.04255153576547395
0.0
0.0
0.0
0.0
0.0
0.0
0.0
0.0
0.0
0.0
0.0
0.0
0.0
0.0
0.0381634563690431
0.0
0.005944775335988037
0.0
0.0
0.0
0.0
0.0
0.0
0.0
0.0
0.0
0.0
0.0
0.0
0.016210409729384714
0.0
0.0
0.0
0.0
0.0
0.0
0.0
0.0
0.0
0.0
0.0
0.0
0.0
0.0
0.0
0.0
0.0
0.0
0.06215226202808408
0.0
0.0
0.0
0.0
0.0
0.0
0.0
0.0
0.005944775335988037
0.004847755486880324
0.0
0.0
0.0
0.0
0.0
0.0
0.0
0.0
0.0
0.0
0.0
0.0
0.0
0.0
0.0
0.0
0.0
0.0
0.0
0.0
0.0
0.0
0.0
0.0
0.0
0.0
0.0
0.014543266460640972
0.0
0.0
0.03938272419661241
0.0
0.0
0.0
0.0
0.0
0.0
0.0
0.0
0.0
0.0
0.018221002446047036
0.0
0.0
0.0
0.0
0.0
0.0
0.0
0.0
0.0
0.0
0.00848334251912771
0.0
0.07291828025706615
0.0
0.0
0.0
0.0
0.0
0.0
0.0
0.0
0.004354469226919747
0.0
0.0
0.0
0.0
0.0
0.0
0.00920222471380007
0.0
0.0
0.005264823077018903
0.0
0.0
0.0
0.0
0.0
0.0
0.0
0.0
0.0
0.0
0.0
0.043368703824599585
0.0
0.0
0.0
0.0
0.0
0.0
0.0
0.0
0.0
0.0
0.0
0.0
0.0
0.0
0.0
0.001875367818886305
0.0
0.0
0.0
0.0
0.0
0.07370752307826463
0.0
0.0
0.0
0.0
0.0
0.0
0.0
0.0
0.0
0.0
0.0
0.0
0.0
0.0
0.0
0.0
0.0
0.0
0.0
0.0
0.0
0.0
0.0
0.0
0.0
0.0
0.0
0.0
0.0
0.0
0.0
0.0
0.0
0.0
0.0
0.0
0.0
0.03191365182410546
0.0
0.0
0.0
0.0
0.0
0.0
0.0
0.0
0.0
0.0
0.0
0.0
0.0
0.004847755486880324
0.0
0.0
0.0
0.0
0.0
0.008708938453839493
0.0
0.0
0.0
0.0
0.0
0.0
0.0
0.0
0.0
0.0
0.0
0.0
0.0
0.0
0.0
0.0
0.0
0.0
0.0
0.0
0.0
0.0
0.008815053382016819
0.0
0.0
0.0
0.0
0.0
0.0
0.0
0.0
0.0
0.0
0.0
0.026445160146050455
0.0
0.0
0.0
0.0
0.0
0.0
0.0
0.0
0.0
0.0
0.0
0.0
0.0
0.004847755486880324
0.0
0.0
0.0
0.0
0.0
0.0
0.0
0.0
0.0
0.0
0.0
0.0
0.0
0.0
0.010112578563899226
0.0
0.0
0.0
0.0
0.0
0.0
0.007140190895905207
0.0
0.0
0.0
0.0
0.0
0.007665496273374469
0.016726149096232906
0.0
0.0
0.0
0.0
0.0
0.0
0.0
0.006229837045806052
0.0
0.0
0.0
0.0
0.0
0.0
0.0
0.0
0.0
0.0
0.0
0.0
0.0
0.0
0.0
0.0
0.0
0.009290940328944815
0.015640286309748685
0.0
0.0
0.0
0.0
0.0
0.0
0.0
0.0
0.0
0.0
0.004354469226919747
0.0
0.0
0.0
0.0
0.0
0.0
0.0
0.0
0.0
0.0
0.0
0.0
0.010112578563899226
0.0
0.00920222471380007
0.0
0.0
0.0
0.0
0.021380842401806252
0.0
0.0
0.008708938453839493
0.004847755486880324
0.0
0.0
0.0
0.0
0.0
0.0
0.0
0.0
0.0
0.0
0.01996114536715733
0.0
0.010792530822868362
0.0
0.0
0.0
0.0
0.0
0.0
0.0
0.0
0.0
0.0
0.0
0.0
0.0
0.0
0.0
0.0
0.0
0.0
0.009980572683578664
0.0
0.0
0.0
0.0
0.0
0.0
0.0
0.0
0.0
0.0
0.0
0.0
0.0
0.0
0.0
0.0
0.0
0.010416897179580878
0.0
0.0
0.0
0.0
0.0
0.0
0.0
0.0
0.017630106764033638
0.008598491124652934
0.0
0.0
0.0
0.0
0.0
0.0
0.0
0.0
0.0
0.0
0.0
0.0
0.008917163003982057
0.007966426555673823
0.0
0.0
0.0
0.0
0.0
0.0
0.021483915379256882
0.0
0.0
0.042337225090903194
0.0
0.0
0.0
0.0
0.0
0.010047380617470568
0.00961929230393865
0.0
0.009695510973760648
0.0
0.03267277960103345
0.0
0.0
0.0
0.0
0.0
0.0
0.009912073231124531
0.0
0.0
0.0
0.0
0.0
0.0
0.0
0.006487706729230148
0.0
0.0
0.0
0.3811824286787237
0.0
0.0
0.0
0.0
0.0
0.039648292924498126
0.0
0.0
0.0
0.0
0.0
0.0
0.0
0.0
0.0
0.0
0.0
0.1742548245388451
0.0
0.0
0.0
0.007820143154874342
0.0
0.0
0.0
0.0
0.0
0.0
0.0
0.017630106764033638
0.0
0.0
0.0
0.0
0.0
0.0
0.020947717887078478
0.0
0.0
0.0
0.010112578563899226
0.053189419706842433
0.0
0.0
0.0
0.0
0.008708938453839493
0.0
0.008598491124652934
0.0
0.0
0.050562892819496136
0.0
0.0
0.0
0.0
0.0
0.0
0.0
0.0
0.0
0.0
0.0
0.0
0.0
0.0
0.0
0.0
0.0
0.0
0.0
0.0
0.04255153576547395
0.0
0.0
0.0
0.0
0.0
0.0
0.007966426555673823
0.0
0.0
0.0
0.09757958360534907
0.009540864092260775
0.0
0.0
0.12765460729642183
0.0
0.0
0.0
0.007326856894913766
0.0
0.0
0.0
0.0
0.0
0.0
