0
0
0
0
0
0
0
0
0
0
0
0
0
0
0
0
0
0
0
0
0
0
0
0
0
0
0
0
0
0
0
0
0
0
0
0
0
0
0
0
0
0
0
0
0
0
0.015091036428826015
0
0
0
0
0
0
0
0
0
0
0
0
0
0
0
0
0
0
0
0
0
0
0
0
0
0
0
0
0
0
0
0
0
0
0
0.025267381213764605
0
0
0
0
0
0
0
0
0
0
0
0
0
0
0
0
0
0
0
0
0
0
0
0
0
0
0
0
0
0
0
0
0
0
0
0
0
0
0
0
0
0
0
0
0
0
0
0
0
0
0
0
0
0
0
0
0
0
0
0
0
0
0
0
0
0
0
0
0
0
0
0
0
0
0
0
0
0
0
0
0
0
0
0
0
0
0
0
0
0
0
0
0
0
0
0
0
0
0
0
0
0
0
0
0
0
0
0
0
0
0
0
0
0
0
0
0
0
0
0
0
0
0
0
0
0
0
0
0
0
0
0
0
0
0
0
0
0
0
0
0
0
0
0
0.07834274988744408
0
0
0
0
0
0
0
0
0
0
0
0
0
0.02584210770253963
0
0
0
0
0
0
0
0
0
0
0
0
0
0
0
0
0
0
0
0
0
0
0
0
0
0
0
0
0
0
0
0
0
0
0
0
0
0
0
0.021502142547427227
0
0
0
0.018596297949254017
0
0
0
0
0
0
0
0
0
0
0.010751071273713613
0
0
0
0
0
0
0
0
0
0
0
0
0
0
0.0
0
0
0
0
0
0
0
0
0
0
0
0
0
0
0
0
0
0
0
0
0
0
0
0
0
0
0
0
0
0
0
0
0
0
0
0
0
0
0
0
0
0.5542315295145394
0.02100162962599431
0
0
0
0
0
0
0
0
0
0
0
0.017040044811416515
0
0
0
0
0
0
0
0
0
0
0
0
0
0.01612660691057042
0
0
0
0
0
0
0
0
0
0.02046657206568282
0
0
0
0
0
0
0
0.08337334825539039
0
0
0
0
0
0
0
0
0
0
0
0
0
0.018596297949254017
0
0
0
0
0
0
0
0
0
0
0.008520022405708257
0
0
0.1144328565234259
0
0
0
0
0
0
0
0
0
0
0
0
0
0
0.01248160722028605
0
0
0
0
0
0
0
0
0
0
0
0
0
0
0.005375535636856807
0
0
0
0
0
0
0
0
0
0
0
0
0.1914348646302819
0.06067750015485781
0
0
0
0.2771157647572697
0.05600720443096411
0
0
0
0.026631458818469154
0
0
0
0
0
0.024646629316278677
0
0
0.038542187358843745
0
0
0
0.01612660691057042
0
0
0
0
0
0
0
0
0
0
0
0
0
0
0
0
0
0
0
0
0
0
0
0
0.022834885731300516
0.047222117669068545
0
0
0
0
0
0
0
0.02046657206568282
0.06215581033908014
0
0
0
0
0
0
0.0998528577622884
0.026631458818469154
0
0
0
0
0
0.21852350337577506
1.1809603964425226
0
0
0
0
0
0
0.15538952584770035
0
0
0
0
0
0.008520022405708257
0
0
0
0.0
0
0
0
0
0
0.021972302167469177
0.005375535636856807
0
0
0
0
0
0
0.14760826015851283
0
0
0
0
0
0
0
0
0.11519884690855253
0
0
0.10846528141984911
0
0
0
0.01248160722028605
0
0.005375535636856807
0.03762874945799765
0
0.041686674127695195
0
0
0
0
0
0
0.0
0
0
0
0.005375535636856807
0
0
0
0
0
0.027572643649112067
0
0
0
0
0
0
0
0
0
0
0
0
0
0
0
0
0
0
0.041686674127695195
0
0
0
0
0
0
0
0.027347837804325984
0
0
0
0
0
0
0
0
0.013895558042565065
0
0
0
0
0
0
0
0
0
0
0
0
0
0.026114249962481358
0
0
0
0
0
0
0
0.017857142857142856
0
0
0
0
0
0
0
0
0
0
0
0
0
0
0
0
0
0
0
0
0
0
0
0.023971833586110824
0
0
0
0
0
0
0
0
0
0
0
0
0
0
0
0
0
0
0
0
0
0
0
0
0
0.0
0
0
0
0
0
0
0
0
0
0
0
0
0
0
0
0
0.06098464914635487
0
0
0.022834885731300516
0
0
0
0.024646629316278677
0
0.021502142547427227
0
0
0
0
0
0
0
0
0
0
0
0
0
0
0
0
0
0
0
0
0
0
0
0
0
0
0
0
0
0
0
0
0
0
0
0
0
0
0
0
0
0
0
0
0
0
0.021972302167469177
0
0
0
0.14304107065428237
0
0
0
0
0
0
0
0.3093560285398158
0.12135500030971562
0
0
0
0
0
0.05357142857142857
0
0
0
0
0.022834885731300516
0
0.05721642826171295
0
0.02431656850031416
0
0.05053476242752921
0
0
0
0
0
0
0
0
0
0
0
0
0
0
0
0
0
0.008520022405708257
0
0
0
0
0
0
0
0
0.05112013443424955
0
0.0
0
0.015091036428826015
0.08695978341417324
0
0
0
0
0
0
0.0
0
0.053755356368568076
0
0
0.0249632144405721
0.05642084273631465
0
0
0
0
0
0
0
0.015091036428826015
0.022415580448273322
0
0
0
0
0
0
0
0
0.008520022405708257
0
0
0
0
0
0
0
0
0.02431656850031416
0
0
0
0
0
0
0
0
0
0
0
0
0
0
0
0
0
0
0
0
0
0
0
0
0
0
0
0.02046657206568282
0
0
0
0
0
0
0
0
0
0
0
0
0
0
0.20290616129973757
0
0
0
0
0
0
0
0
0
0
0
0
0
0
0
0
0
0
0
0
0
0
0
0
0
0
0
0
0
0
0.04929325863255735
0
0
0
0
0
0
0
0
0
0
0
0
0
0
0
0
0
0
0
0
0
0.11943556128112268
0
0
0
0
0
0
0.037192595898508034
0
0
0
0
0
0
0
0
0
0
0
0
0
0
0
0
0
0
0
0
0
0
0
0
0.04093314413136564
0.019271093679421872
0
0
0
0
0
0
0.01612660691057042
0
0
0
0
0
0
0
0.0890763124115129
0
0
0
0
0
0.2809587900545679
0
0
0
0.3121764333939644
0
0
0
0
0
0
0
0
0
0
0.010751071273713613
0
0.11667631825568477
0
0
0
0
0
0
0
0
0.02046657206568282
0
0.06591690650240753
0
0
0
0
0
0
0
0
0
0
0
0
0
0
0
0
0.05469567560865197
0
0
0
0
0
0
0
0
0.07956738230763119
0
0
0
0
0
0
0
0.023232678493999664
0
0
0
0
0.04200325925198862
0
0
0
0
0
0
0
0
0
0
0
0
0
0.03225321382114084
0
0
0
0
0
0
0
0
0
0
0
0
0
0
0
0.02898659447139108
0
0
0
0
0
0.01612660691057042
0
0
0
0
0
0
0
0
0
0.02046657206568282
0
0.02584210770253963
0.27163865571886825
0
0
0
0.037192595898508034
0
0
0
0
0
0
0
0
0
0.025560067217124772
0
0.017857142857142856
0
0
0
0
0
0
0
0
0
0
0
0
0
0
0
0
0
0
0
0
0
0
0.019891845576907798
0.23617321625362053
0
0.1128416854726293
0
0
0.0885649560951077
0
0
0.019271093679421872
0
0
0
0
0
0
0
0
0
0
0
0
0
0
0
0
0
0
0.1771299121902154
0
0.17915334192168403
0
0
0
0
0
0
0
0
0
0
0
0
0
0.026114249962481358
0
0.02100162962599431
0
0
0
0
0
0
0
0
0
0
0
0
0
0
0.7081847321574669
0
0
0
0.03225321382114084
0
0
0.01612660691057042
0
0
0
0
0
0
0
0
0
0
0
0
0
0
0
0
0
0
0
0
0
0
0
0
0
0.008520022405708257
0
0
0
0
0
0
0
0
0
0.0249632144405721
0
0
0
0
0
0
0
0
0
0.12135500030971562
0
0
0
0
0
0
0
0
0
0
0
0
0
0
0
0
0
0.055145287298224134
0
0
0
0
0
0
0.09006649485940646
0
0
0
0
0
0
0
0
0
0
0
0
0
0
0
0
0
0
0
0
0
0
0
0
0
0
0
0
0
0
0
0
0
0
0
0
0
0
0
0
0
0
0.008520022405708257
0
0
0
0
0
0
0
0
0
0.0
0
0
0
0
0
0
0
0
0
0
0
0
0
0
0
0
0
0
0
0
0
0
0
0
0
0
0
0
0
0
0
0
0.005375535636856807
0
0
0
0
0.008520022405708257
0
0
0
0
0
0
0
0
0
0
0
0
0
0
0
0
0
0
0.0
0
0
0
0
0
0
0
0
0.005375535636856807
0
0
0
0
0
0
0
0
0
0
0
0.01248160722028605
0
0
0
0
0.02584210770253963
0
0
0
0
0.019271093679421872
0
0
0
0
0
0
0
0
0
0
0
0
0
0
0
0
0
0
0
0.02046657206568282
0.01248160722028605
0
0
0
0
0
0.026377165262851113
0.026631458818469154
0
0
0
0
0
0
0
0
0
0.019271093679421872
0.7769476292385017
0
0
0
0
0
0
0
0.023971833586110824
0.015091036428826015
0
0
0
0
0
0
0
0
0
0
0
0.05326291763693831
0.022415580448273322
0
0.04093314413136564
0
0
0
0
0
0
0.019891845576907798
0
0.11667631825568477
0
0.026631458818469154
0
0
0
0
0
0
0
0
0
0
0
0
0
0
0
0
0
0
0
0
0
0
0
0
0
0
0.01248160722028605
0
0
0
0
0.01248160722028605
0
0
0
0.017857142857142856
0
0
0
0
0
0
0.027572643649112067
0
0.01612660691057042
0
0
0
0
0
0
0
0.018596297949254017
0
0
0
0
0
0
0
0
0
0
0
0.008520022405708257
0
0
0
0.0
0
0
0
0
0
0
0
0.15246162286588716
0
0
0
0
0
0
0
0
0.14929445160140334
0
0
0
0
0
0.04863313700062832
0.019891845576907798
0
0
0
0
0.04794366717222165
0
0
0
0
0
0
0
0
0
0
0
0
0
0
0
0.022834885731300516
0
0
0
0.01248160722028605
0
0
0
0
0
0
0
0
0
0
0
0
0
0
0
0.013895558042565065
0
0.019271093679421872
0
0.017857142857142856
0
0
0
0
0
0
0
0
0
0
0
0
0
0
0
0
0
0
0
0
0
0
0
0
0
0
0
0
0.047222117669068545
0
0.005375535636856807
0
0
0
0
0
0.05168421540507926
0
0
0
0
0
0
0
0
0
0.0499264288811442
0.04566977146260103
0
0
0
0
0
0
0
0
0.03225321382114084
0
0
0.010751071273713613
0.05558223217026026
0
0
0
0
0
0
0
0
0
0
0
0
0.019271093679421872
0
0
0
0
0
0
0
0
0
0
0
0
0
0
0
0.017040044811416515
0.0
0.013895558042565065
0
0
0
0
0
0
0
0
0
0
0
0
0
0
0
0.04863313700062832
0
0
0.018596297949254017
0
0.023232678493999664
0
0
0
0
0
0
0
0
0
0
0
0
0
0
0
0
0
0
0
0
0
0
0
0.010751071273713613
0
0
0
0
0
0
0
0
0
0
0.026631458818469154
0
0
0
0.019271093679421872
0.04863313700062832
0
0.04837982073171126
0
0
0.010751071273713613
0
0
0
0
0
0
0
0
0
0.005375535636856807
0
0
0
0
0
0
0
0
0
0
0
0
0
0
0
0
0
0
0
0.05600720443096411
0
0
0
0
0
0
0
0
0.008520022405708257
0
0
0
0
0
0
0
0
0
0
0
0
0
0
0
0
0
0
0
0
0
0
0
0
0
0
0
0
0
0
0
0
0
0
0
0
0
0
0
0
0
0
0
0
0
0
0
0
0
0
0
0
0
0
0
0
0
0
0
0
0
0
0
0
0.14787977589767207
0
0
0
0.06004432990627097
0
0
0
0
0
0
0.20290616129973757
0
0.02584210770253963
0
0
0
0.026114249962481358
0
0
0.05600720443096411
0
0
0.01612660691057042
0
0
0
0
0
0.06004432990627097
0
0
0
0
0
0
0
0
0
0
0
0
0.0
0.1022402688684991
0
0.01248160722028605
0
0
0
0
0
0
0
0
0
0
0
0
0
0
0.05275433052570223
0
0
0
0
0
0
0
0.005375535636856807
0
0
0
0
0
0
0.015091036428826015
0
0
0
0.07294970550094247
0
0
0
0
0
0
0
0
0
0.013895558042565065
0
0
0.02584210770253963
0
0
0
0
0
0
0
0.05112013443424955
0
0
0
0.053755356368568076
0
0.010751071273713613
0
0
0
0
0
0
0
0
0
0
0
0
0
0
0
0
0
0
0
0.022415580448273322
0
0
0
0
0
0
0
0
0
0
0
0
0
0
0
0
0
0.04929325863255735
0
0
0.11364747193046422
0
0
0
0
0
0
0
0
0
0
0
0
0.023232678493999664
0.01248160722028605
0
0
0
0
0.005375535636856807
0
0
0
0
0
0
0
0
0
0
0
0
0
0
0
0
0
0
0
0
0.15011082476567741
0
0
0
0
0
0
0
0
0
0
0
0
0.028799711727138133
0.019891845576907798
0
0.08134896106488683
0
0
0
0
0
0
0
0
0
0
0
0
0
0
0.024646629316278677
0
0
0
0
0
0
0
0
0
0
0.015091036428826015
0
0
0
0
0
0.023232678493999664
0
0
0
0.01248160722028605
0
0
0
0
0
0
0
0
0
0
0
0
0.01612660691057042
0
0
0.051120134434249544
0
0
0
0.017040044811416515
0
0
0
0
0
0
0
0
0
0
0
0
0
0
0
0
0.025560067217124775
0
0
0
0
0
0
0
0
0
0
0
0
0
0.029692104137170966
0
0
0
0
0.05971778064056134
0
0
0.43509067237356097
0
0
0.05112013443424955
0.02431656850031416
0
0
0
0
0
0
0.01612660691057042
0
0
0
0
0
0
0
0
0
0
0.015091036428826015
0
0
0
0
0.005375535636856807
0
0
0
0
0
0
0
0
0
0
0
0
0
0
0
0
0
0
0
0
0
0
0
0
0.021502142547427227
0
0
0
0
0
0
0
0
0
0
0
0
0
0
0
0
0
0
0
0
0
0
0
0
0
0.013895558042565065
0
0
0
0.01612660691057042
0
0
0
0
0
0
0
0
0
0
0
0
0
0
0
0
0
0
0
0
0
0
0
0
0
0
0.052228499924962715
0
0.01612660691057042
0.05721642826171295
0.07668020165137432
0.015091036428826015
0.0775263231076189
0.043004285094854454
0
0
0
0.037192595898508034
0
0
0
0
0
0
0.17501447738352716
0
0
0
0
0.025267381213764605
0
0
0
0
0
0
0
0
0
0
0
0
0
0
0
0.07393988794883603
0
0
0
0
0
0
0
0
0
0.028799711727138133
0
0
0.02779111608513013
0
0.017040044811416515
0
0
0
0.018596297949254017
0
0
0
0
0
0
0
0
0
0
0
0
0
0
0
0
0
0.08582464239256943
0
0.1370093143878031
0
0
0
0
0
0
0
0
0
0
0.023971833586110824
0
0.04646535698799933
0
0.023232678493999664
0
0
0
0
0
0
0
0
0
0
0
0
0
0.15321458425310708
0
0
0
0
0
0.047222117669068545
0.07668020165137432
0.038542187358843745
0
0
0
0
0
0
0
0
0
0
0
0
0
0
0
0
0
0
0
0
0
0.0
0
0
0
0
0
0.018596297949254017
0.01612660691057042
0
0
0
0
0
0
0
0
0
0
0
0
0
0
0
0
0.005375535636856807
0
0.015091036428826015
0
0
0
0
0.030022164953135484
0
0
0
0
0
0
0.06724674134481996
0.019891845576907798
0
0
0
0
0
0
0
0
0
0
0
0
0
0
0
0
0
0
0
0
0.022415580448273322
0.005375535636856807
0
0
0
0
0
0
0
0
0
0
0
0
0
0
0
0
0.019891845576907798
0
0
0
0
0
0.026877678184284038
0
0
0
0.5306999367697395
0
0
0
0
0
0
0
0.018596297949254017
0
0.024646629316278677
0
0
0
0
0
0
0
0
0
0
0
0.28799711727138133
0
0
0
0
0.043004285094854454
0
0
0
0
0.015091036428826015
0
0
0
0
0.02046657206568282
0
0
0
0
0
0
0
0
0
0.0
0
0.3079064052858552
0.026631458818469154
0
0
0
0
0
0
0.10751071273713615
0.02431656850031416
0.023232678493999664
0.005375535636856807
0
0
0
0
0
0
0
0
0
0
0
0
0.021972302167469177
0.028210421368157323
0
0.7389753726860525
0
0
0
0
0
0
0
0.05682373596523211
0
0
0
0
0
0
0.027116320354962278
0
0
0
0
0
0.18646743101724042
0
0
0
0
0
0
0
0.013895558042565065
0
0
0
0
0
0
0
0
0
0
0.017857142857142856
0
0
0
0
0.013895558042565065
0
0
0
0
0
0.12374241141592633
0.017040044811416515
0.02779111608513013
0.01612660691057042
0
0
0
0
0
0
0
0
0
0
0
0
0
0
0
0
0
0
0
0
0
0
0
0
0
0
0
0
0
0
0
0
0
0
0
0
0
0
0
0
0
0
0
0.013895558042565065
0
0
0
0
0
0
0
0
0
0
0
0
0
0
0
0
0
0
0.023971833586110824
0
0
0
0
0
0
0
0
0.02431656850031416
0
0
0
0
0
0
0
0
0
0
0
0
0
0
0
0
0
0
0.02431656850031416
0
0
0
0
0
0
0
0
0
0
0
0
0
0
0
0
0
0.019271093679421872
0
0
0.1343883909214202
0
0
0
0
0
0
0.04394460433493835
0
0.04566977146260103
0
0
0
0
0.0
0
0.005375535636856807
0
0
0
0
0.02046657206568282
0
0
0
0
0
0
0.028411867982616055
0
0
0
0
0
0
0
0.06128583370124283
0
0
0
0
0
0
0
0
0
0
0
0.0
0
0
0
0.0249632144405721
0
0.022834885731300516
0
0
0
0
0
0.6435012538630498
0
0
0
0
0
0
0.04794366717222165
0
0
0
0
0
0.008520022405708257
0
0
0
0
0
0
0
0
0
0
0
0.04200325925198862
0
0.017040044811416515
0.0249632144405721
0.017857142857142856
0
0
0
0
0
0.023611058834534272
0
0.005375535636856807
0
0
0.015091036428826015
0
0
0
0
0
0.02779111608513013
0
0
0
0
0
0
0.021502142547427227
0
0
0
0
0.20543158456077343
0
0
0
0
0
0
0
0.017040044811416515
0
0
0
0
0
0
0
0
0
0
0
0
0
0.05781328103826562
0
0
0
0
0
1.8418409570243899
0
0
0.039783691153815595
0
0
0
0
0
0
0
0.013895558042565065
0.3370720853568356
0
0
0
0
0
0
0
0
0
0
0
0.08337334825539039
0
0
0
0
0
0
0
0.055145287298224134
0
0
0
0
0
0.0748896433217163
0
0
0.1449329723569554
0
0
0
0
0
0
0
0
0
0
0
0
0
0
0
0
0
0
0
0
0
0
0
0
0
0
0
0
0
0
0
0
0
0
0
0
0
0
0
0
0
0
0.017857142857142856
0
0.05797318894278216
0
0
0
0.013895558042565065
0
0
0
0.027347837804325984
0
0
0
0
0
0
0
0.017857142857142856
0
0
0
0
0
0
0
0
0
0
0
0
0
0
0
0
0
0
0
0
0
0
0
0
0
0.022415580448273322
0
0.023971833586110824
0
0
0
0
0
0
0.01248160722028605
0
0.0827179309473362
0.038542187358843745
0
0
0
0
0
0
0
0.13183381300481506
0
0
0
0
0
0
0
0.13057124981240678
0
0
0
0
0
0
0
0
0
0
0
0
0
0
0
0
0
0
0
0
0
0.1781526248230258
0
0
0
0
0
0
0
0
0
0
0
0
0
0
0
0
0
0
0.15169375038714453
0
0
0
0
0
0
0
0
0
0
0
0
0
0
0
0
0
0.0
0
0.010751071273713613
0
0.017040044811416515
0
0
0
0
0
0
0
0
0
0.07393988794883603
0
0.025267381213764605
0
0
0
0
0
0
0.05275433052570223
0
0
0.05558223217026026
0
0
0
0.03571428571428571
0
0
0
0.07393988794883603
0
1.0301822302000825
0
0
0
0
0
0.16674669651078078
0
0
0
0
0
0.021502142547427227
0
0
0
0
0
0
0
0
0
0
0
0
0
0
0
0
0
0.45738486859766153
0
0.017857142857142856
0
0
0
0.04093314413136564
0.017857142857142856
0
0
0
0
0
0
0
0
0
0.013895558042565065
0
0
0
0.015091036428826015
0
0
0
0
0
0.005375535636856807
0
0
0
0
0.24862324135632055
0.05721642826171295
0
0
0
0
0
0
0
0.03018207285765203
0
0
0
0
0
0
0
0
0
0
0
0
0.022415580448273322
0.0
0.0249632144405721
0.06850465719390154
0
0
0
0
0
0
0
0
0
0
0
0
0
0.14399855863569067
0
0
0
0.02431656850031416
0
0
0
0
0
0
0
0
0
0
0
0
0
0
0
0
0.037192595898508034
0
0.02046657206568282
0
0
0
0
0
0.008520022405708257
0
0
0
0
0
0.09054621857295608
0
0
0
0
0
0
0
0
0
0
0
0
0
0
0
0
0
0.017040044811416515
0.005375535636856807
0.23887112256224535
0
0
0
0
0
0
0
0
0
0
0.0
0
0
0.047222117669068545
0.023971833586110824
0
0
0
0
0
0.018596297949254017
0
0
0
0
0.044831160896546644
0.022834885731300516
0
0
0.021502142547427227
0
0
0
0
0
0
0
0
0
0
0
0
0
0
0
0
0
0
0.12008865981254194
0
0
0.02431656850031416
0
0
0
0
0
0
0.010751071273713613
0
0
0.005375535636856807
0
0
0
0.02431656850031416
0
0
0.13673918902162993
0.06969803548199899
0.2112745100035642
0
0
0
0.025267381213764605
0
0
0
0.1856136171238895
0
0
0
0
0
0
0
0
0
0.008520022405708257
0
0
0
0
0
0
0
0.015091036428826015
0
0
0
0
0.037192595898508034
0.026377165262851113
0
0.07668020165137432
0.07580214364129381
0
0
0
0
0
0.06724674134481996
0
0
0
0
0
0
0
0
0
0.027572643649112067
0
0
0.14846052068585483
0
0
0
0
0
0
0
0
0.026114249962481358
0
0.017040044811416515
0
0
0.22729494386092844
0.043004285094854454
0
0
0.03018207285765203
0.026877678184284038
0.041686674127695195
0
0
0
0
0
0
0.026377165262851113
0
0
0
0.008520022405708257
0
0
0
0
0
0
0
0.017040044811416515
0
0
0
0
0
0
0.029347369222967632
0
0
0
0
0
0
0
0
0
0
0
0
0
0
0
0.05469567560865197
0.010751071273713613
0.371227234247779
0.026631458818469154
0
0
0
0
0
0
0
0.018596297949254017
0
0
0
0
0
0
0
0
0
0
0
0
0
0
0.05326291763693831
0.2744309211585969
0
0
0
0
0
0
0
0
0
0
0
0
0
0
0
0
0
0
0
0
0
0
0
0.018596297949254017
0
0
0
0
0
0
0
0
0
0
0.02100162962599431
0
0.02046657206568282
0
0
0
0
0
0.2985889032028067
0
0.11808660812681027
0
0.017040044811416515
0
0
0
0
0
0
0
0
0
0
0.018596297949254017
0
0
0
0.15668549977488816
0
0
0
0
0
0
0
0.028003602215482055
0
0
0
0
0
0
0
0
0
0.008520022405708257
0
0
0.02046657206568282
0
0
0
0
0
0
0
0
0
0
0
0
0.010751071273713613
0
0
0
0
0.028003602215482055
0
0
0
0
0
0
0
0
0
0.05721642826171295
0
0
0
0
0.0914769737195323
0
0
0
0
0.01612660691057042
0
0
0
0
0
0
0
0
0
0
0
0
0
0
0
0
0
0
0
0
0
0
0
0
0
0
0
0.01612660691057042
0
0
0
0
0
0.015091036428826015
0
0
0
0
0
0
0
0.02100162962599431
0.02046657206568282
0
0.005375535636856807
0.05797318894278216
0
0
0
0
0.02100162962599431
0
0
0
0
0
0
0
0.1546780142699079
0
0
0
0
0
0
0
0
0
0
0
0
0
0
0
0
0
0
0
0
0.021502142547427227
0
0
0
0.3409424157913927
0
0
0
0
0
0
0.0
0
0
0
0
0
0
0
0.1727982703628288
0.46616857754310104
0
0
0
0
0.08204351341297796
0
0
0
0
0
0
0
0.008520022405708257
0
0.12257166740248567
0.08523560394784817
0
0
0
0
0
0
0
0
0
0
0
0
0
0.01612660691057042
0
0.05469567560865197
0
0
0
0
0
0.0890763124115129
0
0.017857142857142856
0
0
0
0
0
0
0
0
0
0
0
0.021502142547427227
0
0
0
0
0
0
0
0
0.5103768042033032
0
0.24514333480497133
0
0
0
0
0
0
0.013895558042565065
0
0
0
0
0
0
0
0
0
0
0
0
0.017857142857142856
0
0
0
0
0
0
0
0
0
0
0
0
0
0.09444423533813709
0
0.3433940767333608
0
0
0
0
0
0.028799711727138133
0
0.0914769737195323
0
0
0
0.021502142547427227
0
0
0
0
0
0
0
0
0
0.05797318894278216
0.05600720443096411
0
0
0
0
0
0
0.0
0
0
0
0
0
0
0
0
0
0
0
0
0
0
0
0
0
0
0
0
0
0
0.022834885731300516
0
0
0
0.028210421368157323
0.025560067217124775
0.044831160896546644
0
0
0
0
0.0
0.02046657206568282
0
0
0
0
0
0
0
0.05275433052570223
0
0
0
0
0
0
0
0.6243528667879288
0
0
0.06158128105717104
0
0
0.08337334825539039
0
0
0.013895558042565065
0
0.01612660691057042
0
0
0
0
0.07834274988744408
0.23004060495412298
0
0
0
0
0.015091036428826015
0
0
0
0.0
0.01612660691057042
0
0
0
0
0.3386970458144407
0
0
0.026631458818469154
0
0
0.027116320354962278
0
0
0
0
0
0
0
0
0.15246162286588716
0
0
0
0
0
1.498446880291029
0
0
0
0
0.1856136171238895
0
0
0
0
0
0
0
0
0
0
0.0
0.0
0
0
0
0
0
0
0
0
0
0
0.09054621857295608
0
0
0
0
0
0
0
0
0
0
0
0
0
0
0
0.04794366717222165
0
0
0
0
0
0
0
0
0
0
0.005375535636856807
0.08063303455285212
0
0
0.005375535636856807
0
0
0
0
0
0
0
0
0
0
0
0.017040044811416515
0
0
0
0
0
0
0
0
0
0
0
0
0
0
0
0
0
0
0
0
0
0
0.09726627400125663
0
0
0
0.05833815912784238
0
0
0
0
0.0
0
0.017857142857142856
0
0.04794366717222165
0
0
0
0
0.010751071273713613
0
0.054232640709924555
0
0
0
0.02046657206568282
0
0
0.005375535636856807
0
0
0
0
0
0
0
0
0
0
0
0
0.054232640709924555
0
0.02584210770253963
0
0
0
0.017857142857142856
0
0
0
0
0
0
0
0
0
0
0
0
0
0.7180057968061181
0
0
0
0
0
0
0
0
0.010751071273713613
0
0
0
0
0
0
0
0
0
0
0
0
0
0
0.039783691153815595
0
0
0.010751071273713613
0.005375535636856807
0
0
0
0
0
0
0
0
0
0
0
0
0
0
0
0
0
0
0
0
0
0
0
0
0
0
0
0
0
0
0
0
0
0
0
0
0
0.07913149578855334
0
0
0
0
0
0.09006649485940646
0
0
0
0
0
0
0
0
0
0.023232678493999664
0
0
0
0
0
0
0.010751071273713613
0
0
0
0
0
0
0
0
0
0
0
0
0
0
0
0
0
0
0
0.04929325863255735
0
0
0.058694738445935264
0
0.028799711727138133
0.010751071273713613
0.11116446434052052
0
0
0
0
0
0
0
0
0
0
0
0
0
0
0
0
0
0
0
0
0
0
0
0
0
0
0.021502142547427227
0
0
0
0.013895558042565065
0
0.08337334825539039
0
0
0.08600857018970891
0
0
0
0
0
0
0
0
0
0.010751071273713613
0.0
0
0
0
0
0
0
0
0
0
0
0
0
0
0
0
0
0
0.018596297949254017
0
0
0
0
0
0
0
0
0
0
0
0
0
0
0
0
0
0.019891845576907798
0.12257166740248567
0
0
0
0
0
0
0
0.0
0
0
0
0
0.01248160722028605
0
0.005375535636856807
0
0
0
0
0
0
0
0
0
0
0
0
0
0
0
0
0
0
0.022415580448273322
0
0
0
0
0
0
0.10445699984992543
0
0
0.017040044811416515
0
0
0
0
0.019891845576907798
0
0
0
0.023611058834534272
0
0
0
0
0
0
0
0.015091036428826015
0
0
0
0
0
0
0
0
0
0
0
0.0878892086698767
0
0.01248160722028605
0.01248160722028605
0
0
0
0
0
0
0
0
0
0
0
0
0
0
0
0.010751071273713613
0
0
0
0
0
0
0
0.017857142857142856
0
0
0
0
0.05682373596523211
0.02100162962599431
0.03571428571428571
0.017857142857142856
0
0
0
0
0
0
0.044831160896546644
0
0
0
0.017040044811416515
0.05326291763693831
0
0
0
0
0
0
0
0
0
0
0
0
0
0
0.0
0
0
0
0
0
0
0
0
0
0
0
0
0
0
0
0.03571428571428571
0
0
0
0.24632512422868416
0
0.02046657206568282
0
0
0
0
0
0
0
0
0
0
0
0
0
0.037192595898508034
0
0
0
0
0
0.01248160722028605
0
0
0
0
0
0
0
0
0
0.08463126410447197
0
0
0
0
0
0
0
0
0
0
0
0
0
0
0
0
0
0
0
0
0
0
0
0
0
0
0
0.015091036428826015
0
0
0
0
0
0
0
0.021972302167469177
0
0
0
0
0
0
0
0
0
0
0.021972302167469177
0
0
0
0.027116320354962278
0
0
0
0
0
0
0.04566977146260103
0
0.07580214364129381
0
0
0
0
0
0.02100162962599431
0
0
0
0
0
0
0
0
0
0
0
0
0
0
0
0
0
0
0
0
0
0
0
0
0
0
0
0
0
0
0
0
0
0
0
0
0
0
0
0
0
0
0
0
0
0
0
0.027347837804325984
0
0
0.07989437645540746
0
0.019271093679421872
0
0
0
0
0
0
0
0
0
0
0
0.010751071273713613
0
0.008520022405708257
0
0
0
0.028411867982616055
0
0
0
0
0
0
0
0.037192595898508034
0
0
0
0
0
0
0
0
0
0
0
0
0
0
0
0
0
0
0
0
0
0
0
0
0
0
0
0.010751071273713613
0
0
0
0
0.030935602853981583
0
0.027572643649112067
0
0
0
0
0
0
0
0
0
0
0.023611058834534272
0
0
0
0
0
0
0
0
0
0
0
0
0
0
0.0
0
0
0
0.027116320354962278
0
0
0
0
0.0827179309473362
0
0
0
0
0
0
0
0
0
0
0
0
0.008520022405708257
0
0.010751071273713613
0
0
0
0
0.023611058834534272
0
0
0
0
0
0
0
0
0
0
0
0
0
0
0
0
0
0
0
0
0
0
0
0
0
0
0
0
0
0
0
0
0
0
0
0
0
0.021502142547427227
0
0.04200325925198862
0
0.008520022405708257
0
0
0
0
0
0.021502142547427227
0
0
0
0
0
0
0
0
0
0
0
0
0
0
0
0
0
0
0
0
0
0
0
0
0
0
0
0
0
0
0
0
0
0
0
0.01248160722028605
0
0
0
0
0.026631458818469154
0
0
0
0
0.02100162962599431
0
0
0
0
0
0.07834274988744408
0
0.06004432990627097
0
0
0
0
0
0
0
0
0
0
0
0
0.022415580448273322
0
0
0
0
0
0
0
0
0
0
0
0
0
0
0
0
0
0
0
0
0
0
0
0
0
0
0
0
0.013895558042565065
0
0
0
0.010751071273713613
0
0
0
0
0
0
0
0
0
0
0
0
0
0.10652583527387662
0
0
0
0
0
0
0
0
0
0.6243528667879288
0.010751071273713613
0
0
0.015091036428826015
0.013895558042565065
0
0
0
0
0
0.0
0.06004432990627097
0
0
0
0.053755356368568076
0
0.05600720443096411
0
0
0
0
0
0
0
0.1144328565234259
0
0
0
0.1023328603284141
0
0
0
0
0
0
0
0
0
0
0
0.028210421368157323
0
0
0
0.05971778064056134
0
0
0
0
0
0
0
0
0
0
0
0
0
0
0
0
0.17915334192168403
0
0
0
0
0
0
0
0
0
0
0
0
0
0
0
0
0
0.018596297949254017
0
0.015091036428826015
0
0
0
0
0.022834885731300516
0
0
0.02584210770253963
0
0.02898659447139108
0
0
0
0
0
0
0
0.0885649560951077
0.05053476242752921
0
0
0.023232678493999664
0
0
0
0
0.010751071273713613
0.028003602215482055
0
0
0
0
0
0
0
0
0
0
0
0
0
0.05275433052570223
0.015091036428826015
0
0.02779111608513013
0
0
0
0.019891845576907798
0
0
0
0
0
0
0
0
0
0
0
0
0
0
0.025267381213764605
0
0.023611058834534272
0
0.01248160722028605
0
0
0
0
0
0
0
0
0
0
0
0
0
0
0
0
0
0
0
0
0
0
0
0
0.04646535698799933
0
0.010751071273713613
0
0
0
0.010751071273713613
0.4040127672040209
0
0
0
0
0
0
0
0
0
0
0
0
0
0
0
0
0
0
0
0
0
0
0
0
0
0
0
0
0
0
0
0
0
0
0
0
0
0
0
0
0
0
0
0
0
0
0
0.01612660691057042
0
0
0
0.022415580448273322
0
0
0
0.01248160722028605
0
0
0
0
0
0
0
0
0
0
0
0.09006649485940646
0
0.05682373596523211
0
0
0
0
0
0
0
0
0
0
0
0
0
0
0
0
0
0
0
0
0
0
0
0
0
0
0
0
0
0
0
0
0
0
0
0
0
0
0
0
0
0
0
0.053755356368568076
0
0
0
0
0
0
0
0
0
0
0
0
0
0
0
0.4040127672040209
0
0
0
0
0
0.0878892086698767
0
0
0
0
0.017857142857142856
0
0
0
0
0
0
0
0
0.05938420827434193
0
0
0
0
0
0.09133954292520206
0.03225321382114084
0
0
0
0.023232678493999664
0
0
0
0
0
0
0
0
0
0
0
0
0
0
0
0
0
0
0
0.08600857018970891
0.11616339246999832
0
0.11667631825568477
0
0
0
0
0
0
0
0.02046657206568282
0.02100162962599431
0
0.0748896433217163
0
0.005375535636856807
0
0
0
0
0
0
0
0
0
0
0
0
0
0
0
0
0.005375535636856807
0
0
0
0
0
0
0
0
0
0
0
0
0
0
0
0
0
0
0
0
0
0.03408008962283303
0
0
0
0
0
0
0.02431656850031416
0
0.008520022405708257
0
0
0
0.026877678184284038
0
0
0
0
0
0
0.21754533618678049
0
0
0
0
0
0
0
0.019891845576907798
0.01612660691057042
0
0
0
0
0
0
0
0
0
0
0.03018207285765203
0
0
0
0
0
0.04394460433493835
0
0
0
0
0
0
0.029521652031702567
0
0
0
0
0.019271093679421872
0
0
0
0
0
0
0
0
0
0
0
0
0.054232640709924555
0
0
0
0
0
0
0
0
0
0.03018207285765203
0
0
0.05721642826171295
0
0
0
0
0
0
0
0
0
0.06300488887798293
0
0
0
0
0
0
0
0
0
0
0
0
0
0
0
0
0
0
0
0
0
0
0
0
0
0
0
0
0
0
0
0
0
0
0
0
0.03018207285765203
0.04929325863255735
0
0
0
0
0
0
0
0
0
0
0
0
0
0
0
0
0
0.0
0
0
0.09054621857295608
0.04863313700062832
0
0
0
0
0
0
0
0
0.023232678493999664
0
0
0
0
0
0
0
0
0
0
0
0
0
0
0
0
0
0.01612660691057042
0
0
0
0
0
0
0
0
0
0
0
0
0
0
0
0.0
0
0
0
0.008520022405708257
0
0.010751071273713613
0.02584210770253963
0.022834885731300516
0.14760826015851283
0
0
0
0.5542315295145394
0
0
0
0
0
0.12196929829270974
0.021972302167469177
0
0
0
0.01612660691057042
0
0
0.07580214364129381
0.02100162962599431
0
0
0
0
0
0
0
0
0
0
0
0
0
0
0
0.05904330406340513
0
0
0
0
0
0
0.01612660691057042
0
0
0
0
0
0
0
0
0
0
0
0
0
0
0
0.0958873343444433
0
0
0
0.008520022405708257
0
0.02431656850031416
0
0
0
0
0
0
0.013895558042565065
0
0.023971833586110824
0
0
0.0499264288811442
0
0
0
0
0
0
0.14304107065428237
0.026877678184284038
0.008520022405708257
0
0
0
0
0
0
0
0
0.030022164953135484
0
0
0.01612660691057042
0.7804410834849109
0
0
0.37293486203448084
0
0.3093560285398158
0
0
0.0885649560951077
0.09054621857295608
0
0
0.27304875069686013
0.40027832687161174
0
0.11943556128112268
0.0775263231076189
0
0
0
0
0
1.0301822302000825
0
0.03079064052858552
0.018596297949254017
0
0
0
0
0
0
0
0
0
0
0
0.013895558042565065
0
0
0.030022164953135484
0
0
0.017857142857142856
0
0
0
0
0.01612660691057042
0.01248160722028605
0
0
0
0.4972464827126411
0
0
0
0
0
0
0.061399716197048454
0
0
0
0.21344627201224203
0
0
0
0.039783691153815595
0
0.005375535636856807
0.015091036428826015
0
0
0
0
0
0.021502142547427227
0
0.10939135121730394
0
0
0.04863313700062832
0
0
0
0
0
0
0
0
0
0
0
0.04646535698799933
0
0
0
0
0
0
0
0
0
0
0
0
0
0
0
0.018596297949254017
0.01612660691057042
0
0.1781526248230258
0
0
0.01248160722028605
0
0
0
0
0
0
0
0
0
0
0
0
0
0
0
0
0
0
0
0
0
0
0
0
0
0
0
0
0
0.010751071273713613
0.0
0
0
0
0
0.019891845576907798
0
0
0
0
0
0
0
0
0
0
0
0
0
0
0
0
0
0
0
0
0
0
0
0
0
0.05971778064056134
0
0.1115777876955241
0
0.05112013443424955
0
0
0
0.0
0
0
0
0
0
0
0
0.026377165262851113
0
0
0.015091036428826015
0
0
0.008520022405708257
0
0
0
0
0
0
0
0
0.06215581033908014
0
0
0
0
0
0
0
0
0
0
0
0
0
0
0
0
0.0
0
0
0
0
0.03018207285765203
0
0
0
0
0
0
0
0
0
0
0
0
0
0
0
0.017040044811416515
0
0
0
0
0.019271093679421872
0
0
0
0
0
0
0
0
0
0
0
0
0
0
0
0
0.030492324573177434
0
0
0
0
0
0
0
0
0
0
0.017857142857142856
0
0
0
0
0
0
0
0
0
0
0
0
0
0
0
0
0
0
0
0
0
0
0
0
0.021502142547427227
0
0
0
0
0
0
0
0
0
0
0
0
0
0
0
0
0
0
0.025267381213764605
0
0
0
0
0
0
0
0
0
0
0
0
0
0
0
0
0
0
0
0
0.09444423533813709
0
0
0
0
0
0
0
0.05797318894278216
0
0
0
0
0
0
0
0
0
0
0.1449329723569554
0
0
0.023971833586110824
0
0
0.0
0
0
0
0
0
0
0
0
0
0
0
0
0
0
0
0
0
0
0
0
0
0
0.07989437645540746
0
0
0
0
0
0
0
0.021972302167469177
0
0
0
0
0
0
0
0
0
0
0.11207790224136661
0
0
0
0
0
0.1449329723569554
0
0.07913149578855334
0
0
0
0
0.27578625165559273
0
0
0
0
0
0.043004285094854454
0
0
0
0
0
0
0
0
0.028608214130856475
0
0.09280680856194475
0.019271093679421872
0
0
0
0.013895558042565065
0
0
0
0
0
0
0
0
0
0
0
0
0
0
0
0
0
0
0
0
0
0
0
0
0
0
0
0
0
0
0
0.05971778064056134
0
0
0
0
0
0
0
0
0.025267381213764605
0
0.022415580448273322
0
0
0
0
0.07668020165137432
0
0
0
0.008520022405708257
0
0
0
0.022834885731300516
0.0885649560951077
0
0
0
0
0
0.24632512422868416
0
0
0.12135500030971562
0
0.2002574989159953
0
0
0
0.0863991351814144
0.055145287298224134
0
0
0
0.5931352234485323
0
0
0.05275433052570223
0
0
0.044831160896546644
0.028411867982616055
0
0
0
0
0
0
0
0
0
0
0.005375535636856807
1.3111410202546503
0
0
0
0
0
0.028411867982616055
0
0
0
0
0
0
0
0.013895558042565065
0
0
0
0.3433940767333608
0.013895558042565065
0
0
0
0
0
0
0
0
0
0.057599423454276266
0
0
0
0.022415580448273322
0
0
0.0880421076689029
0.12008865981254194
0.03408008962283303
0.05797318894278216
0.01248160722028605
0.11594637788556432
0.21344627201224203
0
0
0
0
0.0499264288811442
0
0
0
0.010751071273713613
0.05797318894278216
0
0
0
0
0
0
0
0
0.04394460433493835
0
0
0
0.010751071273713613
0
0
0
0
0
0
0
0.030492324573177434
0
0
0
0
0
0
0
0
0.02584210770253963
0
0.901259249916662
0.10939135121730394
0
0
0.06098464914635487
0.0
0
0
0
0
0
0
0
0
0
