0.009331084973269049
0.0
0.0
0.0
0.0
0.0
0.0
0.0
0.0
0.0
0.0
0.0
0.0
0.0
0.0
0.0
0.0
0.0
0.0
0.0
0.008376624317516276
0.0
0.0
0.0
0.0
0.0
0.0
0.0
0.00903989586865005
0.0
0.0
0.0
0.0
0.0
0.0
0.0
0.0
0.0
0.0
0.0
0.0
0.0
0.0
0.0
0.0
0.0
0.0
0.0
0.0
0.0
0.0
0.0
0.0
0.0
0.0
0.0
0.0
0.0
0.0
0.0
0.0
0.0
0.0
0.0
0.0
0.0
0.0
0.0
0.0
0.0
0.0
0.0
0.0
0.0
0.0
0.0
0.0
0.0
0.0
0.0
0.0
0.0
0.0
0.0
0.0
0.0
0.0
0.0
0.0
0.0
0.0
0.0
0.0
0.0
0.006518280686669326
0.0
0.0
0.0
0.0
0.0
0.0
0.0
0.017446710581159916
0.0
0.0
0.0
0.0
0.0
0.0
0.0
0.0
0.0
0.0
0.0
0.0
0.0
0.0
0.0
0.0
0.020614016712557845
0.0
0.0
0.0
0.0
0.0
0.011710018271071106
0.0
0.0
0.0
0.0
0.0
0.0
0.0
0.0
0.0
0.0
0.0
0.0
0.0
0.0
0.0
0.0
0.0
0.0
0.0
0.0
0.0
0.0
0.0
0.0
0.0
0.0
0.0
0.0
0.0
0.0
0.0
0.0
0.0
0.0
0.0
0.0
0.0
0.0
0.0
0.0
0.0
0.0
0.0
0.0
0.0
0.0
0.0
0.0
0.0
0.0
0.0
0.0
0.0
0.0
0.0
0.0
0.0
0.0
0.0
0.0
0.0
0.0
0.0
0.0
0.0
0.0
0.0
0.0
0.00960068397464949
0.0
0.0
0.0
0.0
0.005043230363961448
0.0
0.0
0.0
0.0
0.0
0.0
0.0
0.005855009135535553
0.0
0.0
0.0
0.0
0.0
0.0
0.010711638509852971
0.0
0.0
0.0
0.0
0.0
0.0
0.0
0.0
0.0
0.002521615181980724
0.0
0.0
0.012249958631087512
0.0
0.0
0.0
0.0
0.0
0.0
0.0
0.0
0.0
0.0
0.0
0.0
0.0
0.012122299156630217
0.0
0.0
0.005043230363961448
0.0
0.0
0.0
0.0
0.0
0.0
0.0
0.0
0.010086460727922896
0.0
0.0
0.0
0.0
0.0
0.0
0.0
0.0
0.0
0.0
0.0
0.005855009135535553
0.0
0.0
0.0
0.0
0.0
0.0
0.0
0.0
0.0
0.0
0.0
0.0
0.0
0.0
0.0
0.0
0.0
0.0
0.0
0.0
0.0
0.0
0.009331084973269049
0.008723355290579958
0.0
0.0
0.0
0.0
0.0
0.0
0.0
0.0
0.0
0.0
0.0
0.0
0.0
0.0
0.0
0.0
0.007079068792668767
0.0
0.0
0.0
0.0
0.0
0.0
0.0
0.0
0.0
0.0
0.00903989586865005
0.0
0.0
0.0
0.0
0.0
0.0
0.0
0.0
0.0
0.0
0.0
0.0
0.0
0.0
0.0
0.0
0.0
0.0
0.0
0.0
0.0
0.0
0.0
0.0
0.0
0.0
0.0
0.0
0.0
0.0
0.0
0.011244970472560683
0.0
0.0
0.0
0.07221805589702247
0.0
0.0
0.0
0.0
0.005043230363961448
0.0
0.0
0.0
0.0
0.0
0.0
0.0
0.0
0.0
0.0
0.0
0.0
0.012122299156630217
0.0
0.0
0.0
0.0
0.0
0.009851674640224154
0.0
0.0
0.015129691091884343
0.0
0.0
0.0
0.0
0.0
0.0
0.002521615181980724
0.0
0.0
0.0
0.0
0.0
0.0
0.0
0.0
0.0
0.0
0.013036561373338652
0.0
0.0
0.0
0.0
0.0
0.0
0.0
0.005855009135535553
0.0
0.0
0.0
0.0
0.0
0.0
0.007079068792668767
0.0
0.0
0.0
0.0
0.008723355290579958
0.0
0.0
0.0
0.005855009135535553
0.0
0.0
0.0
0.040259564044433184
0.0
0.005043230363961448
0.0
0.0
0.0
0.0
0.0
0.0
0.0
0.0
0.0
0.0
0.0
0.0
0.0
0.0
0.0
0.0
0.0
0.0
0.0
0.0
0.0
0.0
0.0
0.0
0.0
0.0
0.0
0.0
0.0
0.0
0.0
0.0
0.0
0.0
0.0
0.007079068792668767
0.020614016712557845
0.0
0.0
0.0
0.012828623538259646
0.014231633453051827
0.0
0.0
0.0
0.02888722235880899
0.013136236696590541
0.0
0.0
0.0
0.0
0.0
0.0
0.0
0.0
0.0
0.011561511050630774
0.0
0.0
0.0
0.0
0.0
0.0
0.0
0.0
0.0
0.0
0.0
0.0
0.0
0.0
0.0
0.0
0.0
0.0
0.0
0.0
0.0
0.0
0.0
0.0
0.0
0.0
0.0
0.0
0.0
0.0
0.0
0.021423277019705943
0.01107573429735737
0.0
0.0
0.010086460727922896
0.010307008356278922
0.0
0.0
0.0
0.0
0.043735093278346536
0.0
0.0
0.0
0.0
0.0
0.0
0.0
0.0
0.0
0.0
0.0
0.0
0.0
0.043931743015832816
0.16036200868727063
0.0
0.0
0.0
0.0
0.0
0.0
0.05831345770446205
0.0
0.0
0.0
0.0
0.0
0.0
0.0
0.0
0.0
0.0
0.0
0.0
0.0
0.0
0.0
0.0
0.0
0.0
0.0
0.0
0.0
0.0
0.0
0.0
0.0
0.0
0.0
0.0
0.0
0.0
0.0
0.0
0.027019368946192446
0.0
0.0
0.0
0.011710018271071106
0.0
0.0
0.0
0.0
0.0
0.0
0.0
0.0
0.0
0.0
0.0
0.0
0.0
0.0
0.0
0.0
0.0
0.0
0.0
0.0
0.0
0.0
0.0
0.0
0.0
0.0
0.0
0.0
0.0
0.0
0.0
0.0
0.0
0.0
0.0
0.0
0.0
0.0
0.0
0.0
0.0
0.0
0.0
0.0
0.0
0.0
0.0
0.0
0.0
0.0
0.0
0.025657247076519292
0.0
0.0
0.0
0.0
0.0
0.0
0.0
0.0
0.0
0.0
0.0
0.0
0.005043230363961448
0.0
0.0
0.0
0.0
0.0
0.0
0.0
0.0
0.0
0.0
0.008376624317516276
0.0
0.0
0.0
0.0
0.0
0.0
0.008376624317516276
0.0
0.0
0.0
0.0
0.0
0.0
0.003996665504688602
0.0
0.0
0.0
0.0
0.0
0.0
0.0
0.0
0.0
0.0
0.0
0.0
0.0
0.0
0.0
0.0
0.011244970472560683
0.0
0.0
0.0
0.0
0.0
0.0
0.008376624317516276
0.0
0.0
0.0
0.0
0.0
0.0
0.0
0.0
0.0
0.0
0.0
0.0
0.0
0.0
0.0
0.0
0.002521615181980724
0.0
0.0
0.0
0.0
0.0
0.0
0.0
0.0
0.0
0.0
0.0
0.0
0.012373289822204878
0.0
0.0
0.0
0.0
0.0
0.014303673860967524
0.0
0.0
0.0
0.0
0.011244970472560683
0.0
0.0
0.0
0.0
0.0
0.0
0.0
0.0
0.0
0.0
0.00903989586865005
0.0
0.0
0.0
0.0
0.0
0.0
0.010711638509852971
0.0
0.0
0.0
0.0
0.0
0.0
0.0
0.0
0.0
0.0
0.0
0.0
0.0
0.0
0.0
0.00903989586865005
0.0
0.0
0.0
0.0
0.0
0.0
0.0
0.0
0.0
0.0
0.0
0.0
0.0
0.0
0.006518280686669326
0.0
0.0
0.0
0.0
0.0
0.0
0.0
0.0
0.0
0.0
0.0
0.0
0.0
0.029023223392093064
0.014231633453051827
0.0
0.0
0.0
0.0
0.003996665504688602
0.0
0.0
0.0
0.0
0.0
0.0
0.0
0.013419854681477727
0.0
0.0
0.0
0.0
0.0
0.0
0.0
0.0
0.0
0.0
0.0
0.0
0.0
0.0
0.0
0.0
0.0
0.0
0.011561511050630774
0.0
0.0
0.003996665504688602
0.0
0.0
0.0
0.0
0.0
0.0
0.0
0.0
0.0
0.0
0.0
0.0
0.0
0.0
0.0
0.0
0.0
0.0
0.0
0.0
0.0
0.0
0.0
0.0
0.012492576630784432
0.0
0.0
0.012934077928204321
0.0
0.0
0.0
0.0
0.0
0.0
0.0
0.0
0.0
0.0
0.0
0.0
0.0
0.003996665504688602
0.0
0.0
0.0
0.0
0.0
0.0
0.0
0.0
0.0
0.0
0.0
0.0
0.0
0.0
0.0
0.0
0.0
0.0
0.0
0.0
0.0
0.0
0.0
0.0
0.0
0.002521615181980724
0.0
0.0
0.0
0.0
0.0
0.0
0.0
0.0
0.0
0.0
0.0
0.0
0.0
0.0
0.0
0.0
0.0
0.0
0.0
0.0
0.0
0.0
0.0
0.0
0.003996665504688602
0.0
0.0
0.0
0.013597349479338093
0.0
0.0
0.0
0.0
0.0
0.0
0.0
0.0
0.0
0.0
0.0
0.0
0.0
0.0
0.0
0.0
0.0
0.0
0.0
0.0
0.0
0.0
0.0
0.0
0.0
0.0
0.007993331009377203
0.0
0.0
0.0
0.0
0.0
0.0
0.0
0.0
0.0
0.0
0.0
0.0
0.0
0.0
0.0
0.0
0.0
0.0
0.0
0.0
0.0
0.0
0.0
0.0
0.0
0.0
0.0
0.0
0.005855009135535553
0.0
0.0
0.0
0.0
0.0
0.0
0.0
0.0
0.0
0.0
0.0
0.0
0.0
0.0
0.0
0.0
0.0
0.0
0.0
0.0
0.0
0.010711638509852971
0.0
0.0
0.0
0.0
0.0
0.0
0.0
0.0
0.0
0.0
0.0
0.0
0.0
0.0
0.0
0.006518280686669326
0.0
0.0
0.0
0.0
0.0
0.0
0.0
0.0
0.0
0.0
0.0
0.0
0.043931743015832816
0.0
0.0
0.0
0.11715131470888752
0.0
0.0
0.0
0.0
0.0
0.0
0.0
0.0
0.0
0.0
0.0
0.0
0.04104885476071117
0.0
0.0
0.0
0.0
0.0
0.0
0.0
0.0
0.0
0.0
0.0
0.0
0.002521615181980724
0.0
0.0
0.0
0.0
0.0
0.0
0.0
0.0
0.0
0.0
0.0
0.0
0.0
0.003996665504688602
0.0
0.0
0.0180797917373001
0.0
0.0
0.0
0.0
0.0
0.0
0.009331084973269049
0.0
0.0
0.0
0.0
0.0
0.0
0.0
0.010898239499497002
0.0
0.0
0.0
0.0
0.0
0.0
0.0
0.0
0.0
0.0
0.0
0.0
0.0
0.0
0.0
0.0
0.0
0.0
0.0
0.002521615181980724
0.0
0.0
0.0
0.0
0.0
0.0
0.0
0.0
0.0
0.0
0.0
0.0
0.0
0.0
0.013597349479338093
0.0
0.0
0.0
0.0
0.0
0.0
0.0
0.0
0.0
0.0
0.0
0.0
0.0
0.0
0.0
0.0
0.0
0.0
0.02831627517067507
0.0
0.0
0.0
0.0
0.0
0.0
0.0
0.0
0.0
0.0
0.0
0.0
0.0
0.0
0.0
0.008376624317516276
0.0
0.0
0.0
0.0
0.0
0.0
0.0
0.0
0.0
0.0
0.0
0.0
0.0
0.0
0.0
0.0
0.0
0.0
0.0
0.0
0.0
0.0
0.0
0.055393360579651024
0.010514946191357928
0.0
0.0
0.0
0.013848340144912756
0.0
0.0
0.0
0.0
0.0
0.0
0.0
0.0
0.0
0.0
0.0
0.0
0.0
0.0
0.0
0.0
0.0
0.0
0.0
0.0
0.0
0.013848340144912756
0.0
0.028013071156102416
0.0
0.0
0.0
0.0
0.0
0.005855009135535553
0.0
0.0
0.0
0.0
0.0
0.0
0.0
0.0
0.0
0.0
0.0
0.0
0.0
0.0
0.0
0.0
0.0
0.0
0.0
0.0
0.0
0.0
0.0
0.0
0.10110527825583146
0.0
0.0
0.0
0.0
0.0
0.0
0.0
0.0
0.0
0.0
0.0
0.0
0.0
0.0
0.0
0.0
0.0
0.0
0.0
0.0
0.0
0.0
0.0
0.0
0.002521615181980724
0.0
0.0
0.0
0.0
0.0
0.0
0.0
0.0
0.0
0.0
0.13559843802975077
0.0
0.0
0.0
0.0
0.0
0.0
0.0
0.0
0.0
0.0
0.0
0.0
0.0
0.0
0.0
0.0
0.0
0.0
0.0
0.0
0.0
0.0
0.0
0.0
0.0
0.0
0.0
0.0
0.0
0.0
0.0
0.0
0.0
0.0
0.0
0.0
0.0
0.0
0.0
0.0
0.0
0.028166252465222995
0.0
0.0
0.013036561373338652
0.0
0.0
0.0
0.0
0.0
0.0
0.006518280686669326
0.0
0.0
0.0
0.0
0.0
0.0
0.0
0.0
0.0
0.0
0.0
0.0
0.0
0.006518280686669326
0.0
0.0
0.0
0.002521615181980724
0.0
0.0
0.0
0.0
0.0
0.0
0.0
0.0
0.0
0.0
0.0
0.0
0.0
0.0
0.0
0.0
0.0
0.0
0.0
0.0
0.0
0.0
0.0
0.0
0.0
0.0
0.0
0.0
0.0
0.0
0.0
0.0
0.0
0.0
0.0
0.0
0.0
0.0
0.0
0.0
0.0
0.0
0.0
0.0
0.0
0.0
0.0
0.0
0.0
0.011852700155249774
0.0
0.0
0.0
0.0
0.0
0.0
0.0
0.0
0.0
0.0
0.0
0.0
0.0
0.0
0.0
0.0
0.0
0.0
0.0
0.0
0.002521615181980724
0.0
0.0
0.0
0.0
0.0
0.0
0.007564845545942171
0.0
0.0
0.0
0.0
0.005043230363961448
0.0
0.0
0.0
0.0
0.0
0.0
0.0
0.0
0.0
0.0
0.0
0.0
0.0
0.0
0.0
0.0
0.0
0.0
0.0
0.0
0.0
0.0
0.0
0.0
0.012122299156630217
0.0
0.0
0.0
0.0
0.0
0.0
0.0
0.0
0.0
0.0
0.0
0.0
0.0
0.0
0.0
0.0
0.0
0.0
0.0
0.0
0.0
0.0
0.0
0.007993331009377203
0.0
0.0
0.0
0.007993331009377203
0.0
0.0
0.0
0.0
0.0749554597847066
0.0
0.0
0.0
0.0
0.0
0.0
0.0
0.0
0.0
0.0
0.1166269154089241
0.0
0.0
0.0
0.0
0.0
0.0
0.0
0.0
0.0
0.0
0.0
0.0
0.0
0.0
0.0
0.0
0.0
0.0
0.0
0.0
0.04997030652313773
0.0
0.0
0.0
0.0
0.0
0.0
0.0
0.0
0.0
0.009331084973269049
0.0
0.013682951586903722
0.0
0.024985153261568863
0.0
0.0
0.0
0.01107573429735737
0.0
0.0
0.0
0.0
0.0
0.0
0.0
0.0
0.0
0.0
0.0
0.0
0.0
0.0
0.0
0.0
0.0
0.0
0.0
0.0
0.0
0.0
0.0
0.0
0.0
0.0
0.0
0.0
0.0
0.0
0.0
0.0
0.0
0.0
0.007564845545942171
0.0
0.0
0.0
0.025868155856408642
0.0
0.0
0.0
0.0
0.0
0.0
0.0
0.0
0.0
0.0
0.0
0.0
0.0
0.0
0.0
0.0
0.0
0.0
0.0
0.0
0.0
0.0
0.0
0.0
0.0
0.0
0.0
0.0
0.0
0.0
0.0
0.0
0.0
0.028607347721935048
0.0
0.0
0.0
0.0
0.0
0.0
0.0
0.0
0.028013071156102416
0.0
0.0
0.0
0.0
0.0
0.03422004751507136
0.009331084973269049
0.0
0.0
0.07984677753516649
0.0
0.022489940945121367
0.0
0.0
0.0
0.0
0.0
0.0
0.0
0.006518280686669326
0.0
0.0
0.0
0.0
0.0
0.0
0.0
0.0
0.0
0.0
0.0
0.0
0.0
0.0
0.0
0.0
0.0
0.0
0.0
0.0
0.0
0.0
0.0
0.0
0.0
0.0
0.0
0.0
0.0
0.0
0.0
0.0
0.0
0.003996665504688602
0.0
0.0
0.0
0.0
0.0
0.0
0.0
0.0
0.0
0.0
0.0
0.0
0.0
0.0
0.0
0.0
0.0
0.0
0.0
0.002521615181980724
0.0
0.0
0.0
0.0
0.0
0.0
0.0
0.0
0.0
0.0
0.0
0.0
0.0
0.0
0.012122299156630217
0.0
0.0
0.0
0.0
0.0
0.0
0.0
0.0
0.0
0.0
0.0
0.0
0.0
0.0
0.0
0.0
0.0
0.0
0.0
0.0
0.0
0.0
0.0
0.013036561373338652
0.0
0.0
0.0
0.0
0.0
0.0
0.0
0.0
0.0
0.0
0.0
0.0
0.0
0.0
0.0
0.0
0.0
0.0
0.0
0.0
0.0
0.0
0.0
0.0
0.0
0.0
0.0
0.0
0.007993331009377203
0.0
0.006518280686669326
0.0
0.0
0.0
0.0
0.0
0.0
0.0
0.0
0.0
0.0
0.0
0.0
0.0
0.0
0.0
0.0
0.011989996514065807
0.0
0.0
0.0
0.0
0.0
0.0
0.0
0.0
0.0
0.0
0.0
0.0
0.0
0.0
0.0
0.0
0.0
0.0
0.0
0.0
0.0
0.0
0.0
0.0
0.0
0.0
0.0
0.0
0.0
0.0
0.0
0.0
0.0
0.0
0.0
0.0
0.0
0.0
0.0
0.0
0.0
0.0
0.0
0.0
0.0
0.0
0.0
0.0
0.0
0.0
0.0
0.0
0.0
0.0
0.0
0.0
0.0
0.0
0.0
0.0
0.0
0.0
0.0
0.0
0.0
0.0
0.0
0.0
0.0
0.009331084973269049
0.0
0.0
0.0
0.0
0.0
0.0
0.0
0.0
0.0
0.0
0.0
0.0
0.0
0.0
0.0
0.0
0.0
0.0
0.0
0.0
0.0
0.0
0.008376624317516276
0.0
0.0
0.0
0.0
0.0
0.0
0.0
0.0
0.003996665504688602
0.0
0.0
0.0
0.0
0.0
0.0
0.0
0.0
0.0
0.0
0.0
0.0
0.0
0.0
0.0
0.0
0.0
0.0
0.0
0.0
0.0
0.0
0.0
0.0
0.0
0.0
0.0
0.0
0.0
0.0
0.0
0.0
0.0
0.002521615181980724
0.0
0.0
0.0
0.0
0.0
0.0
0.0
0.0
0.0
0.0
0.0
0.0
0.0
0.0
0.0
0.0
0.0
0.0
0.0
0.0
0.028166252465222995
0.0
0.0
0.0
0.0
0.0
0.0
0.027194698958676187
0.0
0.0
0.0
0.0
0.0
0.0
0.0
0.0
0.026272473393181082
0.008376624317516276
0.0
0.0
0.00960068397464949
0.0
0.0
0.0
0.0
0.014083126232611497
0.0
0.0
0.0
0.0
0.0
0.0
0.007993331009377203
0.0
0.0
0.0
0.0
0.0
0.0
0.0
0.0
0.0
0.0
0.0
0.0
0.0
0.0
0.007993331009377203
0.0
0.0
0.0
0.0
0.0
0.0
0.0
0.0
0.012373289822204878
0.0
0.005043230363961448
0.0
0.0
0.0
0.0
0.0
0.0
0.010898239499497002
0.0
0.0
0.0
0.0
0.0
0.0
0.0
0.0
0.0
0.011406682505023785
0.008723355290579958
0.0
0.007079068792668767
0.0
0.0
0.0
0.0
0.0
0.0
0.0
0.0
0.0
0.0
0.0
0.0
0.0
0.013419854681477727
0.0
0.0
0.0
0.023979993028131613
0.0
0.0
0.0
0.05043230363961449
0.0
0.0
0.0
0.0
0.0
0.0
0.0
0.0
0.0
0.0
0.0
0.0
0.0
0.0
0.0
0.0
0.0
0.0
0.0
0.0
0.0
0.0
0.0
0.012122299156630217
0.0
0.0
0.0
0.0
0.0
0.0
0.0
0.0
0.0
0.0
0.0
0.0
0.0
0.0
0.0
0.0
0.0
0.0
0.0266555009559153
0.0
0.0
0.0
0.0
0.0
0.0
0.0
0.0
0.0
0.0
0.0
0.0
0.0
0.0
0.0
0.0
0.0
0.0
0.0
0.0
0.0
0.008723355290579958
0.0
0.0
0.0
0.0
0.0
0.005043230363961448
0.0
0.0
0.0
0.0
0.0
0.0
0.0
0.0
0.0
0.0
0.0
0.014083126232611497
0.0
0.0
0.0
0.007079068792668767
0.0
0.0
0.0
0.0
0.011989996514065805
0.0
0.0
0.0
0.013509684473096223
0.0
0.0
0.0
0.0
0.0
0.0
0.0
0.0
0.0
0.0
0.0
0.0
0.0
0.0
0.0
0.0
0.0
0.011561511050630774
0.005043230363961448
0.0
0.0
0.0
0.0
0.0
0.0
0.0
0.0
0.0
0.0
0.0
0.0
0.0
0.0
0.0
0.0
0.0
0.0
0.0
0.0
0.0
0.0
0.0
0.0
0.0
0.0
0.0
0.0
0.0
0.0
0.0
0.0
0.0
0.0
0.0
0.007993331009377203
0.0
0.005043230363961448
0.0
0.0
0.0
0.0
0.0
0.0
0.0
0.0
0.0
0.0
0.0
0.0
0.0
0.0
0.0
0.0
0.0
0.0
0.011989996514065807
0.0
0.0
0.005043230363961448
0.0
0.0
0.0
0.0
0.0
0.0
0.0
0.0
0.0
0.0
0.0
0.0
0.0
0.0
0.0
0.0
0.0
0.0
0.07289182213057757
0.0
0.0
0.011989996514065807
0.0
0.0
0.0
0.00960068397464949
0.0
0.0
0.0
0.0
0.0
0.0
0.0
0.0
0.0
0.0
0.0
0.0
0.0
0.0
0.0
0.0
0.0
0.0
0.0
0.0
0.0
0.0
0.0
0.0
0.0
0.0
0.0
0.005855009135535553
0.0
0.0
0.0
0.0
0.0
0.0
0.0
0.0
0.008723355290579958
0.0
0.0
0.0
0.006518280686669326
0.0
0.0
0.0
0.0
0.0
0.0
0.0
0.0
0.0
0.0
0.0
0.0
0.0
0.0
0.0
0.0
0.0
0.0
0.0
0.0
0.0
0.0
0.0
0.0
0.0
0.0
0.0
0.0
0.0
0.0
0.0
0.0
0.0
0.0
0.0
0.0
0.0
0.0
0.0
0.0
0.0
0.0
0.0
0.0
0.0
0.0
0.005855009135535553
0.0
0.002521615181980724
0.0
0.0
0.0
0.0
0.011244970472560683
0.0
0.0
0.0
0.0
0.012492576630784432
0.0
0.0
0.0
0.0
0.0
0.011989996514065807
0.0
0.0
0.010086460727922896
0.0
0.0
0.0
0.0
0.0
0.0
0.0
0.015129691091884343
0.002521615181980724
0.0
0.027365903173807445
0.0
0.0
0.0
0.0
0.0
0.0
0.0
0.0
0.0
0.0
0.0
0.0
0.0
0.0
0.0
0.0
0.0
0.0
0.0
0.0
0.0
0.0
0.0
0.0
0.0
0.0
0.0
0.0
0.0
0.0
0.04052905341928867
0.0
0.0
0.0
0.0
0.0
0.0
0.0
0.0
0.0
0.0
0.0
0.0
0.0
0.0
0.0
0.0
0.010711638509852971
0.0
0.0
0.0
0.0
0.0
0.0
0.0
0.0
0.0
0.013419854681477727
0.0
0.0
0.0
0.0
0.0
0.0
0.0
0.0
0.0
0.0
0.0
0.0
0.011244970472560683
0.0
0.0
0.0
0.021796478998994003
0.0
0.0
0.0
0.0
0.0
0.0
0.0
0.0
0.0
0.0
0.0
0.0
0.0
0.014374315337230499
0.0
0.0
0.0
0.0
0.0
0.0
0.0
0.0
0.0
0.0
0.0
0.0
0.0
0.0
0.0
0.0
0.0
0.0
0.0
0.0
0.0
0.0
0.0
0.0
0.0
0.0
0.0
0.0
0.0
0.0
0.0
0.0
0.0
0.0
0.0
0.0
0.0
0.0
0.0
0.0
0.0
0.0
0.0
0.0
0.0
0.0
0.0
0.0
0.0
0.0
0.0
0.0
0.0
0.0
0.012373289822204878
0.0
0.0
0.0
0.0
0.0
0.05633250493044599
0.0
0.0
0.0
0.0
0.0
0.0
0.0
0.018662169946538097
0.0
0.0
0.0
0.0
0.0
0.0
0.0
0.0
0.0
0.0
0.0
0.003996665504688602
0.002521615181980724
0.0
0.0
0.0
0.011561511050630774
0.0
0.0
0.0
0.03154483857407378
0.0
0.0
0.0
0.0
0.0
0.0
0.007079068792668767
0.0
0.0
0.0
0.0
0.0
0.0
0.0
0.0
0.02342003654214221
0.0
0.0
0.0
0.0
0.0
0.0
0.0
0.012608075909903623
0.0
0.0
0.0
0.08786348603166563
0.008723355290579958
0.0
0.0
0.0
0.0
0.00960068397464949
0.0
0.0
0.0
0.011561511050630774
0.0
0.0
0.0
0.0
0.0
0.0
0.0
0.0
0.0
0.0
0.0
0.06754842236548111
0.0
0.0
0.0
0.0
0.0
0.0
0.0
0.0
0.0
0.0
0.0
0.0
0.0
0.0
0.00960068397464949
0.0
0.0
0.0
0.0
0.0
0.0
0.0
0.0
0.0
0.0
0.0
0.014443611179404495
0.012492576630784432
0.0
0.0
0.0
0.0
0.007079068792668767
0.0
0.012608075909903623
0.011406682505023785
0.0
0.0
0.0
0.0
0.00960068397464949
0.0
0.0
0.0
0.0
0.0
0.0
0.0
0.0
0.01332775047795765
0.0
0.0
0.0
0.02888722235880899
0.0
0.0
0.0
0.0
0.0
0.010514946191357928
0.0
0.0533110019118306
0.0
0.0
0.0
0.0
0.0
0.0
0.0
0.0
0.0
0.0
0.0
0.0
0.08747018655669307
0.0
0.0
0.0
0.0
0.0
0.0
0.0
0.006518280686669326
0.003996665504688602
0.0
0.0
0.0
0.0
0.0
0.0
0.0
0.0
0.0
0.0
0.0
0.0
0.0
0.0
0.0
0.0
0.0
0.0
0.0
0.0
0.043534835088139594
0.0
0.013036561373338652
0.0
0.0
0.0
0.0
0.0
0.0
0.0
0.0
0.0
0.0
0.0
0.0
0.0
0.0
0.0
0.0
0.0
0.0
0.0
0.00960068397464949
0.0
0.0
0.0
0.0
0.0
0.0
0.0
0.0
0.0
0.0
0.0
0.0
0.0
0.0
0.0
0.0
0.0
0.0
0.0
0.0
0.0
0.0
0.0
0.0
0.0
0.0
0.0
0.0
0.0
0.0
0.0
0.0
0.0
0.0
0.0
0.0
0.0
0.0
0.0
0.0
0.0
0.0
0.0
0.0
0.0
0.0
0.0
0.0
0.011561511050630774
0.0
0.0
0.0
0.0
0.0
0.0
0.0
0.0
0.0
0.0
0.0
0.0
0.0
0.012608075909903623
0.0
0.0
0.0
0.0
0.0
0.0
0.007564845545942171
0.0
0.02281336501004757
0.0
0.0
0.0
0.0
0.0
0.0
0.0
0.0
0.0
0.0
0.0
0.0
0.0
0.0
0.0
0.0
0.0
0.0
0.0
0.0
0.0
0.0
0.0
0.0
0.0
0.0
0.0
0.010307008356278922
0.0
0.0
0.0
0.0
0.0
0.0
0.0
0.0
0.0
0.0
0.0
0.0
0.0
0.00960068397464949
0.0
0.0
0.0
0.008376624317516276
0.0
0.0
0.0
0.0
0.0
0.0
0.0
0.0
0.0
0.0
0.014374315337230499
0.0
0.0
0.0
0.0
0.0
0.0
0.0
0.0
0.0
0.0
0.0
0.0
0.0
0.0
0.0
0.0
0.01970334928044831
0.0
0.0
0.0
0.0
0.0
0.0
0.057497261348921996
0.0
0.0
0.0
0.0
0.0
0.0
0.011244970472560683
0.0
0.0
0.0
0.0
0.007564845545942171
0.0
0.0
0.0
0.0
0.0
0.013136236696590541
0.0
0.0
0.0
0.0
0.0
0.0
0.009851674640224154
0.0
0.0
0.0
0.0
0.0
0.0
0.002521615181980724
0.0
0.0
0.0
0.0
0.0
0.0
0.0
0.007079068792668767
0.0
0.0
0.0
0.0
0.0
0.006518280686669326
0.0
0.0
0.0
0.0
0.005855009135535553
0.0
0.0
0.0
0.0
0.0
0.0
0.0
0.0
0.0
0.0
0.0
0.0
0.007564845545942171
0.0
0.0
0.0
0.0
0.0
0.0
0.0
0.0
0.0
0.02281336501004757
0.0
0.0
0.0
0.0
0.0
0.0
0.0
0.0
0.0
0.0
0.0
0.13179522904749846
0.0
0.0
0.0
0.0
0.0
0.0
0.0
0.0
0.0
0.0
0.0
0.057497261348921996
0.0
0.0
0.0
0.0
0.0
0.005043230363961448
0.0
0.0
0.0
0.0
0.0
0.013036561373338652
0.0
0.0
0.0
0.0
0.0
0.0
0.0
0.0
0.0
0.0
0.0
0.01107573429735737
0.0
0.011710018271071106
0.0
0.0
0.0
0.0
0.0
0.0
0.0
0.0
0.0
0.0
0.0
0.0
0.0
0.0
0.0
0.0
0.0
0.0
0.012828623538259646
0.00960068397464949
0.003996665504688602
0.0
0.0
0.0
0.0
0.0
0.0
0.0
0.0
0.0
0.0
0.003996665504688602
0.0
0.0
0.0
0.0
0.0
0.0
0.0
0.0
0.0
0.0
0.0
0.0
0.0
0.0
0.012828623538259646
0.04079204843801428
0.0
0.025216151819807246
0.0
0.0
0.0
0.0
0.0
0.012828623538259646
0.00960068397464949
0.0
0.0
0.0
0.0
0.0
0.0
0.0
0.0
0.0
0.0
0.0
0.0
0.0
0.0
0.0
0.0
0.0
0.0
0.0
0.0
0.0
0.0
0.0
0.0
0.0
0.0
0.0
0.0
0.0
0.0
0.0
0.0
0.010514946191357928
0.0
0.0
0.0
0.0
0.0
0.0
0.0
0.0
0.0
0.0
0.025868155856408642
0.0
0.0
0.0
0.0
0.0
0.0
0.0
0.0
0.0
0.0
0.0
0.0
0.0
0.0
0.0
0.0
0.0
0.0
0.0
0.016753248635032553
0.0
0.0
0.0
0.0
0.0
0.0
0.0
0.0
0.0
0.0
0.0
0.0
0.0
0.0
0.0
0.0
0.0
0.0
0.02785659537400902
0.0
0.0
0.0
0.0
0.0
0.0
0.00960068397464949
0.0
0.0
0.0
0.0
0.0
0.0
0.0
0.0
0.0
0.0
0.0
0.028463266906103655
0.0
0.0
0.0
0.0
0.0
0.0
0.005855009135535553
0.0
0.0
0.0
0.0
0.0
0.0
0.0
0.007993331009377203
0.0
0.0
0.0
0.0
0.0
0.0
0.0
0.0
0.0
0.0
0.0
0.0
0.0
0.0
0.0
0.0
0.0
0.0
0.0
0.0
0.0
0.0
0.0
0.0
0.0
0.0
0.007993331009377203
0.0
0.0
0.0
0.0
0.0
0.0
0.0
0.0
0.0
0.023123022101261548
0.0
0.10250740037027659
0.0
0.0
0.0
0.0
0.0
0.013036561373338652
0.0
0.0
0.0
0.0
0.0
0.0
0.0
0.0
0.0
0.0
0.0
0.0
0.0
0.0
0.0
0.0
0.0
0.0
0.0
0.0
0.0
0.0
0.0
0.17164408633161027
0.0
0.0
0.0
0.0
0.0
0.0
0.0
0.0
0.0
0.0
0.0
0.0
0.0
0.0
0.0
0.0
0.0
0.0
0.0
0.0
0.0
0.0
0.0
0.0
0.0
0.0
0.0
0.0
0.0
0.0
0.0
0.0
0.013419854681477727
0.0
0.0
0.0
0.0
0.0
0.0
0.0
0.0
0.0
0.027696680289825512
0.0
0.0
0.0
0.0
0.0
0.0
0.0
0.0
0.0
0.0
0.021029892382715857
0.0
0.0
0.0
0.0
0.0
0.0
0.0
0.0
0.0
0.0
0.0
0.0
0.0
0.0
0.0
0.0
0.0
0.0
0.0
0.0
0.0
0.0
0.0
0.0
0.0
0.0
0.0
0.0
0.0
0.0
0.0
0.00903989586865005
0.0
0.0
0.0
0.0
0.0
0.0
0.0
0.0
0.0
0.0
0.0
0.0
0.0
0.0
0.0
0.0
0.0
0.0
0.0
0.02831627517067507
0.0
0.0
0.0
0.0
0.0
0.0
0.0
0.0
0.0
0.0
0.002521615181980724
0.0
0.0
0.0
0.0
0.0
0.0
0.0
0.0
0.014006535578051208
0.0
0.0
0.0
0.0
0.0
0.0
0.0
0.0
0.0
0.0
0.0
0.0
0.0
0.0
0.0
0.0
0.0
0.0
0.0
0.002521615181980724
0.008723355290579958
0.0
0.0
0.0
0.0
0.0
0.010711638509852971
0.0
0.0
0.0
0.013136236696590541
0.0
0.0
0.0
0.0
0.0
0.0
0.0
0.0
0.0
0.0
0.0
0.0
0.0
0.003996665504688602
0.0
0.0
0.0
0.05633250493044599
0.0
0.0
0.0
0.0
0.0
0.0
0.0
0.0
0.0
0.0
0.0
0.0
0.0
0.0
0.0
0.0
0.0
0.0
0.0
0.012828623538259646
0.010898239499497002
0.0424744127560126
0.0
0.0
0.008723355290579958
0.0
0.0
0.0
0.0
0.029023223392093064
0.0
0.0
0.0
0.0
0.0
0.0
0.0
0.0
0.0
0.0
0.0
0.0
0.0
0.0
0.0
0.0
0.0
0.0
0.0
0.0
0.0
0.0
0.0
0.0
0.0
0.0
0.0
0.0
0.07564845545942171
0.0
0.0
0.0
0.0
0.0
0.0
0.0
0.0
0.0
0.0
0.0
0.0
0.0
0.0
0.0
0.0
0.0
0.0
0.0
0.0
0.0
0.0
0.0
0.0
0.0
0.0
0.0
0.0
0.0
0.0
0.0
0.02017292145584579
0.0
0.0
0.0
0.0
0.0
0.0
0.0
0.0
0.0
0.0
0.011561511050630774
0.037119869466614636
0.006518280686669326
0.0
0.0
0.0
0.0
0.0
0.0
0.0
0.0
0.0
0.0
0.0
0.0
0.0
0.0
0.0
0.0
0.011989996514065805
0.0
0.0
0.0
0.0
0.0
0.009331084973269049
0.0
0.0
0.009331084973269049
0.0
0.0
0.0
0.0
0.0
0.0
0.0
0.0
0.0
0.10158128187232572
0.0
0.0
0.0
0.0
0.011406682505023785
0.002521615181980724
0.0
0.0
0.008723355290579958
0.0
0.0
0.0
0.0
0.0
0.0
0.0
0.0
0.0
0.0
0.0
0.0
0.0
0.0
0.0
0.028607347721935048
0.0
0.0
0.0
0.0
0.0
0.0
0.0
0.005855009135535553
0.0
0.0
0.0
0.0
0.0
0.0
0.0
0.0
0.0
0.0
0.0
0.0
0.0
0.0
0.0
0.0
0.0
0.0
0.0
0.0
0.0
0.0
0.0
0.0
0.0
0.0
0.0
0.0
0.0
0.0
0.0
0.0
0.0
0.0
0.04201960673415363
0.0
0.013848340144912756
0.0
0.0
0.0
0.0
0.0
0.0
0.0
0.0
0.0
0.0
0.0
0.0
0.0
0.0
0.0
0.0
0.024499917262175024
0.0
0.0
0.0
0.0
0.0
0.0
0.0
0.0
0.0
0.0
0.0
0.0
0.0
0.0
0.0
0.0
0.0
0.0
0.0
0.0
0.0
0.0
0.0
0.0
0.0
0.0
0.0
0.0
0.0
0.0
0.0
0.0
0.0
0.0
0.009331084973269049
0.0
0.0
0.0
0.0
0.0
0.0
0.0
0.0
0.0
0.0
0.0
0.0
0.0
0.0
0.0
0.0
0.0
0.0
0.07151836930483761
0.0
0.0
0.0
0.0
0.0
0.0
0.0
0.0
0.0
0.0
0.0
0.0
0.0
0.0
0.0
0.0
0.0
0.0
0.0
0.0
0.0
0.0
0.0
0.0
0.0
0.0
0.0
0.0
0.0
0.0
0.0
0.0
0.0
0.0
0.0
0.0
0.0
0.0
0.0
0.0
0.0
0.0
0.0
0.0
0.0
0.0
0.0
0.0
0.0
0.0
0.013597349479338093
0.0
0.0
0.0
0.0
0.0
0.0
0.0
0.0
0.0
0.0
0.0
0.0
0.05804644678418613
0.0
0.0
0.0
0.0
0.0
0.04154502043473827
0.0
0.0
0.00960068397464949
0.0
0.0
0.0
0.0
0.0
0.0
0.0
0.0
0.0
0.0
0.0
0.0
0.0
0.0
0.0
0.0266555009559153
0.0
0.0
0.0
0.0
0.0
0.0
0.0
0.0
0.0
0.0
0.0
0.0
0.0
0.0
0.013509684473096223
0.029156728852231025
0.0
0.0
0.0
0.0
0.0
0.0
0.0
0.0
0.0
0.0
0.0
0.0
0.0
0.0
0.0
0.0266555009559153
0.0
0.008376624317516276
0.0
0.0
0.0
0.003996665504688602
0.0
0.0
0.0
0.0
0.0
0.0
0.0
0.007564845545942171
0.0
0.0
0.0
0.0
0.0
0.0
0.002521615181980724
0.02785659537400902
0.0
0.0
0.0
0.0
0.0
0.0
0.0
0.0
0.0
0.0
0.0
0.0
0.0
0.010086460727922896
0.0
0.0
0.0
0.0
0.0
0.0
0.0
0.0
0.0
0.0
0.086245892023383
0.0
0.0
0.0
0.0
0.0
0.0
0.0
0.0
0.0
0.0
0.0
0.0
0.0
0.0
0.0
0.0
0.0
0.0
0.0
0.0
0.0
0.0
0.0
0.0
0.0
0.0
0.0
0.0
0.0
0.0
0.0
0.0
0.0
0.01107573429735737
0.0
0.10250740037027659
0.0
0.026466507383667393
0.0
0.0
0.0
0.0
0.0
0.028607347721935048
0.0
0.0
0.0
0.0
0.011852700155249774
0.0
0.0
0.0
0.0
0.0
0.0
0.0
0.0
0.04079204843801428
0.0
0.0
0.0
0.0
0.0
0.0
0.0
0.0
0.0
0.0
0.0
0.0
0.0
0.0
0.0
0.0
0.0
0.0
0.0
0.0
0.0
0.0
0.0
0.0
0.0
0.03596998954219742
0.0
0.0
0.0
0.0
0.0
0.0
0.0
0.0
0.0
0.0
0.0
0.0
0.0
0.0
0.0
0.0
0.0
0.0
0.0
0.018662169946538097
0.0
0.0
0.0
0.0
0.024746579644409756
0.0
0.0
0.0
0.0
0.0
0.0
0.0
0.05857565735444376
0.0
0.0
0.07221805589702247
0.0
0.0
0.026073122746677304
0.0
0.0
0.0
0.0
0.0
0.0
0.0
0.0
0.0
0.0
0.011989996514065807
0.0
0.0
0.0
0.0
0.0
0.0
0.0
0.0
0.0
0.0
0.0
0.0
0.0
0.013036561373338652
0.04333083353821349
0.0
0.0
0.0
0.0
0.0
0.0
0.0
0.0
0.0
0.0
0.0
0.0
0.0
0.0
0.028607347721935048
0.0
0.0
0.0
0.0
0.0
0.19037088640194225
0.0
0.0
0.0
0.0
0.043534835088139594
0.0
0.0
0.0
0.0
0.0
0.0
0.0
0.0
0.0
0.0
0.0
0.0
0.0
0.0
0.0
0.0
0.0
0.0
0.0
0.002521615181980724
0.0
0.0
0.014158137585337535
0.0
0.0
0.0
0.0
0.0
0.0
0.0
0.0
0.0
0.0
0.0
0.0
0.0
0.0
0.0
0.0
0.0
0.0
0.0
0.0
0.0
0.0
0.0
0.0
0.0
0.008376624317516276
0.0
0.012608075909903623
0.0
0.0
0.0
0.0
0.0
0.0
0.0
0.0
0.0
0.0
0.0
0.007079068792668767
0.0
0.0
0.0
0.0
0.0
0.0
0.0
0.0
0.0
0.0
0.0
0.0
0.0
0.0
0.0
0.0
0.0
0.0
0.0
0.0
0.0
0.0
0.0
0.0
0.0
0.011406682505023785
0.0
0.0
0.0
0.0
0.0
0.0
0.0
0.0
0.0
0.0
0.0
0.0
0.0
0.008376624317516276
0.0
0.0
0.0
0.0
0.0
0.012720020795268563
0.0
0.0
0.0
0.01920136794929898
0.0
0.0
0.0
0.0
0.0
0.0
0.0
0.0
0.0
0.0
0.0
0.0
0.0
0.0
0.0
0.05088008318107425
0.0
0.012122299156630217
0.007564845545942171
0.0
0.0
0.0
0.0
0.0
0.0
0.0
0.0
0.0
0.0
0.0
0.0
0.010086460727922896
0.007564845545942171
0.0
0.0
0.11715131470888752
0.016753248635032553
0.051314494153038584
0.0
0.0
0.0
0.0
0.0
0.005855009135535553
0.0
0.0
0.0
0.0
0.0
0.0
0.0
0.0
0.0
0.0
0.0
0.0
0.0
0.0
0.012249958631087512
0.009331084973269049
0.0
0.0
0.0
0.0
0.0
0.0
0.0
0.0
0.0
0.0
0.0
0.0
0.0
0.005855009135535553
0.0
0.0
0.0
0.0
0.0
0.0
0.0
0.0
0.0
0.0
0.0
0.0
0.0
0.0
0.0
0.0
0.0
0.0
0.0
0.0
0.0
0.0
0.0
0.0
0.0
0.0
0.0
0.024746579644409756
0.0
0.0
0.0
0.0
0.0
0.028166252465222995
0.0
0.0
0.0
0.0
0.0
0.0
0.0
0.0
0.0
0.0
0.0
0.0
0.0
0.0
0.0
0.0
0.0
0.0
0.0
0.006518280686669326
0.0
0.0
0.0
0.0
0.0
0.0
0.0
0.0
0.0
0.0
0.0
0.0
0.0
0.0
0.0
0.0
0.0
0.0
0.0
0.013766585654541409
0.0
0.04052905341928867
0.0
0.0
0.0
0.0
0.0
0.0
0.0
0.0
0.0
0.0
0.0
0.005043230363961448
0.0
0.0
0.007564845545942171
0.0
0.0
0.00903989586865005
0.0
0.0
0.0
0.0
0.0
0.0
0.0
0.0
0.0
0.0
0.0
0.0
0.0
0.0
0.006518280686669326
0.0
0.026073122746677304
0.013136236696590541
0.0
0.0
0.0
0.0
0.0
0.0
0.008376624317516276
0.0
0.0
0.0
0.0
0.0
0.0
0.0
0.0
0.0
0.0
0.0
0.0
0.0
0.0
0.0
0.0
0.0
0.0
0.0
0.0
0.0
0.0
0.0
0.0
0.0
0.0
0.0
0.0
0.0
0.0
0.0
0.0
0.0
0.0
0.0
0.0
0.0
0.0
0.0
0.0
0.0
0.0
0.028748630674460998
0.0
0.0
0.0
0.0
0.0
0.0
0.0
0.0
0.0
0.0
0.0
0.0
0.0
0.0
0.0
0.0
0.0
0.0
0.0
0.002521615181980724
0.0
0.0
0.0
0.0
0.0
0.0
0.0
0.0
0.0
0.0
0.0
0.0
0.0
0.010514946191357928
0.0
0.0
0.03674987589326254
0.0
0.0
0.0
0.0
0.0
0.0
0.007993331009377203
0.0
0.0
0.0
0.0
0.0
0.0
0.0
0.007993331009377203
0.0
0.0
0.0
0.0
0.0
0.0
0.0
0.0
0.0
0.0
0.0
0.0
0.0
0.0
0.057033412525118926
0.0
0.0
0.0
0.0
0.0
0.0
0.0
0.0
0.0
0.0
0.0
0.0
0.0
0.0
0.0
0.0
0.0
0.0
0.0
0.0
0.0
0.0
0.0
0.0
0.0
0.0
0.0
0.0
0.0
0.0
0.0
0.0
0.0
0.0
0.0
0.022489940945121367
0.0
0.039983251433872956
0.0
0.0
0.0
0.0
0.0
0.0
0.0
0.0
0.0
0.0
0.0
0.0
0.003996665504688602
0.0
0.012492576630784432
0.0
0.0
0.0
0.0
0.0
0.0
0.039983251433872956
0.0
0.0
0.0
0.0
0.0
0.0
0.0
0.0
0.0
0.0
0.0
0.0
0.0
0.0
0.0
0.0
0.0
0.0
0.0
0.0
0.0
0.0
0.0
0.0
0.00960068397464949
0.0
0.0
0.0
0.0
0.00960068397464949
0.0
0.0
0.0
0.0
0.0
0.0
0.0
0.0
0.0
0.0
0.0
0.0
0.0
0.0
0.0
0.0
0.0
0.0
0.0
0.0
0.0
0.0
0.0
0.0
0.010086460727922896
0.0
0.0
0.0
0.0
0.013233253691833697
0.0
0.0
0.0
0.0
0.0
0.0
0.0
0.0
0.0
0.0
0.0
0.0
0.0
0.0
0.0
0.0
0.0
0.0
0.0
0.0
0.0
0.0
0.0
0.0
0.0
0.0
0.0
0.0
0.0
0.007993331009377203
0.0
0.0
0.005855009135535553
0.0
0.0
0.0
0.0
0.0
0.0
0.0
0.0
0.0
0.0
0.0
0.0
0.0
0.0
0.0
0.0
0.0
0.0
0.0
0.0
0.0
0.0
0.0
0.0
0.010711638509852971
0.0
0.011852700155249774
0.0
0.0
0.0
0.0
0.0
0.0
0.0
0.0
0.0
0.0
0.0
0.0
0.0
0.010514946191357928
0.0
0.0
0.0
0.0
0.0
0.0
0.0
0.0
0.007564845545942171
0.0
0.0
0.0
0.0
0.0
0.0
0.010898239499497002
0.0
0.0
0.0
0.0
0.0
0.0
0.0
0.0
0.0
0.0
0.0
0.0
0.0
0.0
0.0
0.0
0.005043230363961448
0.0
0.0
0.0
0.0
0.0
0.0
0.025657247076519292
0.0
0.0
0.0
0.0
0.00903989586865005
0.00903989586865005
0.0
0.0
0.005043230363961448
0.0
0.0
0.0
0.0
0.0
0.0
0.0
0.0
0.0
0.0
0.0
0.0
0.0
0.039983251433872956
0.0
0.008376624317516276
0.0
0.0
0.0
0.0
0.0
0.0
0.0
0.0
0.0
0.0
0.0
0.0
0.0
0.0
0.0
0.0
0.0
0.0
0.0
0.0
0.0
0.0
0.0
0.0
0.0
0.0
0.0
0.0
0.0
0.0
0.0
0.0
0.0
0.0
0.0
0.0
0.0
0.0
0.014511611696046532
0.0
0.0
0.0
0.0
0.0
0.0
0.0
0.0
0.0
0.0
0.0
0.0
0.0
0.0
0.0
0.0
0.0
0.0
0.0
0.0
0.0
0.0
0.0
0.0
0.0
0.0
0.0
0.0
0.0
0.0
0.0
0.0
0.0
0.0
0.0
0.0
0.0
0.0
0.0
0.0
0.0
0.0
0.0
0.0
0.0
0.0
0.0
0.0
0.0
0.0
0.0
0.0
0.0
0.0
0.0
0.0
0.0
0.0
0.010086460727922896
0.0
0.008376624317516276
0.0
0.0
0.0
0.0
0.0
0.0
0.0
0.0
0.0
0.0
0.0
0.0
0.0
0.0
0.0
0.0
0.0
0.0
0.0
0.0
0.0
0.00960068397464949
0.0
0.0
0.0
0.0
0.0
0.0
0.0
0.0
0.007079068792668767
0.010086460727922896
0.0
0.010086460727922896
0.0
0.0
0.0
0.0
0.0
0.0
0.0
0.0
0.0
0.0
0.0
0.0
0.0
0.0
0.0
0.0
0.0
0.0
0.0
0.0
0.0
0.0
0.0
0.0
0.0
0.0
0.0
0.0
0.0
0.0
0.0
0.0
0.0
0.0
0.0
0.0
0.0
0.0
0.0
0.0
0.0
0.0
0.0
0.0
0.0
0.0
0.0
0.0
0.0
0.0
0.0
0.0
0.0
0.0
0.0
0.0
0.0
0.0
0.0
0.0
0.0
0.0
0.0
0.07041563116305749
0.0
0.0
0.0
0.0
0.0
0.0
0.0
0.0
0.0
0.0
0.0
0.009331084973269049
0.0
0.0
0.0
0.0
0.0
0.0
0.0
0.0
0.0
0.0
0.0
0.0
0.0
0.0
0.0
0.0
0.0
0.0
0.0
0.0
0.0
0.0
0.0
0.0
0.0
0.0
0.0
0.0
0.010307008356278922
0.0
0.0
0.0
0.0
0.0
0.0
0.0
0.0
0.0
0.0
0.0
0.0
0.0
0.011852700155249774
0.0
0.0
0.0
0.0
0.0
0.0
0.0
0.0
0.0
0.0
0.0
0.0
0.0
0.0
0.07321957169305471
0.0
0.0
0.0
0.0
0.0
0.0
0.0
0.0
0.0
0.0
0.0
0.014083126232611497
0.0
0.0
0.0
0.0
0.0
0.0
0.0
0.0
0.0
0.0
0.0
0.0
0.0
0.08051912808886637
0.0
0.0
0.0
0.0
0.0
0.0
0.0
0.0
0.0
0.0
0.0
0.0
0.0
0.0
0.0
0.0
0.0
0.01920136794929898
0.0
0.0
0.0
0.0
0.0
0.0
0.0
0.0
0.0
0.0
0.0
0.0
0.0
0.0
0.0
0.0
0.0
0.0
0.11205228462440966
0.0
0.0
0.0
0.0
0.0
0.0
0.0
0.0
0.0
0.0
0.0
0.0
0.0
0.0
0.0
0.0
0.0
0.0
0.0
0.0
0.0
0.0
0.0
0.0
0.0
0.0
0.0
0.012122299156630217
0.0
0.0
0.0
0.006518280686669326
0.0
0.0
0.0
0.0
0.0
0.013848340144912756
0.0
0.0
0.0
0.0
0.0
0.0
0.0
0.0
0.0
0.0
0.0
0.0
0.0
0.0
0.0
0.0
0.0
0.0
0.007564845545942171
0.0
0.0
0.0
0.0
0.0
0.0
0.0
0.0
0.0
0.0
0.0
0.009331084973269049
0.0
0.0
0.0
0.0
0.0
0.0
0.0
0.0
0.0
0.0
0.0
0.0
0.005855009135535553
0.0
0.0
0.0
0.0
0.012608075909903623
0.0
0.0
0.0
0.0
0.0
0.0
0.0
0.0
0.0
0.0
0.0
0.0
0.0
0.0
0.0
0.0
0.0
0.0
0.0
0.0
0.0
0.0
0.0
0.0
0.0
0.010898239499497002
0.0
0.0
0.005855009135535553
0.0
0.0
0.0
0.07289182213057757
0.0
0.0
0.0
0.0
0.0
0.0
0.0
0.008376624317516276
0.0
0.0
0.0
0.0
0.0
0.0
0.0
0.0
0.0
0.0
0.0
0.0
0.0
0.0
0.039699761075501085
0.0
0.0
0.012249958631087512
0.0
0.0
0.0
0.0
0.0
0.0
0.0
0.0
0.0
0.0
0.0
0.0
0.0
0.0
0.0
0.0
0.0
0.0
0.0
0.0
0.0
0.0
0.0
0.0
0.0
0.0
0.0
0.0
0.0
0.0
0.002521615181980724
0.0
0.005043230363961448
0.0
0.0
0.0
0.002521615181980724
0.0
0.0
0.0
0.0
0.014083126232611497
0.0
0.01332775047795765
0.0
0.0
0.0
0.0
0.0
0.0
0.0
0.0
0.0
0.0
0.0
0.0
0.0
0.0
0.005043230363961448
0.0
0.0
0.0
0.005043230363961448
0.0
0.0
0.003996665504688602
0.0
0.0
0.0
0.0
0.0
0.0
0.0
0.0
0.0
0.0
0.0
0.0
0.0
0.0
0.0
0.0
0.0
0.0
0.0
0.0
0.0
0.0
0.0
0.0
0.0
0.0
0.0
0.0
0.0
0.0
0.0
0.005043230363961448
0.0
0.0
0.0
0.0
0.0
0.10204855098280859
0.0
0.0
0.0
0.0
0.0
0.0
0.0
0.0
0.0
0.0
0.0
0.0
0.0
0.0
0.0
0.0
0.006518280686669326
0.0
0.0
0.01392829768700451
0.0
0.0
0.0
0.0
0.0
0.0
0.0
0.0
0.0
0.0
0.010898239499497002
0.0
0.0
0.0
0.0
0.0
0.0
0.0
0.0
0.0
0.0
0.0
0.0
0.0
0.0
0.0
0.0
0.0
0.0
0.0
0.0
0.010898239499497002
0.0
0.027365903173807445
0.0
0.0
0.0
0.0
0.021796478998994003
0.0
0.0
0.00960068397464949
0.009851674640224154
0.003996665504688602
0.0
0.0
0.0
0.0
0.0
0.0
0.0
0.0
0.0
0.0
0.0
0.0
0.0
0.0
0.0
0.0
0.0
0.0
0.0
0.0
0.0
0.0
0.0
0.0
0.0
0.0
0.0
0.0
0.0
0.0
0.0
0.0
0.0
0.0
0.0
0.0
0.0
0.0
0.0
0.0
0.0
0.0
0.0
0.0
0.0
0.0
0.0
0.0
0.0
0.0
0.0
0.0
0.0
0.0
0.025216151819807246
0.0
0.010898239499497002
0.0
0.0
0.0
0.0
0.014578364426115513
0.0
0.0
0.0
0.0
0.0
0.0
0.0
0.0
0.0
0.0
0.0
0.0
0.0
0.0
0.0
0.0
0.0
0.0
0.0
0.0
0.0180797917373001
0.0
0.0
0.0
0.0
0.0
0.0
0.0
0.0
0.0
0.0
0.0
0.055393360579651024
0.0
0.0
0.0
0.0
0.0
0.0
0.0
0.0
0.0
0.0
0.0
0.0
0.0
0.0
0.0
0.0
0.0
0.0
0.0
0.0
0.0
0.0
0.0
0.0
0.0
0.0
0.0
0.007079068792668767
0.0
0.0
0.0
0.0
0.0
0.0
0.0
0.0
0.0
0.005043230363961448
0.0
0.0
0.14777511960336231
0.0
0.0
0.0
0.0
0.0
0.0
0.0
0.0
0.0
0.0
0.0
0.0
0.0
0.0
0.011561511050630774
0.0
0.0
0.0
0.0
0.0
0.0
0.0
0.0
0.0
0.0
0.0
0.0
0.0
0.0
0.0
0.0
0.0
0.0
0.0
0.0
0.0
0.0
0.0
0.0
0.0
0.0
0.0
0.0
0.0
0.0
0.0
0.0
0.0
0.0
0.0
0.0
0.0
0.0
0.0
0.0
0.0
0.0
0.0
0.02831627517067507
0.0
0.0
0.0
0.0
0.0
0.0
0.0
0.0
0.0
0.032694718498491
0.0
0.0
0.0
0.0
0.0
0.0
0.0
0.0
0.0
0.0
0.0
0.0
0.0
0.0
0.0
0.0
0.0
0.0
0.0
0.0
0.0
0.0
0.0
0.0
0.0
0.0
0.0
0.0
0.0
0.0
0.0
0.0
0.0
0.0
0.0
0.0
0.0
0.0
0.0
0.0
0.0
0.0
0.0
0.0
0.0
0.0
0.05777444471761798
0.0
0.0
0.0
0.0
0.0
0.057214695443870096
0.010307008356278922
0.0
0.0
0.0
0.0
0.0
0.0
0.011852700155249774
0.0
0.0
0.0
0.0
0.0
0.0
0.0
0.0
0.0
0.0
0.0
0.0
0.0
0.0
0.0
0.0
0.04154502043473827
0.0
0.0
0.0
0.008376624317516276
0.0
0.0
0.0
0.0
0.0
0.0
0.0
0.0
0.0
0.0
0.0
0.0
0.0
0.0
0.0
0.0
0.0
0.0
0.0
0.0
0.0
0.0
0.0
0.0
0.03422004751507136
0.0
0.0
0.0
0.0
0.0
0.0
0.0
0.0
0.0
0.0
0.0
0.0
0.0
0.0
0.0
0.0
0.0
0.0
0.0
0.0
0.0
0.0
0.0
0.0
0.0
0.0
0.0
0.0
0.0718715766861525
0.014083126232611497
0.0
0.0
0.0
0.30752220111082973
0.0
0.0
0.27698892409619474
0.0
0.043534835088139594
0.0
0.020614016712557845
0.013848340144912756
0.014158137585337535
0.0
0.0
0.11385306762441462
0.20221055651166292
0.0
0.0
0.0
0.0
0.0
0.0
0.0
0.0
0.16108305772472034
0.0
0.07221805589702247
0.0
0.0
0.0
0.0
0.010086460727922896
0.0
0.0
0.0
0.0
0.0
0.0
0.0
0.0
0.003996665504688602
0.0
0.0
0.0
0.0
0.0
0.0
0.0
0.0
0.0
0.0
0.0
0.0
0.0
0.0
0.07289182213057757
0.0
0.0
0.0
0.0
0.0
0.0
0.0
0.0
0.0
0.027696680289825512
0.028607347721935048
0.0
0.0
0.0
0.0
0.0
0.0
0.0
0.0
0.0
0.0
0.0
0.0
0.0
0.0
0.0
0.0
0.0
0.0
0.0
0.0
0.0
0.0
0.0
0.0
0.0
0.0
0.0
0.0
0.0
0.0
0.0
0.0
0.0
0.0
0.0
0.0
0.0
0.0
0.0
0.0
0.0
0.0
0.0
0.0
0.0
0.0
0.0
0.0
0.02785659537400902
0.0
0.0
0.0
0.0
0.005043230363961448
0.0
0.0
0.0
0.0
0.0
0.0
0.0
0.0
0.006518280686669326
0.0
0.0
0.0
0.0
0.0
0.0
0.0
0.0
0.0
0.0
0.0
0.0
0.018662169946538097
0.0
0.0
0.0
0.0
0.0
0.0
0.0
0.0
0.0
0.0
0.0
0.0
0.0
0.007564845545942171
0.0
0.010898239499497002
0.0
0.0
0.0
0.0
0.0
0.0
0.0
0.0
0.024499917262175024
0.0
0.0
0.0
0.0
0.0
0.0
0.0
0.0
0.0
0.0
0.0
0.0
0.028013071156102416
0.0
0.0
0.0
0.011989996514065807
0.0
0.0
0.0
0.0
0.04098506394874887
0.0
0.0
0.0
0.0
0.0
0.0
0.0
0.0
0.0
0.0
0.0
0.0
0.0
0.0
0.0
0.0
0.0
0.0
0.0
0.0
0.0
0.07289182213057757
0.0
0.0
0.0
0.0
0.0
0.0
0.0
0.0
0.0
0.0
0.0
0.0
0.0
0.0
0.0
0.0
0.0
0.0
0.0
0.0
0.0
0.05663255034135014
0.0
0.0
0.0
0.0
0.0
0.0
0.0
0.0
0.0
0.0
0.0
0.0
0.0
0.0
0.0
0.0
0.0
0.0
0.0
0.0
0.0
0.0
0.0
0.0
0.0
0.0
0.0
0.0
0.0
0.0
0.0
0.0
0.0
0.0
0.0
0.0
0.0
0.014303673860967524
0.0
0.0
0.0
0.019554842060007977
0.0
0.0
0.0
0.0
0.0
0.0
0.0
0.0
0.0
0.0
0.0
0.0
0.0
0.0
0.0
0.011710018271071106
0.0
0.0
0.0
0.0
0.0
0.0
0.0
0.0
0.0
0.0
0.0
0.0
0.0
0.0
0.0
0.0
0.0
0.0
0.0
0.0
0.0
0.0
0.0
0.0
0.00903989586865005
0.0
0.0
0.0
0.0
0.0
0.0
0.0
0.0
0.0
0.011852700155249774
0.0
0.0
0.0
0.0
0.0
0.0
0.0
0.0
0.0
0.0
0.0
0.0
0.0
0.0
0.0
0.0
0.0
0.0
0.0
0.0
0.0
0.0
0.0
0.0
0.0
0.0
0.0
0.0
0.054389397917352374
0.0
0.0
0.0
0.0
0.0
0.0
0.0
0.0
0.0
0.0
0.0
0.0
0.0
0.0
0.0
0.0
0.0
0.0
0.0
0.0
0.0
0.008376624317516276
0.021796478998994003
0.0
0.0
0.0
0.011406682505023785
0.0
0.0
0.0
0.0
0.0
0.0
0.0
0.0
0.0
0.0
0.0
0.0
0.012492576630784432
0.010514946191357928
0.0
0.0
0.0
0.0
0.0
0.0
0.010307008356278922
0.0
0.0
0.0
0.0
0.0
0.0
0.0
0.0
0.0
0.0
0.0
0.0
0.0
0.0
0.0
0.0
0.06798674739669047
0.0
0.0
0.0
0.0
0.0
0.005855009135535553
0.0431229460116915
0.0
0.0
0.02342003654214221
0.0
0.0
0.0
0.0
0.0
0.0
0.0
0.0
0.0
0.0
0.0
0.0
0.0
0.05804644678418613
0.00903989586865005
0.0
0.012122299156630217
0.0
0.0
0.0
0.0
0.0
0.0
0.0
0.0
0.0
0.0
0.0
0.0
0.0
0.0
0.0
0.013419854681477727
0.0
0.0
0.0
0.0
0.0
0.0
0.0
0.0
0.0
0.0
0.0
0.0
0.0
0.0
0.0
0.0
0.0
0.0
0.0
0.0
0.0
0.0
0.0
0.0
0.0
0.0
0.011852700155249774
0.0
0.010514946191357928
0.0
0.0
0.0
0.0
0.0
0.0
0.002521615181980724
0.0
0.0
0.0
0.0
0.0
0.0
0.0
0.0
0.0
0.0
0.0
0.0
0.0
0.0
0.0
0.014231633453051827
0.0
0.013419854681477727
0.0
0.0
0.010711638509852971
0.0
0.012934077928204321
0.0
0.0
0.0
0.14643914338610942
0.0
0.0
0.0
0.0
0.0
0.0
0.01332775047795765
0.0
0.0
0.0
0.0
0.0
0.0
0.0
0.008723355290579958
0.0
0.0
0.0
0.30752220111082973
0.0
0.0
0.0
0.0
0.0
0.01332775047795765
0.0
0.0
0.0
0.0
0.0
0.0
0.0
0.0
0.0
0.0
0.0
0.11715131470888752
0.0
0.0
0.0
0.0
0.010898239499497002
0.002521615181980724
0.0
0.0
0.0
0.0
0.013509684473096223
0.023705400310499548
0.0
0.0
0.0
0.0
0.0
0.0
0.08449875739566899
0.0
0.027194698958676187
0.0
0.0
0.0
0.0
0.0
0.007993331009377203
0.0
0.0
0.0
0.0
0.0
0.0
0.04079204843801428
0.0
0.0
0.0
0.0
0.0
0.0
0.0
0.0
0.0
0.0
0.0
0.0
0.0
0.0
0.0
0.0
0.0
0.0
0.0
0.0
0.15734041247064276
0.0
0.0
0.0
0.0
0.0
0.0
0.0
0.0
0.012122299156630217
0.012122299156630217
0.08747018655669307
0.06414311769129824
0.0
0.0
0.10012571702677267
0.0
0.0
0.0
0.0
0.0
0.0
0.0
0.0
0.0
0.0
