0.0
0.0
0.0
0.0
0.0
0.0
0.0
0.0
0.0
0.0
0.0
0.0
0.0
0.0
0.0
0.0
0.0
0.0
0.0
0.0
0.0
0.0
0.0
0.0
0.0
0.0
0.0
0.0
0.0
0.0
0.0
0.0
0.0
0.0
0.0
0.0
0.003210905890007634
0.0
0.0
0.0
0.0
0.0
0.0
0.0
0.004150035659507212
0.0
0.0
0.0
0.0
0.003210905890007634
0.0
0.003210905890007634
0.0037277462980240183
0.0
0.0
0.0
0.0
0.0
0.0
0.0
0.001605452945003817
0.0
0.0
0.0
0.0
0.0
0.0
0.0
0.0
0.0
0.0
0.0
0.0
0.0
0.0
0.0
0.0
0.0
0.0
0.0
0.0
0.0
0.0
0.0
0.0
0.0
0.0
0.0
0.0
0.0
0.0
0.0
0.0
0.0
0.0
0.0
0.0
0.0
0.0
0.0
0.0
0.0
0.0
0.0
0.0
0.0
0.0
0.0
0.0
0.0
0.0
0.0
0.0
0.0
0.0
0.0
0.0
0.0
0.0
0.0
0.0
0.0
0.0
0.0
0.0
0.0
0.0
0.0
0.0
0.0
0.0
0.0
0.0
0.0
0.0
0.0
0.0
0.0
0.0
0.0
0.0
0.0
0.0
0.0
0.0
0.0
0.0
0.0
0.0
0.0
0.0
0.0
0.0
0.0
0.0
0.0
0.0
0.0
0.0
0.0
0.0
0.0
0.0
0.0
0.0
0.0
0.0
0.0
0.0
0.0
0.0
0.0
0.0
0.0
0.0
0.0
0.003210905890007634
0.0
0.0
0.0
0.0
0.0
0.0
0.0
0.0
0.0
0.0
0.0
0.0
0.0
0.0
0.0
0.0
0.0
0.0
0.0
0.0
0.0
0.0
0.0
0.0
0.0
0.0
0.0
0.0
0.0
0.0
0.0
0.0
0.0
0.0
0.0
0.0075463347883025274
0.0
0.006819847736620746
0.0
0.0
0.0
0.0
0.0
0.0
0.0
0.0
0.0
0.0
0.0
0.0
0.0
0.0
0.0
0.0
0.0
0.0
0.0
0.0
0.0
0.0
0.0
0.0
0.0
0.0
0.0
0.0
0.0
0.0
0.0
0.0
0.0
0.0
0.0
0.0
0.0
0.0
0.0
0.0
0.0
0.0
0.0
0.0
0.0
0.0
0.0
0.0
0.0
0.007360941549514845
0.0
0.0057554886045110285
0.0
0.0
0.0
0.0
0.0
0.0
0.0
0.0
0.0
0.0
0.0
0.0
0.0
0.0
0.0
0.0
0.0
0.0
0.0
0.0
0.0
0.0
0.0
0.0
0.0
0.0
0.0
0.0
0.0
0.0
0.0
0.0
0.0
0.0
0.0
0.0
0.0
0.0
0.0
0.004507076227288341
0.0
0.0
0.0
0.0
0.0
0.0
0.0
0.0
0.0
0.0
0.0
0.0
0.0
0.0
0.0
0.0
0.0
0.0
0.0
0.0
0.024081794175057257
0.0
0.0
0.0
0.0
0.0
0.001605452945003817
0.0
0.0
0.0
0.0
0.0
0.0
0.0
0.0
0.0
0.0
0.0
0.0
0.0
0.0
0.0
0.0
0.0
0.0
0.0
0.04597953381263046
0.0
0.0
0.0
0.0
0.0
0.0
0.0
0.0
0.0
0.004150035659507212
0.0
0.0
0.0
0.0
0.0
0.0
0.0
0.007717982117295976
0.0
0.008167682201082844
0.0
0.0
0.0
0.0
0.025089316050109653
0.0
0.0
0.0
0.0
0.0
0.0
0.0
0.0
0.0
0.0
0.0
0.0
0.0
0.0
0.0
0.0
0.0
0.0
0.0
0.016600142638028847
0.0
0.0
0.0
0.0
0.0
0.0
0.005940881843298711
0.0
0.0
0.0
0.0
0.0
0.0
0.0
0.0
0.0
0.003210905890007634
0.0
0.0
0.0
0.0
0.0
0.0
0.0
0.0
0.0
0.0
0.0
0.0
0.0
0.0
0.0
0.0
0.0
0.0
0.0
0.0
0.0
0.0
0.0
0.0
0.0
0.0037277462980240183
0.0
0.0
0.0
0.0
0.0
0.0
0.0
0.0
0.0
0.0
0.0
0.0
0.0
0.0
0.0
0.0
0.0
0.0
0.0
0.0
0.0
0.0
0.0
0.006562229256079026
0.0
0.0
0.0
0.04900609320649706
0.009060945541051853
0.0
0.0
0.0
0.04597953381263046
0.0
0.0
0.0
0.0
0.023861187169912958
0.0
0.0
0.0
0.0
0.0
0.0
0.0
0.0
0.0
0.0
0.0
0.0
0.0
0.0
0.0
0.0
0.0
0.0
0.0
0.0
0.0
0.0
0.0
0.0
0.006694618374010606
0.0
0.0
0.0
0.0
0.0
0.0
0.0
0.0
0.0
0.0
0.0
0.0
0.0
0.0
0.005089165429006789
0.0
0.0
0.0
0.0
0.0
0.0
0.0
0.06497190684743212
0.0
0.0
0.0
0.0
0.0
0.0
0.014910985192096073
0.0
0.0
0.0
0.0
0.0
0.00787778195753123
0.11188122074759752
0.26916932836793306
0.0
0.0
0.0
0.0
0.0
0.0
0.0
0.0
0.0
0.0
0.0
0.0
0.0
0.0
0.0
0.0
0.0
0.0
0.0
0.0
0.0
0.0
0.0
0.0
0.0
0.0
0.0
0.0
0.0
0.0
0.017633823454061615
0.0
0.0
0.0
0.0
0.0
0.0
0.0
0.0
0.0
0.0
0.0
0.008098537394683965
0.0
0.0
0.0
0.0
0.0
0.0
0.0
0.0
0.0
0.0
0.0
0.0
0.0
0.0
0.0
0.0
0.0
0.0
0.0
0.0
0.0
0.0
0.0
0.0
0.0
0.00823482252531236
0.0
0.0
0.0
0.0
0.0
0.0
0.0
0.0
0.0
0.0
0.0
0.0
0.0
0.0
0.0
0.0
0.0
0.0
0.0
0.0
0.0
0.0
0.0
0.0
0.0
0.0
0.008167682201082844
0.0
0.0
0.0
0.0
0.0
0.0
0.0
0.006694618374010606
0.0
0.0
0.0
0.0
0.0
0.0
0.0
0.0
0.0
0.0
0.0
0.0
0.0
0.0
0.0
0.0
0.0
0.0
0.0
0.0
0.0
0.0
0.0
0.0
0.0
0.0
0.0
0.0
0.0
0.0
0.0
0.0
0.0
0.0
0.0
0.0
0.0
0.0
0.0
0.0
0.0
0.0
0.0
0.0
0.0
0.0
0.0
0.0
0.0
0.0
0.0
0.0
0.0
0.005333199243027835
0.0
0.0
0.0
0.0
0.0
0.0
0.0
0.0
0.0
0.0
0.0
0.0
0.0
0.0
0.0
0.0
0.0
0.0
0.0
0.0
0.00481635883501145
0.0
0.0
0.0
0.0
0.0
0.0
0.0
0.0
0.00787778195753123
0.0
0.0
0.0
0.0
0.0
0.02732043591174726
0.0
0.0
0.0
0.0
0.007159407625184387
0.0
0.007360941549514845
0.0
0.0
0.0
0.0
0.0
0.0
0.0
0.0
0.0
0.0
0.0
0.0
0.0
0.0
0.0
0.0
0.0
0.0
0.0
0.0
0.0
0.0
0.0
0.0
0.0
0.0
0.0
0.0
0.0
0.0
0.0
0.0
0.0
0.0
0.0
0.0
0.0
0.0
0.0
0.0
0.0
0.0
0.0
0.0
0.0
0.00555395468018057
0.0
0.0
0.006562229256079026
0.0
0.0
0.0
0.0
0.0
0.0
0.0
0.0
0.0
0.0
0.0
0.027717603265542005
0.018121891082103707
0.0
0.0
0.008027264725019086
0.0
0.0
0.0
0.0
0.0
0.0
0.0
0.006819847736620746
0.0
0.0
0.0
0.0
0.0
0.0075463347883025274
0.0
0.004507076227288341
0.0
0.0
0.0
0.0
0.0
0.0
0.0
0.0
0.0
0.0
0.0
0.0
0.007360941549514845
0.0
0.0
0.0
0.0
0.0
0.0
0.0
0.0
0.0
0.0
0.0
0.01526749628702037
0.0
0.0
0.0
0.0
0.008657111886795554
0.007159407625184387
0.00555395468018057
0.0
0.0
0.0
0.0
0.0
0.0
0.03210905890007634
0.007051658941791736
0.0
0.0
0.0
0.00823482252531236
0.0
0.0
0.0
0.0
0.0
0.0
0.0
0.006694618374010606
0.0
0.0
0.0
0.0
0.0
0.0
0.0
0.0
0.0
0.0
0.0
0.0
0.006694618374010606
0.0
0.0
0.0
0.0
0.0072623658642589585
0.0
0.0
0.0025445827145033945
0.0
0.0
0.0
0.0
0.0
0.004150035659507212
0.0
0.0
0.0
0.0
0.0
0.0
0.0
0.0
0.0
0.0
0.0
0.0
0.0
0.0
0.0
0.0
0.0
0.0
0.0
0.0
0.0
0.0
0.0
0.0
0.0
0.0
0.0
0.0
0.0
0.0
0.0
0.0
0.0
0.034628447547182216
0.0
0.0
0.0
0.0
0.0
0.0
0.0
0.0
0.0
0.006819847736620746
0.0
0.0
0.0
0.0
0.0
0.0
0.0
0.0
0.0
0.0
0.0
0.0
0.0
0.003210905890007634
0.0
0.0
0.0
0.0
0.0
0.0
0.01472188309902969
0.00481635883501145
0.0
0.0
0.0
0.0
0.0
0.0
0.0
0.0
0.007051658941791736
0.0
0.0
0.0
0.0
0.0
0.0
0.0
0.0
0.0
0.0
0.0
0.03567052412084493
0.0
0.0
0.0037277462980240183
0.0
0.0
0.0
0.0
0.0
0.0
0.0
0.0
0.0
0.0
0.006112529172292158
0.0
0.0
0.0
0.0
0.0
0.0
0.0
0.0
0.0
0.0
0.0
0.0
0.0
0.0
0.0
0.008167682201082844
0.0
0.0
0.0
0.0
0.0
0.0
0.0
0.0
0.0
0.0
0.0
0.0
0.0
0.0
0.0
0.0
0.0
0.026603456427788327
0.0
0.0
0.0
0.0
0.0
0.04661717531149897
0.0
0.0
0.0025445827145033945
0.05594061037379876
0.0
0.016335364402165688
0.0
0.0
0.0
0.0
0.0
0.0
0.0
0.0
0.0
0.0
0.06098128911564829
0.0
0.0
0.0
0.0
0.0
0.0
0.0
0.0
0.0
0.0
0.006562229256079026
0.0
0.0
0.0
0.0
0.0
0.0
0.0
0.0
0.0
0.0
0.0
0.0
0.0
0.020083855122031816
0.0
0.0
0.0
0.0
0.0
0.0
0.0
0.0
0.0
0.0
0.0
0.0
0.0
0.0
0.0
0.0
0.0025445827145033945
0.0
0.0
0.0
0.0
0.0
0.0
0.0
0.0
0.0
0.0
0.0
0.0
0.0
0.0
0.0
0.0
0.0
0.0
0.0
0.0
0.0
0.0
0.0
0.0
0.0
0.0
0.0
0.0
0.0
0.0
0.0
0.0
0.0
0.0
0.0
0.0
0.0
0.017314223773591108
0.0
0.0
0.005940881843298711
0.0
0.0
0.0
0.0
0.0
0.0
0.0
0.0
0.0
0.0
0.0
0.0
0.0
0.0
0.007717982117295976
0.04507076227288342
0.0
0.0
0.0
0.0
0.0
0.0
0.0
0.0
0.0
0.0
0.0
0.0
0.0
0.0
0.0
0.0
0.0
0.0
0.0
0.001605452945003817
0.0
0.0
0.004150035659507212
0.0
0.0
0.0
0.0
0.0
0.0
0.0
0.0
0.0
0.0
0.0
0.0
0.0
0.0
0.0
0.005940881843298711
0.052901470362184844
0.026778473496042423
0.0
0.0
0.0
0.017633823454061615
0.0
0.0
0.0
0.0
0.0
0.0
0.0
0.0
0.0
0.0
0.0
0.0
0.003210905890007634
0.0
0.0
0.0
0.0
0.0
0.0
0.0
0.0
0.017633823454061615
0.0
0.044588155151056165
0.0
0.006272329012527413
0.0
0.0
0.0
0.0
0.0
0.0
0.0
0.0
0.0
0.0
0.0
0.023397779686200403
0.0
0.0
0.0
0.0
0.0
0.0
0.0
0.0
0.0
0.0
0.0
0.0
0.0
0.0
0.0
0.0
0.09195906762526092
0.0
0.006694618374010606
0.0
0.0
0.0
0.0
0.0
0.005940881843298711
0.0
0.0
0.0
0.0
0.0
0.0
0.0
0.0
0.0
0.0
0.0
0.0
0.0
0.0
0.0
0.0
0.0
0.0
0.0
0.0
0.0
0.0
0.0
0.0
0.0
0.0
0.0
0.0057554886045110285
0.0
0.0
0.0
0.004507076227288341
0.0
0.0
0.0
0.0
0.0
0.0
0.0
0.0
0.0
0.0
0.0
0.0
0.018121891082103707
0.0
0.0
0.0
0.0
0.0072623658642589585
0.0
0.0
0.004507076227288341
0.0
0.0
0.0
0.0
0.0
0.0
0.0
0.0
0.0
0.0
0.0
0.0
0.0
0.0
0.0
0.0
0.026899183483555987
0.0
0.0
0.016600142638028847
0.0
0.0
0.0
0.0
0.0
0.0
0.0
0.0
0.0
0.003210905890007634
0.0
0.0037277462980240183
0.0
0.0
0.0
0.0
0.0
0.0
0.0
0.0
0.0
0.0
0.0
0.0
0.0
0.0
0.0
0.0
0.0
0.0
0.0
0.0
0.0
0.0
0.0
0.0
0.0
0.0
0.0
0.0
0.0
0.0
0.0
0.0
0.0
0.0
0.00481635883501145
0.0
0.0
0.0
0.0
0.005940881843298711
0.0
0.0
0.0
0.0
0.0
0.0
0.0
0.0
0.0
0.0
0.0
0.0
0.0
0.0
0.0
0.0
0.0
0.0
0.0
0.0
0.0
0.008425300681624562
0.0075463347883025274
0.0
0.0
0.004150035659507212
0.0
0.0
0.0
0.0
0.0
0.0
0.0
0.0
0.0
0.0
0.0
0.0
0.0
0.0
0.0
0.0
0.0
0.0
0.0
0.0
0.0
0.0
0.0
0.008027264725019086
0.0
0.0
0.0
0.0
0.0
0.0
0.0
0.0
0.0
0.0
0.0
0.0
0.0
0.0
0.0
0.0
0.0
0.0
0.0
0.0
0.0
0.0
0.0
0.0
0.0
0.0
0.0
0.006112529172292158
0.0
0.0
0.0
0.0
0.0
0.0
0.0
0.0
0.006421811780015268
0.0
0.0
0.0
0.0
0.0
0.0
0.0
0.0
0.0
0.0
0.0
0.0
0.0
0.0
0.0
0.0
0.0
0.0
0.012225058344584316
0.0
0.0
0.0
0.0
0.007953729056637653
0.0
0.0
0.047722374339825915
0.0
0.026294581710564615
0.006694618374010606
0.0
0.0
0.0
0.0
0.0
0.0
0.0
0.12994381369486424
0.0
0.0
0.0
0.0
0.005940881843298711
0.007717982117295976
0.0
0.007159407625184387
0.004507076227288341
0.0
0.0
0.0025445827145033945
0.0
0.0
0.0
0.0
0.0
0.0
0.0
0.0
0.0
0.0
0.0
0.012225058344584316
0.0
0.0
0.0
0.0
0.0
0.0
0.005940881843298711
0.0
0.017423225461613796
0.0
0.0
0.0
0.0
0.0
0.0
0.0
0.0
0.0
0.0
0.0
0.0
0.0
0.0
0.0
0.0
0.0
0.0
0.0
0.0
0.0
0.0
0.0
0.0
0.0
0.0
0.0
0.0
0.0
0.0
0.0
0.0
0.0
0.0
0.0
0.0
0.0
0.005333199243027835
0.0
0.0
0.0
0.0
0.0
0.0
0.01646964505062472
0.0
0.0
0.0
0.0
0.0
0.003210905890007634
0.0
0.0
0.016850601363249125
0.0
0.0
0.0
0.0
0.0
0.0
0.0
0.0
0.0
0.0
0.0
0.0
0.0
0.0
0.0
0.0
0.0
0.0
0.0
0.00481635883501145
0.0
0.0
0.0
0.0
0.02732043591174726
0.0
0.0
0.0
0.0
0.0
0.0
0.0
0.0
0.0
0.0
0.0
0.0
0.0
0.0
0.0
0.0
0.0
0.0
0.0072623658642589585
0.0
0.007159407625184387
0.0
0.0
0.0
0.0
0.0
0.0
0.0
0.0
0.0
0.0
0.0
0.0
0.0
0.0
0.0
0.0
0.0
0.0
0.0
0.0
0.0
0.0
0.0
0.0
0.0
0.0
0.0
0.0
0.003210905890007634
0.0
0.0
0.0
0.0
0.0
0.0
0.0
0.0
0.0057554886045110285
0.0
0.0
0.008027264725019086
0.0
0.0
0.0
0.0
0.0
0.0
0.0
0.0
0.0
0.007360941549514845
0.0
0.0
0.0
0.0
0.0
0.0
0.0
0.0
0.0
0.0
0.0
0.0
0.0
0.0
0.0
0.0
0.0
0.0
0.0
0.0
0.0
0.0
0.0
0.0
0.0
0.015435964234591952
0.0
0.0
0.0
0.0
0.0
0.0
0.0
0.0
0.0
0.007455492596048037
0.0
0.0
0.0
0.0
0.0
0.0
0.0
0.0
0.0
0.0
0.0
0.0
0.0
0.0
0.0
0.0
0.0
0.0
0.0
0.0
0.0
0.0
0.0
0.0
0.0
0.0
0.0
0.0
0.0
0.0
0.0
0.0
0.0
0.0
0.0
0.0
0.0
0.0
0.0
0.0
0.0
0.0
0.0
0.0
0.0
0.0
0.0
0.0
0.0
0.0
0.0
0.0
0.0
0.0
0.0
0.0
0.0
0.0
0.0
0.0
0.0
0.007633748143510185
0.0
0.00555395468018057
0.0
0.0
0.0
0.0
0.0
0.0
0.0
0.0
0.0
0.0
0.0
0.0
0.0
0.0
0.0
0.0
0.0
0.0
0.0
0.0
0.0
0.0
0.0
0.0
0.0
0.0
0.005333199243027835
0.0
0.0
0.0
0.0
0.0
0.0
0.0
0.0
0.0
0.0
0.0
0.0
0.0
0.0
0.014524731728517917
0.0
0.0
0.0
0.0
0.0
0.0
0.0
0.0
0.0
0.0
0.0
0.0
0.0
0.0
0.0
0.0
0.0
0.0
0.0
0.0
0.0
0.0
0.0
0.0
0.0
0.005940881843298711
0.0
0.0
0.0
0.0
0.0
0.0
0.0
0.0
0.0
0.007455492596048037
0.0
0.0
0.0
0.0
0.0
0.0
0.0
0.0
0.0
0.0
0.0
0.0
0.0
0.0
0.0
0.0
0.0
0.0
0.0
0.0
0.0
0.0
0.0
0.0
0.0
0.0
0.0
0.0
0.0
0.0
0.0
0.0
0.0
0.0
0.0
0.0
0.0
0.0
0.0
0.0
0.0
0.0
0.0
0.0
0.0
0.0
0.0
0.0
0.0
0.005089165429006789
0.0
0.0
0.0
0.0
0.0
0.0
0.0
0.0
0.0
0.0
0.0
0.0
0.0
0.0
0.0
0.0
0.0
0.0
0.0
0.0
0.0
0.0
0.0
0.0
0.007360941549514845
0.0
0.06276476146163064
0.0
0.0
0.0
0.0
0.0
0.0
0.008657111886795554
0.0
0.007717982117295976
0.0
0.004150035659507212
0.009014152454576683
0.0
0.0
0.0
0.025090596743127132
0.005333199243027835
0.0
0.0
0.0
0.0
0.0
0.0025445827145033945
0.0
0.026899183483555987
0.0
0.0
0.0
0.0
0.0
0.0
0.0
0.0
0.0
0.0
0.0
0.0
0.0
0.02290124443053055
0.00555395468018057
0.0037277462980240183
0.0
0.0
0.0
0.007455492596048037
0.0
0.005089165429006789
0.0
0.0
0.0
0.0
0.0
0.0
0.001605452945003817
0.0
0.03151112783012492
0.0
0.0
0.0
0.0
0.0
0.0
0.0
0.0
0.0
0.0
0.0
0.0
0.0
0.0
0.0
0.001605452945003817
0.0
0.0
0.0
0.0
0.0
0.0
0.0
0.0
0.0
0.003210905890007634
0.0
0.0
0.0
0.0
0.0
0.0
0.0
0.0
0.0
0.00854410513303547
0.0
0.0
0.0
0.007633748143510185
0.0
0.0
0.0
0.008027264725019086
0.0
0.0
0.0
0.0
0.0
0.0
0.0
0.0
0.0
0.0
0.0
0.0
0.0
0.0
0.0
0.0
0.0
0.0
0.001605452945003817
0.0
0.0
0.0
0.0
0.0
0.0
0.0
0.006421811780015268
0.0
0.0
0.0
0.0075463347883025274
0.0
0.0
0.0
0.0
0.0
0.0
0.0
0.0
0.0
0.0
0.0
0.008485464557802105
0.0
0.0
0.0
0.0
0.0
0.0
0.0
0.0
0.0
0.0
0.0
0.0
0.006938652188031652
0.0
0.0
0.0
0.0
0.0
0.0
0.0
0.005089165429006789
0.00555395468018057
0.0
0.0
0.0
0.0
0.0
0.0
0.0037277462980240183
0.0
0.0
0.0
0.0
0.0
0.0
0.0
0.0
0.0
0.0
0.026899183483555987
0.0
0.0
0.0
0.0
0.0
0.0
0.0
0.0
0.005089165429006789
0.0
0.0
0.0
0.06020908350677644
0.0
0.0
0.0
0.0
0.0
0.0
0.0
0.0
0.0
0.0
0.0
0.0
0.0
0.0
0.0
0.0
0.0
0.0
0.0
0.0
0.0
0.0
0.0
0.0
0.0
0.007051658941791736
0.0
0.0
0.0
0.0
0.0
0.0
0.0
0.0
0.0
0.0
0.00555395468018057
0.0
0.0
0.0
0.0
0.0
0.0
0.003210905890007634
0.0
0.0
0.0
0.0
0.0
0.0
0.0
0.0
0.0
0.0
0.0
0.0
0.0
0.0
0.0
0.0
0.0
0.0
0.0
0.0
0.0
0.0
0.0
0.0
0.0
0.007633748143510185
0.0
0.0
0.0
0.0
0.0
0.01526749628702037
0.0
0.0
0.0
0.0
0.0
0.0
0.0
0.0
0.0
0.0
0.0
0.0
0.0
0.008867818809262776
0.0
0.0
0.0
0.0
0.026752893090633702
0.0
0.0
0.09281700978204589
0.005940881843298711
0.0057554886045110285
0.0
0.0
0.0
0.004507076227288341
0.0
0.0
0.0
0.0
0.0
0.0
0.0
0.0
0.0
0.0
0.0
0.0
0.0
0.0
0.0
0.0
0.0
0.0
0.0
0.0
0.0
0.0
0.004150035659507212
0.0
0.0
0.0
0.0
0.0072623658642589585
0.0
0.0
0.0
0.0
0.0
0.0
0.0
0.003210905890007634
0.0
0.0
0.004150035659507212
0.0
0.0
0.0
0.0
0.0
0.0
0.0
0.0
0.0
0.0
0.0
0.0
0.0
0.0
0.0
0.0
0.0
0.0
0.0
0.0
0.0
0.0
0.0
0.0
0.0
0.0
0.0
0.0
0.0
0.0
0.0
0.0
0.0
0.0
0.0
0.0
0.0
0.0
0.0
0.0
0.0
0.0
0.0
0.0
0.0
0.0
0.0
0.0
0.0
0.0
0.0
0.0
0.0
0.0
0.0
0.0
0.014318815250368775
0.0
0.0
0.0
0.0
0.0
0.0
0.007799259895400134
0.0
0.0
0.00854410513303547
0.01526749628702037
0.0
0.007717982117295976
0.0
0.0
0.0
0.0
0.0
0.004507076227288341
0.0
0.0
0.0
0.0
0.0
0.052269676384841396
0.0
0.0
0.0
0.0
0.0
0.0
0.0
0.0
0.0
0.0
0.0
0.0
0.0
0.0
0.0
0.0
0.0
0.0
0.0
0.0
0.0
0.0
0.0
0.0
0.0
0.0
0.0
0.0025445827145033945
0.0
0.0
0.01720259528765041
0.0
0.0
0.0
0.0
0.0
0.0
0.0
0.0
0.00555395468018057
0.0
0.0
0.0
0.0
0.0
0.0
0.0
0.0
0.0
0.0
0.0
0.0
0.0
0.0
0.0
0.0
0.0
0.04272052566517735
0.0
0.013639695473241491
0.0
0.0
0.0
0.0
0.0
0.0
0.0
0.0
0.0
0.0
0.0
0.0
0.0
0.0
0.0
0.0
0.0
0.0
0.0
0.0
0.0
0.0
0.0
0.0
0.0
0.0
0.0
0.0
0.009151787733306346
0.0
0.0
0.0
0.0
0.0
0.0
0.01526749628702037
0.0
0.006819847736620746
0.007953729056637653
0.0
0.0
0.0
0.0
0.0
0.0
0.0
0.0
0.0
0.012450106978521634
0.004150035659507212
0.0
0.0
0.0
0.0
0.0
0.0
0.0
0.0
0.0
0.0
0.0
0.0
0.0
0.0
0.0
0.0
0.0
0.0
0.0
0.0
0.0
0.005940881843298711
0.0
0.0
0.0
0.0
0.0
0.0
0.0
0.0
0.0
0.0
0.0
0.0
0.0
0.0
0.0
0.0
0.0
0.008966394494518663
0.0
0.0
0.0
0.0
0.0
0.0
0.020083855122031816
0.0
0.0
0.0
0.0
0.0
0.0
0.0
0.0
0.0
0.0
0.0
0.0
0.0
0.0
0.0
0.0
0.0
0.0
0.0
0.0
0.0
0.0
0.0
0.0
0.0
0.0
0.0
0.0
0.0
0.0
0.0
0.0
0.0
0.0
0.0
0.0
0.0
0.007455492596048037
0.0
0.0
0.0
0.0
0.0
0.0
0.0
0.01605452945003817
0.0
0.0
0.0
0.06526404543609855
0.0
0.0
0.0
0.0
0.0
0.0
0.0
0.00555395468018057
0.0
0.02944376619805938
0.0
0.0
0.0
0.0
0.0
0.0
0.0
0.0
0.0
0.0
0.0
0.008601297643825206
0.0
0.0
0.0
0.0
0.0
0.004507076227288341
0.0
0.0
0.0
0.0
0.0
0.0
0.0
0.0
0.0
0.0
0.0
0.0
0.0
0.0
0.0
0.0
0.0
0.0
0.0
0.0
0.04597953381263046
0.007953729056637653
0.0
0.0
0.0
0.0
0.0
0.0
0.0
0.014524731728517917
0.006938652188031652
0.0
0.0
0.0
0.006112529172292158
0.0057554886045110285
0.0
0.0
0.0
0.0
0.0
0.0
0.0
0.025456393673406314
0.0
0.016850601363249125
0.0
0.11954678791283918
0.0
0.0
0.0
0.0
0.0
0.0
0.0
0.008485464557802105
0.0
0.0
0.0
0.0
0.0
0.0
0.008098537394683965
0.0
0.0
0.001605452945003817
0.0
0.0
0.02784510293461377
0.0
0.0
0.0
0.0
0.0
0.0
0.0
0.0
0.0
0.0
0.0
0.0
0.0
0.0
0.0
0.0
0.0
0.00481635883501145
0.0
0.0
0.0
0.0
0.0
0.0
0.0
0.0
0.0
0.0
0.0
0.05543520653108401
0.0
0.008300071319014423
0.00481635883501145
0.0
0.0
0.0
0.0
0.0
0.0
0.0
0.0
0.0
0.0
0.0
0.0
0.0
0.0037277462980240183
0.0
0.0
0.0
0.0
0.0
0.0
0.0
0.0
0.0
0.0
0.0
0.0
0.0
0.0
0.0
0.0
0.0
0.0
0.0
0.0
0.0
0.0
0.0
0.0
0.0
0.0
0.0
0.0
0.0
0.0
0.0
0.0
0.0
0.0
0.0
0.0
0.0
0.0
0.0
0.0
0.0
0.0
0.0
0.0
0.0
0.0
0.0
0.0
0.007159407625184387
0.0
0.0
0.0
0.0
0.0
0.0
0.0
0.0
0.014524731728517917
0.0
0.0
0.0
0.0
0.0
0.0
0.0
0.0
0.0
0.008027264725019086
0.0
0.0
0.0
0.0
0.0
0.0
0.0
0.0
0.0072623658642589585
0.005089165429006789
0.0
0.0
0.0
0.0
0.0
0.0
0.0
0.0
0.0
0.0
0.00481635883501145
0.0
0.0
0.0
0.0
0.0
0.0
0.0
0.0
0.0
0.0
0.0
0.0
0.0
0.0
0.004507076227288341
0.006562229256079026
0.0
0.006819847736620746
0.0
0.0
0.0
0.0
0.0
0.0
0.0
0.0
0.0
0.0
0.0
0.012225058344584316
0.0
0.0
0.0
0.0
0.0
0.0
0.01697092911560421
0.0
0.0
0.0
0.0
0.0
0.0
0.0
0.02745536319991904
0.0
0.0
0.0
0.0
0.0
0.0
0.0
0.0
0.0
0.0
0.0
0.0
0.0
0.0
0.0
0.007455492596048037
0.0
0.006819847736620746
0.0
0.006272329012527413
0.0
0.0025445827145033945
0.0
0.05491072639983808
0.0
0.0
0.0
0.0
0.005940881843298711
0.0
0.0
0.0
0.0
0.008300071319014423
0.00555395468018057
0.0
0.0
0.0
0.0
0.0
0.0
0.008363532247709044
0.0
0.0
0.0
0.0
0.0
0.0
0.0
0.0
0.0
0.007455492596048037
0.0
0.0
0.0
0.0
0.0
0.0
0.0
0.0
0.0
0.0
0.0
0.0
0.0
0.0
0.006421811780015268
0.0
0.0
0.0
0.0
0.0
0.0
0.0
0.0
0.0
0.0
0.00823482252531236
0.005089165429006789
0.0
0.0
0.01752972114037641
0.0
0.0
0.0
0.0
0.0
0.0096327176700229
0.0
0.0
0.0
0.0
0.0
0.0
0.0
0.0
0.0
0.0
0.0
0.0
0.0
0.0
0.0
0.0
0.0
0.0
0.0
0.0
0.0
0.2983499219935934
0.0
0.0
0.0
0.0
0.0
0.0
0.0
0.0
0.0
0.0
0.004150035659507212
0.009151787733306346
0.0
0.0
0.0
0.0
0.0
0.0
0.0
0.0
0.0
0.0
0.0
0.008300071319014423
0.0
0.0
0.0
0.0
0.025090596743127132
0.0
0.0
0.00823482252531236
0.0
0.001605452945003817
0.0
0.007051658941791736
0.0
0.0
0.0
0.0
0.008657111886795554
0.0
0.0
0.0
0.0
0.0
0.0
0.0
0.0
0.0
0.0
0.0
0.0
0.0
0.0
0.0
0.0
0.0
0.0
0.0
0.0
0.0
0.0
0.0
0.0
0.0
0.0
0.0
0.0
0.0
0.0037277462980240183
0.0
0.0
0.0
0.0
0.0
0.0
0.0
0.0
0.0
0.0
0.0
0.0
0.005333199243027835
0.032670728804331375
0.017314223773591108
0.005940881843298711
0.01605452945003817
0.0
0.0
0.0
0.0
0.0
0.0
0.0
0.0
0.003210905890007634
0.01526749628702037
0.0
0.0
0.0
0.0
0.0
0.0
0.0
0.0
0.0
0.0
0.0
0.0
0.0
0.0
0.0
0.0
0.0
0.0
0.0
0.0
0.0
0.0
0.0
0.0
0.0
0.011510977209022057
0.0
0.0
0.0
0.0
0.0
0.0
0.0
0.0
0.0
0.0
0.0
0.0
0.0
0.0
0.01646964505062472
0.0
0.0
0.0
0.003210905890007634
0.0
0.0
0.0
0.0
0.0
0.0
0.0
0.0
0.0
0.0
0.0
0.0
0.007799259895400134
0.0
0.0
0.0
0.0
0.0
0.0
0.0
0.0
0.0
0.005089165429006789
0.0
0.0
0.0
0.0
0.0
0.0
0.0
0.0
0.0
0.0
0.0
0.017735637618525552
0.0
0.0
0.0
0.0
0.0
0.0
0.006112529172292158
0.0
0.0
0.0
0.0
0.0
0.0
0.0
0.0
0.0
0.0
0.0
0.08154850986946667
0.0
0.0
0.0
0.0
0.0
0.0
0.0
0.0
0.0
0.0
0.0
0.0
0.0
0.0
0.0
0.0
0.0
0.0
0.0
0.0
0.0
0.0
0.0
0.0
0.0
0.0
0.0
0.005940881843298711
0.0
0.0
0.0
0.0
0.0
0.0
0.0
0.0
0.0
0.0
0.0
0.0
0.0
0.0
0.0
0.008300071319014423
0.0
0.0
0.0
0.0
0.0
0.0
0.0
0.007360941549514845
0.0
0.11188122074759752
0.0
0.0
0.0
0.0
0.00481635883501145
0.008300071319014423
0.0
0.0
0.0
0.0
0.0
0.0
0.005940881843298711
0.0
0.0
0.0
0.0
0.0
0.0
0.0
0.0
0.0
0.0
0.0
0.0
0.0
0.0
0.0
0.0
0.07285449576465937
0.0
0.005333199243027835
0.0
0.0
0.0
0.0
0.005333199243027835
0.0
0.0
0.0
0.0
0.0
0.0
0.0
0.0
0.0
0.0
0.0
0.0
0.0
0.0
0.0
0.004150035659507212
0.0
0.0
0.0
0.0
0.0
0.0
0.0
0.0
0.046408504891022946
0.01708821026607094
0.0
0.0
0.0
0.003210905890007634
0.0
0.0
0.0
0.0
0.0
0.008816911727030807
0.0
0.0
0.0
0.0
0.0
0.0
0.0
0.0
0.0
0.0
0.0
0.0
0.0
0.0
0.0
0.0
0.0
0.0
0.0
0.0
0.0
0.0
0.0
0.0
0.0
0.004507076227288341
0.0
0.008601297643825206
0.0
0.0
0.0
0.0
0.0
0.0
0.0
0.0
0.0
0.0
0.0
0.0
0.0
0.0
0.0
0.0
0.0
0.0
0.0
0.0
0.01110790936036114
0.0
0.0
0.0
0.0
0.0
0.0
0.0
0.0
0.0
0.0
0.015092669576605055
0.0
0.0
0.009014152454576683
0.0
0.0
0.0
0.0
0.0
0.0
0.0
0.0
0.0
0.0
0.0
0.0
0.0
0.0
0.0
0.0
0.0
0.0
0.0
0.0
0.0
0.0
0.0
0.0
0.0
0.0
0.0
0.0
0.0
0.0
0.0
0.0072623658642589585
0.0
0.0
0.0
0.0
0.0
0.0
0.0
0.0
0.00555395468018057
0.0
0.0
0.0
0.0
0.0
0.006819847736620746
0.0
0.0
0.0
0.008363532247709044
0.0
0.0
0.0
0.0
0.0
0.0
0.0
0.0
0.0
0.0
0.0
0.0
0.0
0.0
0.0
0.0
0.0
0.0
0.0
0.0
0.0
0.0
0.0
0.0
0.0
0.0
0.0
0.0
0.0
0.0
0.0
0.0
0.0
0.0
0.0
0.0
0.0
0.0
0.0
0.0
0.0
0.0
0.0
0.0075463347883025274
0.0
0.0
0.0
0.027717603265542005
0.0
0.0
0.0
0.0
0.0
0.0
0.0
0.0
0.0
0.0
0.0
0.006112529172292158
0.0
0.0
0.0
0.0
0.0
0.0
0.0
0.0
0.0
0.0
0.00555395468018057
0.00787778195753123
0.0
0.02290124443053055
0.0075463347883025274
0.0
0.0
0.0
0.0
0.0
0.0
0.0
0.0
0.0
0.0
0.0
0.0
0.0
0.0
0.0
0.0
0.0
0.0
0.026603456427788327
0.0
0.005089165429006789
0.0
0.0
0.0
0.0
0.0
0.0
0.015598519790800267
0.0
0.0
0.0
0.0
0.0
0.006421811780015268
0.0
0.0
0.004507076227288341
0.008027264725019086
0.0
0.0
0.0
0.0
0.0
0.0
0.007360941549514845
0.00787778195753123
0.004150035659507212
0.0
0.0
0.0
0.0
0.0
0.0
0.0
0.0
0.0
0.0
0.0
0.0
0.0
0.0
0.0
0.0
0.0
0.03505944228075282
0.0
0.0
0.0
0.0
0.0
0.00555395468018057
0.0
0.0
0.0
0.0
0.0
0.0
0.0
0.0
0.0
0.008167682201082844
0.0
0.11087041306216802
0.0
0.0
0.0
0.0
0.0072623658642589585
0.0
0.0
0.0
0.00555395468018057
0.0
0.0
0.0
0.0
0.0
0.0
0.0
0.0
0.0
0.0
0.0
0.0
0.0
0.0
0.0
0.06374768379407694
0.0
0.0
0.0
0.0
0.0
0.0
0.0
0.0
0.0
0.0
0.0
0.011510977209022057
0.0
0.0
0.0
0.0
0.0
0.0
0.0
0.0
0.0
0.0
0.03394185823120842
0.0
0.0
0.001605452945003817
0.0
0.0
0.0
0.0
0.0
0.0
0.0
0.0
0.0
0.0
0.0
0.0
0.0
0.0
0.0
0.0
0.0
0.0
0.008816911727030807
0.0
0.0
0.0
0.0
0.0
0.0
0.0
0.0
0.0
0.0
0.0
0.003210905890007634
0.0
0.0
0.0
0.0
0.015598519790800267
0.0
0.006112529172292158
0.0
0.0
0.0
0.0
0.0025445827145033945
0.008363532247709044
0.0
0.0
0.0
0.0
0.0
0.0
0.0
0.0
0.0
0.0
0.0
0.0
0.0
0.0
0.0
0.0
0.0
0.0
0.0
0.0
0.0
0.0
0.0
0.022082824648544535
0.0
0.0
0.005940881843298711
0.0
0.0
0.0
0.025090596743127132
0.0
0.0
0.0
0.0
0.0
0.0
0.0
0.0
0.0
0.0
0.0
0.0
0.0
0.0
0.045534059852912104
0.0
0.0
0.0
0.0
0.00481635883501145
0.0
0.01066639848605567
0.0
0.0
0.0
0.0
0.0
0.0
0.0
0.0
0.0
0.0
0.0
0.0
0.0
0.0
0.0
0.0
0.0
0.0
0.0
0.0
0.0
0.0
0.0
0.0
0.0
0.0
0.0
0.0
0.0
0.0
0.0
0.0
0.0
0.0
0.0
0.0
0.0
0.0
0.0
0.0
0.0
0.0
0.0
0.034628447547182216
0.0
0.0
0.005089165429006789
0.0
0.0
0.0
0.0
0.0
0.0
0.0
0.0
0.0
0.05543520653108401
0.0
0.0
0.0
0.0
0.0
0.0
0.0
0.0
0.0
0.0
0.0
0.0
0.0
0.0
0.0
0.0
0.0
0.0
0.0
0.0
0.0
0.0
0.0
0.0
0.025456393673406314
0.0
0.0
0.0
0.0
0.0
0.0
0.0
0.0
0.0
0.0
0.0
0.0
0.0025445827145033945
0.0
0.008601297643825206
0.10209871076025048
0.0
0.0
0.0
0.0
0.008167682201082844
0.0
0.0
0.0
0.0
0.0
0.0
0.0
0.0
0.0
0.1006696650663698
0.008485464557802105
0.0
0.005333199243027835
0.0
0.0
0.005089165429006789
0.0
0.0
0.0
0.0
0.001605452945003817
0.0
0.0
0.0
0.0
0.0
0.0
0.0
0.0
0.0
0.0
0.0
0.026603456427788327
0.0
0.0
0.0
0.0
0.011881763686597421
0.0
0.0
0.0
0.0
0.0
0.0
0.0
0.0
0.0192654353400458
0.0
0.0
0.0
0.0
0.0
0.0
0.0
0.0
0.0
0.0
0.1006696650663698
0.0
0.0
0.0
0.0
0.0
0.0
0.0
0.0
0.0
0.0
0.0
0.0
0.0
0.0
0.0
0.0
0.0
0.0
0.0
0.0
0.0
0.0
0.0
0.0
0.0
0.0
0.0
0.0
0.0
0.0
0.0
0.0
0.0
0.0
0.0
0.037293740249199174
0.0
0.016850601363249125
0.0
0.0
0.0
0.03440519057530082
0.0
0.009106811970582421
0.0
0.0
0.0
0.0
0.0
0.0
0.0
0.0
0.0
0.001605452945003817
0.0
0.0
0.0
0.017314223773591108
0.008363532247709044
0.0
0.0
0.0
0.0
0.0
0.0
0.0
0.0
0.0
0.0
0.0
0.0
0.0
0.0
0.0
0.0
0.0
0.001605452945003817
0.0
0.0
0.0
0.0
0.0
0.0
0.007633748143510185
0.0
0.0
0.0
0.0
0.013639695473241491
0.0
0.0
0.0
0.025275902044873687
0.0
0.0
0.0
0.0
0.0
0.0
0.0
0.0
0.0
0.0
0.0
0.0
0.0
0.0
0.0
0.00787778195753123
0.0
0.0
0.0
0.0
0.0
0.0
0.0
0.06526404543609855
0.0
0.0
0.04597953381263046
0.0
0.0
0.008300071319014423
0.0037277462980240183
0.0
0.0
0.0
0.0
0.0
0.0
0.006421811780015268
0.0
0.015598519790800267
0.007633748143510185
0.0
0.0
0.0
0.0
0.0
0.0
0.0
0.0
0.0
0.0
0.0
0.0
0.0
0.0
0.036783627050104364
0.0
0.0
0.0
0.0
0.0
0.01619707478936793
0.0
0.0
0.0
0.0
0.0
0.0
0.0
0.0
0.02732043591174726
0.006938652188031652
0.0
0.0
0.0
0.0
0.2797030518689938
0.0
0.0
0.0
0.0
0.03695680435405601
0.0
0.0
0.0
0.0
0.0
0.0
0.0
0.0
0.0
0.0
0.0
0.0
0.0
0.0
0.0
0.0
0.0
0.0
0.0
0.0
0.0
0.0
0.018028304909153366
0.0
0.0
0.0
0.0
0.0
0.0
0.0
0.0
0.0
0.0
0.0
0.0
0.0
0.0
0.0
0.007159407625184387
0.0
0.0
0.0
0.0
0.0
0.0
0.0
0.0
0.0
0.0
0.0
0.008027264725019086
0.0
0.0
0.0
0.0
0.0
0.0
0.0
0.0
0.0
0.0
0.0
0.0
0.0
0.0
0.0
0.0
0.0
0.0
0.0
0.0
0.0
0.0
0.0
0.0
0.0
0.0
0.0
0.0
0.0
0.0
0.0
0.0
0.0
0.0
0.0
0.0
0.0
0.0072623658642589585
0.0
0.0
0.0
0.026134838192420698
0.0
0.0
0.0
0.0
0.0
0.0
0.0
0.0
0.0
0.0
0.0
0.0
0.0
0.0
0.0
0.008098537394683965
0.0
0.0
0.0
0.0
0.0
0.0
0.0
0.0
0.0
0.0
0.00481635883501145
0.0
0.0072623658642589585
0.0
0.0
0.0
0.0
0.0037277462980240183
0.0
0.008098537394683965
0.0
0.0
0.0
0.0
0.007159407625184387
0.0
0.0
0.0
0.0
0.0
0.0
0.0
0.0
0.0
0.0
0.0
0.0
0.0
0.0
0.08391091556069813
0.005333199243027835
0.0
0.0
0.0
0.0
0.0
0.0
0.0
0.0
0.0
0.0
0.0
0.0
0.0
0.0
0.0
0.0
0.0
0.0
0.0
0.0
0.0
0.0
0.0
0.0
0.0
0.0
0.0
0.0
0.0
0.0
0.0
0.0
0.0
0.0
0.0
0.0
0.0
0.0
0.0
0.0
0.0
0.0
0.0
0.015435964234591952
0.0
0.0
0.0
0.0
0.00555395468018057
0.0
0.0
0.0
0.0
0.0
0.0
0.0
0.0
0.0
0.0
0.0
0.0
0.0
0.0
0.0
0.0
0.0
0.0
0.0
0.0
0.0
0.053798366967111974
0.006562229256079026
0.0
0.0
0.0
0.0
0.0
0.0
0.0
0.0
0.0
0.0
0.0
0.0
0.001605452945003817
0.0
0.0
0.0
0.0
0.011510977209022057
0.0
0.0
0.0
0.0
0.0
0.0
0.0
0.0
0.0
0.0
0.0
0.007159407625184387
0.0
0.0
0.0
0.0
0.0
0.0
0.0
0.0
0.008764860570188205
0.0
0.008601297643825206
0.0
0.008300071319014423
0.0
0.012225058344584316
0.0
0.0
0.0
0.001605452945003817
0.006694618374010606
0.005089165429006789
0.0
0.0
0.0
0.0
0.0
0.0
0.0
0.0057554886045110285
0.0
0.0
0.0
0.006272329012527413
0.0
0.0
0.0
0.0
0.0
0.0
0.012843623560030536
0.0
0.0
0.0037277462980240183
0.0
0.0
0.04150035659507212
0.008363532247709044
0.004507076227288341
0.0
0.0
0.0
0.0
0.0
0.0
0.0
0.0
0.0
0.0
0.0
0.0
0.0025445827145033945
0.0
0.0
0.0
0.0
0.0
0.0
0.0
0.0
0.0
0.0
0.0
0.0
0.0
0.0
0.0
0.0
0.00555395468018057
0.0
0.0
0.0
0.0
0.0
0.0
0.0
0.0
0.0
0.0
0.0
0.0
0.0
0.0
0.0
0.0
0.0
0.0
0.036607150933225384
0.0
0.0
0.0
0.0
0.0
0.0
0.0
0.0
0.0
0.0
0.0
0.0
0.0
0.0
0.0
0.0
0.0
0.0
0.0
0.0
0.0
0.005940881843298711
0.0
0.0
0.0
0.0
0.0
0.0
0.0
0.0
0.0
0.0
0.0
0.0
0.0
0.0
0.0
0.0
0.0
0.0
0.015598519790800267
0.0
0.0
0.0
0.0
0.0
0.0
0.0
0.0
0.006694618374010606
0.0
0.0
0.0
0.0
0.0
0.0
0.0
0.0
0.0
0.0
0.0
0.0
0.0
0.0
0.0
0.0
0.0
0.0
0.0
0.012544658025054826
0.0
0.0
0.0
0.005089165429006789
0.0
0.0
0.0
0.0
0.0
0.0
0.0
0.0
0.0
0.0
0.0
0.0
0.0
0.0
0.0
0.0
0.0
0.0
0.00481635883501145
0.0
0.0
0.0
0.0
0.0
0.0
0.0
0.0
0.0
0.0
0.006938652188031652
0.01697092911560421
0.006272329012527413
0.0
0.0
0.0
0.0
0.0
0.0
0.0
0.0
0.0
0.0
0.0
0.0
0.0
0.007953729056637653
0.00481635883501145
0.0
0.0
0.0
0.0
0.0
0.008485464557802105
0.0
0.0
0.0
0.0
0.0
0.0
0.0
0.0
0.0
0.0
0.0
0.0
0.0
0.0
0.0
0.0
0.0
0.0
0.0
0.0
0.0
0.0
0.0
0.0
0.0
0.0
0.0
0.05517544057515655
0.0
0.0
0.0
0.0
0.0
0.0
0.0
0.0
0.013124458512158052
0.0
0.0
0.0
0.0
0.0
0.0
0.0
0.0
0.0
0.0
0.0
0.0
0.0
0.0
0.0
0.0
0.0
0.0
0.0
0.0
0.0
0.0
0.008425300681624562
0.0
0.0
0.0
0.0
0.0
0.0
0.0
0.0
0.0
0.0
0.0
0.0
0.0
0.0
0.006938652188031652
0.0
0.0
0.0
0.0
0.0
0.0
0.0
0.0
0.0
0.0
0.0
0.0
0.0
0.0
0.0
0.0
0.0
0.0
0.0
0.0037277462980240183
0.0
0.0
0.0
0.0
0.0
0.001605452945003817
0.034628447547182216
0.0
0.0
0.0
0.0
0.006562229256079026
0.0
0.0
0.0
0.0
0.0
0.0
0.0
0.0
0.0
0.0
0.0
0.0
0.015092669576605055
0.0
0.0
0.0
0.0
0.025803892931475617
0.0
0.0
0.0
0.0
0.0
0.0
0.0
0.0
0.0
0.0
0.0
0.0
0.0
0.0
0.0
0.0
0.0
0.00481635883501145
0.0
0.0
0.0
0.0
0.0
0.0
0.0
0.0
0.0
0.0
0.0
0.0
0.0
0.0
0.0
0.0
0.0
0.0
0.0
0.0
0.03469326094015826
0.0
0.0
0.0
0.0
0.0
0.0
0.0
0.0
0.0
0.0
0.0
0.0
0.007953729056637653
0.0
0.0
0.0
0.0
0.0
0.0
0.0
0.0
0.0
0.0
0.0
0.0
0.0
0.0
0.0
0.0
0.0
0.0
0.0
0.01697092911560421
0.0
0.005333199243027835
0.0
0.0
0.0
0.0
0.0
0.0
0.0
0.0
0.0
0.0
0.0
0.0
0.0
0.0
0.0
0.0
0.0
0.0
0.0
0.0
0.0
0.0
0.003210905890007634
0.0
0.0
0.005089165429006789
0.0
0.0
0.0
0.0
0.0
0.0
0.0
0.0
0.0
0.0
0.0
0.0
0.009239201088514002
0.0
0.0
0.0
0.0
0.0
0.0
0.0
0.00555395468018057
0.0
0.0
0.0
0.0
0.0
0.0
0.0
0.0
0.0
0.0
0.0
0.0
0.0
0.0
0.0
0.0
0.0
0.0
0.0
0.0
0.0
0.0
0.0
0.008098537394683965
0.0
0.0
0.0
0.0
0.01646964505062472
0.0
0.0025445827145033945
0.0
0.0
0.0
0.0
0.0
0.0
0.0
0.0
0.0
0.0
0.0
0.0
0.0
0.0
0.0
0.0
0.0
0.0
0.0
0.0
0.0
0.0
0.0
0.0
0.0
0.0
0.0
0.0
0.0
0.0
0.0
0.0
0.0
0.0
0.0
0.0
0.0
0.001605452945003817
0.0
0.0
0.0
0.0
0.0
0.0
0.0
0.0
0.0
0.0
0.0
0.0
0.0
0.0
0.0
0.0
0.0
0.0
0.003210905890007634
0.0
0.0
0.0
0.0
0.0
0.0
0.013877304376063304
0.0
0.0
0.0
0.0
0.0
0.0
0.0
0.0
0.0
0.0
0.0
0.0
0.0
0.0
0.0
0.0
0.0
0.0
0.0
0.0
0.0
0.0
0.0
0.0
0.0
0.0
0.0
0.0
0.0
0.0
0.0
0.0
0.0
0.0
0.0
0.0
0.0
0.0
0.0
0.0
0.0
0.0
0.023861187169912958
0.0
0.0
0.0
0.0
0.0
0.0
0.0
0.0
0.0
0.0
0.015598519790800267
0.0
0.017932788989037326
0.0057554886045110285
0.0
0.0
0.0
0.0
0.0
0.0
0.0
0.0
0.0
0.0
0.011881763686597421
0.006694618374010606
0.0
0.0
0.014318815250368775
0.0
0.0
0.0
0.0
0.0
0.0
0.0
0.0
0.0
0.0
0.0
0.0
0.0
0.0
0.0
0.0
0.0
0.0
0.0
0.0
0.0
0.0
0.0
0.0
0.006562229256079026
0.0
0.0
0.0
0.0
0.0
0.0
0.0
0.0
0.0
0.0
0.0
0.0
0.0
0.0075463347883025274
0.0
0.0
0.007633748143510185
0.001605452945003817
0.023861187169912958
0.0
0.004150035659507212
0.0
0.0
0.0
0.0
0.0
0.0
0.0
0.08391091556069813
0.0
0.0
0.0
0.0
0.004150035659507212
0.0
0.0
0.0
0.0
0.0
0.0
0.017932788989037326
0.0
0.0
0.0
0.01605452945003817
0.0
0.0
0.0
0.0
0.0
0.0
0.006819847736620746
0.0
0.007799259895400134
0.06835284106428376
0.0
0.0
0.0
0.0
0.0
0.0
0.0
0.0
0.0
0.0
0.0
0.0
0.0
0.0
0.0
0.008425300681624562
0.0
0.01833758751687647
0.012225058344584316
0.044588155151056165
0.0072623658642589585
0.0
0.0
0.0
0.0
0.0
0.0
0.0
0.0
0.0
0.0
0.0
0.0
0.0
0.0
0.0
0.044588155151056165
0.0
0.0
0.0
0.0
0.0
0.0
0.0
0.0
0.0
0.0
0.0
0.001605452945003817
0.0
0.0
0.0
0.0
0.0
0.0
0.0
0.0
0.0
0.0057554886045110285
0.0025445827145033945
0.0
0.0
0.0
0.0
0.0
0.0
0.008657111886795554
0.0
0.0
0.0
0.0
0.0
0.0
0.0
0.008816911727030807
0.0
0.0
0.0
0.0
0.0
0.0
0.0
0.0
0.0
0.008363532247709044
0.0
0.0
0.0
0.0
0.0
0.0
0.0
0.0
0.0
0.0
0.0
0.0
0.0
0.00787778195753123
0.0
0.0
0.0
0.0
0.0
0.0
0.0
0.0
0.0
0.0
0.0
0.0
0.0
0.0
0.004150035659507212
0.0
0.0
0.0
0.0
0.0
0.0
0.0
0.0
0.0
0.0
0.0
0.0
0.0
0.0
0.0
0.0
0.0
0.0
0.0
0.0
0.0
0.0
0.0
0.0
0.0
0.0
0.0
0.0
0.0
0.0
0.0
0.0
0.004507076227288341
0.0
0.0
0.0
0.0
0.0
0.0
0.0
0.0
0.0
0.07425360782563671
0.0
0.0
0.0
0.0
0.0
0.0
0.0072623658642589585
0.005333199243027835
0.0025445827145033945
0.0
0.0
0.0
0.0
0.0
0.0
0.0
0.0
0.007159407625184387
0.0
0.0
0.0
0.0
0.0
0.0
0.0
0.015598519790800267
0.0
0.0
0.0
0.0
0.0
0.0
0.0
0.0
0.012843623560030536
0.0
0.0
0.0
0.0
0.0
0.0
0.0025445827145033945
0.0
0.0
0.0
0.0
0.0
0.0
0.0
0.0
0.0
0.0
0.0
0.0
0.0
0.0
0.0
0.0
0.0
0.0
0.0
0.0
0.0
0.0
0.0
0.0
0.0
0.0
0.0
0.008485464557802105
0.0
0.0
0.0
0.0
0.0
0.0
0.0
0.0
0.0
0.0
0.0
0.0
0.0
0.0
0.0
0.0
0.00555395468018057
0.0
0.0
0.006112529172292158
0.0
0.0
0.0
0.0
0.0
0.0
0.0
0.0
0.0
0.0
0.0
0.0
0.0
0.0
0.0
0.0
0.0
0.0
0.0
0.0
0.0
0.0
0.0
0.01605452945003817
0.0
0.0
0.0
0.0
0.0
0.0
0.0
0.0
0.0
0.0
0.0
0.0
0.0
0.0
0.0
0.06497190684743212
0.00555395468018057
0.0
0.0
0.0
0.0
0.0
0.0
0.0
0.0
0.0
0.0
0.0
0.0
0.0
0.0
0.013124458512158052
0.0
0.0
0.0
0.017735637618525552
0.0
0.0
0.0
0.0
0.0
0.0
0.0
0.0
0.0
0.0
0.006938652188031652
0.0
0.0
0.0
0.0
0.0
0.0
0.0
0.0
0.0
0.0192654353400458
0.0
0.0
0.0
0.0
0.0
0.007455492596048037
0.0
0.0
0.0
0.0
0.0
0.0
0.026134838192420698
0.0
0.0
0.0
0.0
0.0
0.0
0.0
0.012225058344584316
0.0
0.0
0.0
0.0
0.0
0.0
0.00555395468018057
0.010178330858013578
0.0
0.0
0.0
0.0
0.0
0.0
0.0
0.0
0.0
0.0
0.0
0.0
0.0
0.0
0.006272329012527413
0.0
0.0
0.0
0.0
0.0
0.0
0.0
0.0
0.0
0.0
0.0
0.0
0.0
0.0
0.0
0.0
0.0
0.0
0.0
0.0
0.0
0.0
0.0
0.0
0.0
0.0
0.0
0.0
0.0
0.0
0.0
0.0
0.0
0.024081794175057257
0.008027264725019086
0.006938652188031652
0.0
0.0
0.0
0.0
0.07425360782563671
0.0
0.0
0.0
0.0
0.0
0.0
0.0
0.0
0.0
0.0
0.0
0.0
0.0
0.0
0.0
0.0
0.0
0.012544658025054826
0.004150035659507212
0.0
0.0
0.0
0.0
0.0
0.0
0.0
0.0
0.0
0.0
0.0
0.0
0.0
0.017633823454061615
0.00481635883501145
0.0
0.0
0.0
0.0057554886045110285
0.0037277462980240183
0.0
0.0
0.0
0.0
0.0
0.0
0.0
0.0
0.0
0.0
0.0
0.01619707478936793
0.0
0.0
0.0
0.0
0.006112529172292158
0.0
0.0
0.0
0.0
0.0
0.0025445827145033945
0.0
0.00854410513303547
0.006112529172292158
0.0
0.0
0.0
0.0
0.0
0.0
0.0
0.0
0.025089316050109653
0.0
0.0
0.0
0.0
0.0
0.0
0.0
0.0
0.0
0.0
0.0
0.0
0.0
0.0
0.007360941549514845
0.0
0.0
0.0
0.0
0.0
0.0
0.0
0.0
0.0
0.001605452945003817
0.0
0.0
0.0
0.0
0.006421811780015268
0.0
0.0
0.0
0.0
0.0
0.0
0.0
0.022082824648544535
0.0
0.0
0.0
0.0
0.0
0.0
0.006272329012527413
0.0
0.0
0.0
0.0
0.0
0.0
0.0
0.0
0.0
0.0
0.0
0.0
0.0
0.018028304909153366
0.0072623658642589585
0.0
0.0
0.0
0.0
0.0
0.0
0.0
0.007633748143510185
0.027754608752126608
0.0
0.0
0.0
0.0025445827145033945
0.0
0.0
0.0
0.0
0.0
0.0
0.0
0.0
0.0
0.0
0.0
0.0
0.0
0.0
0.0
0.0
0.0
0.0
0.0
0.0
0.0
0.0
0.0
0.0
0.0
0.0
0.0
0.0
0.0
0.0
0.0
0.0
0.0
0.0
0.0
0.0
0.0
0.0
0.026450735181092422
0.0
0.0
0.0
0.027587720287578273
0.0
0.0
0.0
0.0
0.0
0.018213623941164842
0.0
0.0
0.007360941549514845
0.0
0.00481635883501145
0.0
0.0
0.0
0.006272329012527413
0.0
0.0
0.0
0.0
0.0
0.0
0.0
0.0
0.0
0.0
0.0
0.008300071319014423
0.0
0.0
0.0
0.08816911727030807
0.0
0.0
0.0
0.005333199243027835
0.0
0.0
0.0
0.0
0.0
0.0
0.0
0.0
0.0
0.0
0.0
0.0
0.0
0.0
0.0
0.0
0.0
0.0
0.0
0.0
0.0
0.0
0.0
0.0
0.0072623658642589585
0.0
0.0
0.0
0.0
0.0
0.0
0.0
0.0
0.0
0.0
0.0
0.0
0.0
0.0
0.0
0.0
0.0
0.0
0.00854410513303547
0.0
0.0
0.0
0.0
0.0
0.0
0.0
0.0
0.0
0.036607150933225384
0.017932788989037326
0.0
0.0
0.0
0.16782183112139626
0.0
0.0
0.10209871076025048
0.0
0.009239201088514002
0.0
0.0
0.044084558635154036
0.018028304909153366
0.0
0.0
0.027182836623155557
0.11954678791283918
0.0
0.026752893090633702
0.0
0.01110790936036114
0.0
0.0
0.0
0.0
0.17714526618369608
0.0
0.09195906762526092
0.0
0.0
0.03345412899083618
0.0
0.0
0.0
0.0
0.0
0.0
0.008363532247709044
0.0
0.0
0.0
0.0
0.0
0.017932788989037326
0.0
0.0
0.005333199243027835
0.0
0.0
0.0
0.0
0.0
0.0
0.0
0.0
0.001605452945003817
0.037126803912818356
0.0
0.0
0.0
0.0
0.0
0.0
0.0
0.0
0.0
0.026450735181092422
0.036427247882329684
0.0
0.0
0.0
0.0
0.0
0.0
0.0
0.0
0.0
0.0
0.0
0.0
0.006421811780015268
0.0
0.008167682201082844
0.0
0.0
0.0
0.0
0.0
0.0
0.0
0.0
0.0
0.0
0.0
0.0
0.0
0.0
0.0
0.0
0.0
0.0
0.0
0.0
0.0
0.0
0.0
0.0
0.0
0.0
0.013521228681865024
0.0
0.0
0.0
0.0
0.00481635883501145
0.0
0.026603456427788327
0.0
0.0
0.0
0.0
0.0
0.0
0.0
0.0
0.0
0.0
0.0
0.0
0.0
0.0
0.0
0.0
0.0
0.0
0.0
0.0
0.0
0.0
0.0
0.0
0.0
0.0
0.005940881843298711
0.0
0.0
0.0057554886045110285
0.0
0.0
0.0
0.0
0.0
0.0
0.0
0.0
0.0
0.0
0.0
0.0
0.006938652188031652
0.0
0.0
0.0
0.0
0.0
0.0
0.0
0.0
0.007799259895400134
0.0
0.0
0.0
0.0
0.0
0.0
0.0
0.0
0.0
0.0
0.0
0.0
0.017835262060422467
0.0
0.0
0.004507076227288341
0.007633748143510185
0.0
0.0
0.0
0.0
0.0037277462980240183
0.001605452945003817
0.006112529172292158
0.0
0.0
0.0
0.0
0.00787778195753123
0.0
0.013124458512158052
0.0
0.0
0.0
0.0
0.0
0.0
0.0
0.0
0.0
0.0
0.0
0.0
0.046408504891022946
0.0
0.0
0.0
0.0
0.0
0.0
0.0
0.0
0.0
0.0
0.0
0.0
0.0
0.0
0.0
0.0
0.0
0.0
0.0
0.0
0.0
0.009014152454576683
0.0
0.0
0.0
0.0
0.0
0.0
0.0
0.0
0.0
0.0
0.0
0.0
0.0
0.0
0.0
0.0
0.0
0.0
0.0
0.0
0.0
0.0
0.0
0.0
0.0
0.0
0.0
0.0
0.0
0.0
0.0
0.0
0.0
0.0
0.0
0.0
0.0
0.018213623941164842
0.0
0.0
0.0
0.008300071319014423
0.0
0.0
0.0
0.0
0.013639695473241491
0.005940881843298711
0.0
0.005089165429006789
0.0
0.0
0.0037277462980240183
0.0
0.0
0.0
0.0
0.007455492596048037
0.0
0.0
0.0
0.0
0.0
0.0
0.0
0.0
0.0
0.0
0.0
0.0
0.0
0.0
0.0
0.006421811780015268
0.001605452945003817
0.0
0.0
0.0
0.0
0.0
0.0075463347883025274
0.0
0.0
0.0
0.0
0.0
0.0
0.0
0.003210905890007634
0.0
0.0
0.0
0.015092669576605055
0.015907458113275305
0.0
0.0
0.0
0.0
0.0
0.0
0.0
0.0
0.0
0.0
0.0
0.0
0.0
0.0
0.0
0.0
0.0
0.0
0.0
0.007051658941791736
0.0
0.0
0.0
0.0
0.0
0.0
0.0
0.008657111886795554
0.0
0.0
0.0
0.0
0.0
0.0
0.006112529172292158
0.0
0.0
0.0
0.008657111886795554
0.0
0.0
0.0
0.0
0.0
0.0
0.0
0.0
0.0
0.0
0.0
0.0
0.0
0.0
0.0
0.014524731728517917
0.0
0.0
0.0
0.0
0.0
0.0
0.0
0.0
0.0
0.0
0.0
0.0
0.007953729056637653
0.0
0.0
0.0
0.02490021395704327
0.0
0.0
0.0
0.0
0.0
0.0
0.0
0.0
0.001605452945003817
0.0
0.0
0.0
0.0
0.0
0.020083855122031816
0.0
0.0
0.0
0.0
0.0
0.034628447547182216
0.0
0.00787778195753123
0.0
0.0
0.0
0.0
0.009151787733306346
0.0
0.0
0.0
0.0
0.0
0.0
0.0
0.0
0.0
0.0
0.0
0.0
0.0
0.0
0.01708821026607094
0.0
0.05543520653108401
0.0
0.0
0.007717982117295976
0.0
0.0
0.0
0.0
0.0
0.0
0.0
0.0
0.0
0.0
0.0
0.0
0.0
0.0
0.0
0.01708821026607094
0.0
0.0
0.0
0.0
0.0
0.0
0.0
0.005940881843298711
0.0
0.0
0.011510977209022057
0.0
0.0
0.0
0.0
0.0
0.0
0.017835262060422467
0.0
0.0
0.0
0.0
0.0
0.0
0.0
0.0
0.02263900436490758
0.01472188309902969
0.0
0.0
0.0
0.00555395468018057
0.0
0.01526749628702037
0.0
0.0
0.0
0.0
0.0
0.0
0.0
0.006819847736620746
0.008816911727030807
0.0
0.0
0.0
0.0
0.0
0.07356725410020873
0.0
0.0
0.0
0.0
0.02563231539910641
0.0
0.0
0.0
0.008601297643825206
0.01646964505062472
0.0
0.008300071319014423
0.0
0.04661717531149897
0.0
0.0
0.00787778195753123
0.0
0.0
0.0
0.01697092911560421
0.0
0.0
0.0
0.0
0.0
0.0
0.0
0.0
0.0
0.0
0.0
0.46617175311498965
0.0
0.0
0.0
0.0
0.0
0.025456393673406314
0.0
0.0
0.0
0.0
0.0
0.0
0.0
0.0
0.0
0.0
0.0
0.12120465580989731
0.0
0.0
0.0
0.0
0.0
0.0
0.0
0.0
0.0
0.0
0.08601297643825205
0.0
0.0
0.0
0.013389236748021211
0.0
0.0
0.026294581710564615
0.026899183483555987
0.0
0.034628447547182216
0.0
0.02597133566038666
0.02732043591174726
0.0
0.0
0.0
0.0
0.0
0.0
0.007360941549514845
0.0
0.0
0.008657111886795554
0.0
0.0
0.0
0.0
0.0
0.0
0.0
0.0
0.0
0.0
0.0
0.0
0.0
0.0
0.0
0.0
0.0
0.0
0.0
0.0
0.02732043591174726
0.0
0.0
0.0
0.0
0.0
0.0
0.006819847736620746
0.0
0.0
0.007717982117295976
0.21347912249870554
0.0
0.0
0.0
0.09106811970582421
0.0
0.0
0.0
0.006272329012527413
0.0
0.0
0.0
0.0
0.0
0.0
