0.019891845576907798
0
0
0.005375535636856807
0
0
0
0
0
0
0
0
0
0
0
0
0
0
0
0
0
0
0
0
0
0
0
0
0
0
0
0
0
0
0
0
0
0
0
0.0
0
0
0
0
0
0
0
0
0
0
0
0
0
0
0
0
0
0
0
0
0
0.005375535636856807
0.0
0
0
0
0
0
0
0
0
0
0
0
0
0
0
0
0
0
0
0
0.05053476242752921
0
0
0.02431656850031416
0
0.019271093679421872
0
0
0
0
0
0.0
0.013895558042565065
0
0
0
0
0
0
0
0
0
0
0
0
0
0
0
0
0
0
0
0
0
0
0
0.0
0.021972302167469177
0
0
0.0
0
0
0
0
0
0
0.013895558042565065
0
0
0
0
0
0
0
0
0
0.0
0
0
0
0
0
0
0
0
0
0
0
0
0
0
0
0.1497792866434326
0
0
0
0
0
0
0
0
0
0
0
0.03225321382114084
0.008520022405708257
0.01248160722028605
0.010751071273713613
0
0.03018207285765203
0
0.01248160722028605
0
0
0
0
0
0
0
0
0
0
0
0
0
0
0
0
0
0
0
0.02046657206568282
0
0
0
0
0.010751071273713613
0
0
0
0.010751071273713613
0.0
0
0
0
0
0
0.008520022405708257
0
0.025267381213764605
0
0.022834885731300516
0.02431656850031416
0
0
0
0
0
0
0
0
0
0
0
0.026114249962481358
0
0
0
0
0
0
0
0
0
0
0
0
0
0.0775263231076189
0
0
0
0
0
0
0
0
0.0
0
0.0
0
0
0
0
0.008520022405708257
0
0
0
0
0
0
0.07393988794883603
0
0.019271093679421872
0
0
0
0
0.0
0
0
0
0.0
0
0
0
0
0
0.021502142547427227
0.0
0
0.0
0
0
0
0.05967553673072339
0.018596297949254017
0
0
0
0
0.0
0
0
0.0
0
0
0
0
0
0
0.09298148974627009
0
0
0
0
0
0
0
0
0
0
0
0
0.019271093679421872
0
0
0
0
0
0
0
0
0
0.026877678184284038
0.013895558042565065
0.01612660691057042
0
0
0
0
0
0
0
0
0
0
0
0
0
0
0
0
0
0
0
0.023971833586110824
0
0
0
0.1539532026429276
0.02100162962599431
0
0
0
0
0
0
0
0.0
0
0
0
0
0.008520022405708257
0
0
0
0.02584210770253963
0
0
0
0
0
0.02100162962599431
0.04200325925198862
0
0
0
0
0
0
0.0
0
0
0
0
0
0
0
0
0
0
0
0
0.02779111608513013
0
0
0.0249632144405721
0
0
0
0
0
0
0
0
0
0
0
0
0
0
0
0
0
0
0
0.019891845576907798
0
0
0
0
0.028608214130856475
0
0
0
0
0
0
0
0
0
0
0
0
0
0
0
0
0
0
0
0
0
0
0
0
0
0
0
0
0
0
0
0
0
0
0
0
0
0
0
0
0
0
0.1640870268259559
0.24271000061943124
0
0
0
0.18474384317151313
0.028003602215482055
0
0
0
0.026631458818469154
0
0
0
0
0
0
0
0
0
0
0
0
0
0
0
0
0
0
0
0
0
0
0
0
0
0
0
0.0
0
0
0
0
0
0
0
0
0
0
0
0
0
0
0
0.017857142857142856
0
0
0
0.21754533618678049
0
0
0
0
0
0
0.0249632144405721
0
0
0
0
0
0.026377165262851113
0.3121764333939644
0.8701813447471219
0.01612660691057042
0.013895558042565065
0
0.02046657206568282
0
0
0.18646743101724042
0
0
0
0
0
0
0
0
0
0
0
0
0
0
0
0
0
0
0
0
0
0
0
0.26569486828532307
0
0.018596297949254017
0
0
0
0
0
0
0
0
0
0
0
0
0
0
0
0
0
0
0
0
0
0
0
0
0.005375535636856807
0
0
0
0
0
0
0
0
0
0
0.0827179309473362
0
0.008520022405708257
0
0
0
0
0
0
0
0
0
0
0
0
0
0
0
0
0
0.008520022405708257
0
0
0.0
0
0
0
0.027347837804325984
0
0
0.015091036428826015
0.0
0
0
0
0
0
0
0
0
0
0
0
0
0
0
0
0
0
0
0
0
0
0
0
0
0
0
0.03571428571428571
0
0
0
0
0
0
0
0
0
0
0
0
0
0
0
0
0
0
0
0
0
0
0
0.023971833586110824
0
0
0
0
0
0
0
0
0
0
0.018596297949254017
0
0
0
0
0
0
0
0.005375535636856807
0
0
0
0
0
0
0
0
0.01612660691057042
0
0
0
0
0
0
0
0
0
0
0
0
0
0
0.06098464914635487
0
0
0
0
0
0
0.024646629316278677
0
0
0
0
0
0
0
0
0
0
0.023232678493999664
0
0
0
0
0
0
0
0
0
0
0
0
0
0
0
0
0
0
0
0
0
0
0
0
0
0
0
0
0
0
0
0
0
0
0
0
0
0
0
0
0.013895558042565065
0.028608214130856475
0
0
0
0
0
0
0.0
0.09280680856194475
0.06067750015485781
0
0
0.026877678184284038
0
0
0
0
0
0
0
0.022834885731300516
0
0.028608214130856475
0
0
0
0
0
0
0
0
0
0
0
0
0
0
0
0
0
0
0.024646629316278677
0
0
0
0
0
0.019891845576907798
0
0
0
0
0
0
0
0
0
0
0.02898659447139108
0.04794366717222165
0
0
0
0
0
0
0
0.08063303455285212
0
0
0.01248160722028605
0.14105210684078662
0
0
0
0
0
0
0
0
0
0.07545518214413008
0
0
0
0
0
0
0
0
0
0
0
0
0
0
0
0
0
0
0
0
0.005375535636856807
0
0
0
0
0
0
0
0
0
0
0
0
0
0
0
0
0
0
0
0
0
0
0
0
0
0
0.008520022405708257
0
0
0
0
0
0.0
0
0
0
0
0
0.08695978341417324
0
0
0
0
0
0
0
0
0.017857142857142856
0
0
0.017040044811416515
0
0
0
0
0
0
0
0
0
0
0
0
0
0
0
0
0
0.010751071273713613
0
0
0
0
0
0
0
0.0
0.0
0
0
0
0
0
0
0
0
0
0
0
0
0
0.02985889032028067
0
0
0
0
0
0
0
0
0
0
0
0
0
0
0
0
0
0
0
0
0
0
0.0
0
0
0
0
0
0
0.027347837804325984
0
0
0
0
0
0
0
0
0.0
0.01612660691057042
0
0
0.008520022405708257
0
0
0
0
0.14846052068585483
0
0
0
0
0
0.2497411467151715
0
0
0
0.3433940767333608
0
0.027347837804325984
0
0
0
0
0.026114249962481358
0.026631458818469154
0
0.021502142547427227
0
0
0
0
0
0
0
0
0
0
0
0.02046657206568282
0
0
0
0
0
0
0
0
0
0
0
0
0
0
0
0
0
0
0.027347837804325984
0
0
0
0
0
0
0
0
0
0
0
0
0
0.008520022405708257
0
0
0.023232678493999664
0
0
0.019271093679421872
0
0.02100162962599431
0
0
0
0
0
0
0.013895558042565065
0
0
0
0
0
0
0
0
0
0
0
0
0
0
0
0
0
0
0
0
0
0.0
0
0
0
0
0
0
0.01612660691057042
0
0
0
0
0
0
0
0
0
0
0
0
0.03018207285765203
0
0
0
0
0
0
0
0.039783691153815595
0.018596297949254017
0
0
0
0
0
0
0.017857142857142856
0
0
0
0
0
0
0
0
0
0
0
0
0
0
0
0.0
0
0
0.010751071273713613
0
0
0.023971833586110824
0.039783691153815595
0.20665156422191797
0
0
0
0
0.0885649560951077
0
0
0
0
0
0
0
0
0
0
0
0
0
0
0
0
0
0
0
0
0
0.14760826015851283
0.005375535636856807
0.08957667096084201
0
0
0
0
0
0
0.010751071273713613
0
0
0
0
0
0
0
0
0.04200325925198862
0
0
0
0
0.04093314413136564
0
0
0
0
0
0
0
0
0
1.0776724185004931
0
0
0
0.01612660691057042
0
0
0
0
0
0
0
0
0
0
0
0
0
0
0
0
0
0
0
0
0
0
0
0
0
0
0
0.0
0
0
0.005375535636856807
0
0
0
0
0
0
0
0.01248160722028605
0
0
0
0.0
0
0
0
0
0
0.12135500030971562
0
0
0
0
0.02431656850031416
0
0
0
0
0
0
0
0
0.02779111608513013
0
0
0
0.055145287298224134
0
0
0
0
0
0
0.15011082476567741
0
0
0
0
0
0
0
0
0
0
0
0
0
0
0
0
0
0
0
0
0
0
0.05357142857142857
0
0
0
0
0
0
0
0
0
0
0
0
0
0
0
0
0
0
0
0.017040044811416515
0
0
0
0
0
0
0.03225321382114084
0
0
0
0
0
0
0
0
0
0
0
0
0
0
0
0
0.0
0.0
0.01612660691057042
0
0
0
0
0
0
0
0.028210421368157323
0
0
0
0
0
0
0
0
0
0
0
0.01248160722028605
0
0
0
0
0
0
0
0
0
0
0
0
0
0
0.0
0.026877678184284038
0
0
0
0
0
0
0
0.0
0
0
0
0
0
0
0
0
0
0
0.01248160722028605
0
0.010751071273713613
0
0
0
0
0
0
0.02046657206568282
0
0
0
0
0
0
0.010751071273713613
0
0
0
0
0
0
0
0
0
0
0
0
0
0
0
0.025560067217124775
0
0
0
0
0
0
0
0
0
0.026631458818469154
0
0.10550866105140445
0
0
0.029347369222967632
0
0
0
0
0
0
0
0
0.37293486203448084
0
0
0
0
0
0
0
0.04794366717222165
0
0
0
0
0
0
0
0
0
0
0
0
0.15978875291081493
0.022415580448273322
0.008520022405708257
0
0
0
0
0
0
0
0
0.005375535636856807
0.26252171607529073
0
0.07989437645540746
0
0
0
0
0
0
0
0
0
0
0
0
0
0
0
0
0
0
0
0
0
0
0
0
0
0
0
0
0
0.0
0
0
0
0
0
0.017857142857142856
0
0
0
0
0
0
0.027572643649112067
0
0
0
0
0
0
0
0
0.028210421368157323
0
0
0
0
0.010751071273713613
0
0
0
0
0.023232678493999664
0
0
0
0
0
0
0
0.005375535636856807
0
0
0
0
0
0
0.15246162286588716
0
0
0
0
0
0
0
0
0.05971778064056134
0
0
0
0
0
0
0
0
0
0.02431656850031416
0
0
0
0
0
0
0
0
0
0
0
0.021502142547427227
0
0
0
0
0
0
0
0
0.021502142547427227
0
0
0
0.005375535636856807
0
0
0.0
0
0
0
0
0
0
0
0
0
0
0
0
0
0
0.026877678184284038
0
0
0
0
0
0
0
0
0
0
0
0
0
0
0
0
0
0
0
0
0
0
0
0
0
0
0
0.023611058834534272
0
0
0
0
0
0
0
0
0
0
0
0
0
0
0
0
0.04093314413136564
0
0
0
0
0
0
0
0
0
0
0
0
0
0
0.13895558042565065
0
0
0
0
0
0
0
0
0
0
0
0
0
0
0
0
0
0
0
0
0
0.0
0.013895558042565065
0
0
0
0
0
0.017040044811416515
0
0
0
0
0
0
0
0
0
0
0.005375535636856807
0
0
0
0
0
0
0
0
0
0.018596297949254017
0
0
0
0
0
0
0
0
0
0
0
0
0
0
0
0
0
0
0
0
0
0
0
0
0.008520022405708257
0
0
0
0
0
0.0
0
0
0
0
0
0.026631458818469154
0
0
0
0
0
0
0
0
0
0
0
0
0
0
0
0
0
0
0
0
0
0
0
0
0
0
0.01612660691057042
0
0
0
0
0
0
0
0
0
0
0
0
0
0
0
0
0
0
0
0
0
0
0
0
0.005375535636856807
0
0
0
0
0
0
0
0
0
0
0
0
0
0
0
0
0
0.013895558042565065
0
0
0
0
0
0
0
0
0
0
0
0
0.005375535636856807
0
0
0
0
0
0
0
0
0
0
0
0
0
0
0
0
0
0
0
0
0
0.01248160722028605
0
0
0.019891845576907798
0
0
0
0
0
0
0
0
0
0
0.0
0
0
0
0
0
0.08695978341417324
0
0.02584210770253963
0.021502142547427227
0
0
0
0
0
0.08401080664644617
0
0
0
0
0
0
0
0
0.09006649485940646
0
0
0
0
0
0
0
0
0
0
0
0
0
0
0
0
0
0
0
0
0
0
0
0
0
0
0
0
0
0
0
0
0
0
0
0
0
0
0
0.023232678493999664
0
0
0
0
0
0
0
0
0.017040044811416515
0
0
0
0
0
0
0
0
0
0
0
0.017040044811416515
0
0.02584210770253963
0
0
0
0.028608214130856475
0
0
0
0
0
0
0
0.053755356368568076
0
0
0.013895558042565065
0
0
0
0
0
0
0
0
0
0
0
0
0.02046657206568282
0
0
0
0
0.03408008962283303
0
0
0.05168421540507926
0
0
0
0
0
0
0.025267381213764605
0
0
0
0
0
0
0
0
0
0
0
0.14205933991308028
0
0
0
0
0
0
0
0
0
0
0
0
0
0
0
0
0
0.008520022405708257
0
0
0.017040044811416515
0
0
0
0
0
0
0
0
0
0
0
0
0
0
0
0
0
0
0.09006649485940646
0
0
0
0
0
0
0
0
0
0
0
0.024646629316278677
0.028799711727138133
0.019891845576907798
0
0.10846528141984911
0
0
0
0
0
0
0
0
0
0
0
0
0
0
0
0
0
0
0
0
0
0
0.047222117669068545
0
0
0
0
0
0.06450642764228168
0
0
0
0
0
0
0
0
0
0
0.019271093679421872
0
0
0
0
0
0
0
0
0
0.0
0
0
0
0
0
0.017040044811416515
0
0
0
0
0
0
0
0
0
0
0.025560067217124775
0
0
0
0
0
0
0
0
0
0
0
0
0
0
0
0
0
0
0
0.029692104137170966
0
0
0
0
0
0
0
0.24862324135632055
0
0
0.05112013443424955
0
0
0
0
0
0
0.0
0
0
0
0
0
0
0
0
0
0
0
0
0
0
0
0
0
0
0
0
0
0
0
0.02431656850031416
0
0.0
0
0
0
0
0
0
0
0
0
0
0
0.013895558042565065
0
0
0
0
0
0
0
0
0
0
0
0
0
0
0
0
0
0
0
0
0
0
0.005375535636856807
0
0
0
0
0
0
0
0
0
0
0
0
0
0
0
0
0
0
0
0
0
0
0
0
0
0
0
0
0
0
0
0
0
0.01612660691057042
0
0.05326291763693831
0
0
0
0
0.028608214130856475
0
0
0.02584210770253963
0
0
0
0.010751071273713613
0
0
0
0
0
0
0
0.14584539781960595
0
0
0
0
0
0
0
0
0
0
0
0
0
0
0
0
0
0
0
0
0.07393988794883603
0
0
0.053755356368568076
0
0
0.008520022405708257
0
0
0
0.028799711727138133
0
0
0.02779111608513013
0
0
0
0
0
0.018596297949254017
0
0
0
0
0
0
0
0
0
0
0
0
0
0
0
0
0.019271093679421872
0
0
0
0.013895558042565065
0
0
0
0
0
0
0
0
0
0
0
0
0
0
0
0
0
0
0
0
0
0
0
0
0
0
0
0.09192875055186425
0
0
0
0
0
0
0
0
0
0
0
0
0.005375535636856807
0
0
0
0
0
0.0
0
0
0.0
0
0
0
0
0
0
0
0
0
0
0
0
0
0
0
0
0
0
0
0
0
0
0
0.015091036428826015
0
0
0
0
0
0
0
0
0.026377165262851113
0
0
0
0
0
0.030022164953135484
0
0
0
0
0
0
0.022415580448273322
0
0
0
0
0
0
0
0
0
0
0.019271093679421872
0
0
0
0
0
0.03018207285765203
0.22181966384650809
0
0
0
0
0
0
0
0
0
0
0
0
0
0
0
0
0
0
0
0
0
0
0
0
0
0
0
0.026877678184284038
0
0
0
0.5619175801091358
0
0
0
0
0
0
0
0
0
0
0
0
0
0
0
0
0
0
0
0
0
0.23039769381710506
0.015091036428826015
0
0
0
0.021502142547427227
0
0
0
0
0
0
0
0
0.025560067217124775
0
0
0
0.005375535636856807
0
0
0
0
0
0
0
0
0
0
0.005375535636856807
0
0
0
0
0
0
0
0.023232678493999664
0
0
0
0
0.019271093679421872
0
0
0
0
0
0
0
0.05682373596523211
0
0
0
0.6466034511002959
0
0
0
0
0
0
0
0.08523560394784817
0
0
0
0
0
0
0.027116320354962278
0
0
0
0
0
0.18646743101724042
0
0
0
0
0
0
0
0
0
0
0
0
0
0
0
0
0
0
0
0
0
0
0
0
0
0
0
0
0
0.061871205707963166
0
0
0
0
0
0
0
0
0
0.015091036428826015
0
0
0
0
0
0
0
0
0
0
0.024646629316278677
0
0
0.013895558042565065
0.021502142547427227
0
0
0
0
0
0
0
0
0
0
0
0
0
0
0
0
0
0
0
0
0
0
0
0
0.0
0
0
0
0
0
0
0
0
0.01248160722028605
0
0
0
0
0
0
0.04794366717222165
0
0
0
0
0
0
0
0
0.04863313700062832
0
0
0
0
0
0
0
0
0
0.026877678184284038
0
0
0.015091036428826015
0
0
0
0
0
0
0
0
0
0
0
0
0
0
0
0
0
0
0
0
0
0
0
0
0
0
0
0
0
0
0
0
0
0
0
0.022834885731300516
0
0
0.018596297949254017
0.01248160722028605
0
0
0
0
0
0
0
0
0
0
0
0
0
0
0
0
0
0
0
0
0
0
0
0
0
0
0
0
0
0
0
0
0
0
0
0
0
0
0
0.02100162962599431
0
0
0
0
0
0
0.5515725033111855
0
0
0
0
0
0
0
0
0
0
0
0.01612660691057042
0
0
0
0.005375535636856807
0
0.028003602215482055
0
0.01248160722028605
0
0
0.043004285094854454
0
0
0
0
0
0
0
0
0
0
0
0.047222117669068545
0
0
0
0
0
0
0
0
0
0
0
0
0
0
0
0
0
0
0.027572643649112067
0.017040044811416515
0
0
0.029347369222967632
0
0
0
0
0
0
0
0.017040044811416515
0
0
0
0
0
0
0
0.04863313700062832
0
0
0
0
0
0
0
0
0
0
0
0.3746117200727572
0
0.0
0
0
0
0
0
0
0.008520022405708257
0.01248160722028605
0
0.06128583370124283
0
0
0
0
0
0
0
0
0
0
0
0.08337334825539039
0
0
0
0
0
0
0
0
0
0
0
0
0
0.0998528577622884
0
0
0.02898659447139108
0
0
0
0
0
0
0
0
0
0
0
0
0
0
0
0.027347837804325984
0
0
0
0
0
0.015091036428826015
0
0
0
0
0
0
0
0
0
0
0
0
0
0
0
0
0
0
0
0
0
0.027347837804325984
0.02898659447139108
0.019891845576907798
0.026877678184284038
0
0
0
0
0
0.027347837804325984
0.02046657206568282
0
0
0
0
0
0.06450642764228168
0
0
0
0
0
0.02100162962599431
0
0
0
0
0
0
0
0
0
0
0
0
0
0
0
0
0
0
0
0
0
0
0
0
0
0
0
0
0
0
0
0.027572643649112067
0
0
0
0
0
0.008520022405708257
0
0.02100162962599431
0.021972302167469177
0
0
0
0
0
0
0
0
0
0
0
0
0
0
0
0
0
0
0
0
0
0
0
0
0
0
0
0
0
0.11876841654868386
0
0
0
0
0
0
0
0
0
0
0
0.0
0.021502142547427227
0
0
0
0
0
0.12135500030971562
0
0
0
0
0
0
0
0
0
0
0
0
0
0
0
0
0
0
0
0.010751071273713613
0
0
0
0
0
0
0
0.019891845576907798
0
0
0
0
0
0
0
0
0
0
0
0
0
0
0
0
0
0
0
0
0
0
0
0.07393988794883603
0
0.6243528667879288
0
0
0
0.019271093679421872
0
0.02779111608513013
0.013895558042565065
0
0
0.015091036428826015
0
0
0
0
0
0
0
0
0
0
0
0
0
0
0
0
0
0
0
0.1829539474390646
0
0
0
0
0
0
0.017857142857142856
0
0
0
0
0
0
0
0
0
0
0
0
0
0.015091036428826015
0
0
0
0
0
0
0.008520022405708257
0
0
0
0.06215581033908014
0.05721642826171295
0
0
0
0
0
0
0
0
0
0.05904330406340513
0
0
0
0
0
0
0
0
0
0
0.022415580448273322
0
0
0.022834885731300516
0
0.025267381213764605
0
0
0
0
0
0
0
0
0
0
0
0.028799711727138133
0
0
0
0.04863313700062832
0
0
0
0
0
0
0
0
0
0
0.019271093679421872
0
0
0.03408008962283303
0
0
0
0
0.02046657206568282
0
0
0
0
0
0
0
0
0.025267381213764605
0.008520022405708257
0.023611058834534272
0.03018207285765203
0
0
0
0
0
0
0.05578889384776205
0
0
0
0
0
0
0
0
0
0
0
0
0.268730012882526
0
0
0
0.008520022405708257
0
0
0
0.015091036428826015
0
0
0
0
0
0
0
0
0
0
0
0
0
0.022415580448273322
0
0
0
0
0
0
0
0
0.08401080664644617
0
0.019891845576907798
0
0
0
0
0
0
0
0
0
0
0
0
0
0
0
0.18013298971881292
0
0
0.02431656850031416
0
0
0
0
0
0
0
0
0
0
0.010751071273713613
0
0
0
0
0
0.24613054023893385
0.023232678493999664
0
0
0
0
0
0
0
0
0.09280680856194475
0
0
0
0
0
0
0
0
0
0
0.015091036428826015
0
0
0
0
0
0
0.015091036428826015
0
0
0
0
0
0.07913149578855334
0
0.025560067217124775
0
0
0.01612660691057042
0
0
0
0
0
0
0
0
0
0.0
0
0
0
0.055145287298224134
0
0
0.029692104137170966
0
0
0
0
0
0
0
0
0.026114249962481358
0
0
0
0
0
0
0
0
0
0
0
0
0
0
0
0
0
0
0
0
0
0
0
0
0
0.0
0
0
0
0
0
0
0
0
0
0
0
0
0
0
0
0
0
0
0.019891845576907798
0
0
0
0
0
0
0
0
0
0.1856136171238895
0
0
0
0
0
0
0
0
0
0
0
0
0
0
0
0
0
0
0
0
0
0
0
0
0.030492324573177434
0
0
0
0
0
0
0
0
0
0
0.0
0
0
0
0
0
0
0
0
0
0
0
0.11364747193046422
0
0
0
0
0
0.005375535636856807
0
0
0
0
0
0
0
0
0
0
0
0
0
0.11943556128112268
0
0
0
0
0
0
0
0
0
0
0
0
0
0
0.018596297949254017
0
0
0
0.052228499924962715
0.02100162962599431
0
0
0
0
0
0
0
0
0
0
0
0
0
0.0
0
0.010751071273713613
0
0
0
0.04093314413136564
0
0
0.038542187358843745
0
0
0
0
0.0
0
0
0
0
0
0
0
0
0
0.028003602215482055
0
0
0
0
0
0
0
0
0
0
0.017040044811416515
0
0
0
0.21344627201224203
0
0
0
0
0
0
0
0
0
0
0
0
0
0
0
0
0
0
0
0
0
0
0
0
0
0
0
0
0
0
0
0
0
0
0
0
0
0
0
0
0
0
0
0
0
0
0.02100162962599431
0
0
0
0.08695978341417324
0
0
0
0
0
0
0
0
0
0
0
0
0.46403404280972377
0
0
0
0
0
0.11808660812681027
0
0
0
0
0
0
0
0
0
0
0
0
0
0
0
0
0
0
0
0
0
0
0
0
0.010751071273713613
0
0.02100162962599431
0
0
0
0.0
0
0
0.0863991351814144
0.06215581033908014
0.01612660691057042
0
0
0
0
0
0
0
0
0
0
0
0
0
0.06128583370124283
0
0
0
0
0
0
0
0
0
0
0
0
0
0
0
0
0.10939135121730394
0
0
0
0
0
0
0
0
0
0
0
0
0
0.010751071273713613
0
0
0
0
0
0
0
0
0
0
0
0
0
0
0.18013298971881292
0
0.27578625165559273
0
0
0
0
0
0
0
0
0
0.0
0
0
0
0
0
0
0
0
0
0
0
0
0
0
0
0
0
0
0
0
0
0
0
0
0
0.2809587900545679
0
0.028210421368157323
0
0
0
0.057599423454276266
0
0.15246162286588716
0
0
0
0
0.07580214364129381
0
0.010751071273713613
0
0
0
0
0
0.023232678493999664
0.1449329723569554
0.05600720443096411
0
0
0
0
0
0
0
0
0
0
0
0
0
0
0
0
0
0
0
0
0
0
0
0
0
0
0
0.01248160722028605
0
0
0
0
0
0.14105210684078662
0.07668020165137432
0.022415580448273322
0
0
0
0
0
0
0
0
0
0
0
0
0
0
0
0
0
0
0
0
0
0.3746117200727572
0
0
0.2771157647572697
0
0
0.05558223217026026
0.01248160722028605
0
0
0.005375535636856807
0
0
0
0
0
0.026114249962481358
0.025560067217124775
0
0
0
0.010751071273713613
0
0
0
0
0
0
0
0
0
0
0.40027832687161174
0
0
0.05326291763693831
0
0
0
0
0
0
0
0.019271093679421872
0
0
0
0.0914769737195323
0
0
0
0
0
0.6555705101273251
0
0
0
0
0.21654921997787108
0
0
0
0
0
0
0
0
0
0
0
0
0
0
0
0
0.019891845576907798
0
0
0
0
0
0.12072829143060812
0.008520022405708257
0
0
0
0
0
0
0
0
0
0
0
0
0
0
0
0
0.005375535636856807
0
0
0
0
0
0
0
0
0
0.026877678184284038
0.01248160722028605
0
0.005375535636856807
0
0
0
0
0
0
0
0
0
0
0.08400651850397724
0
0
0
0
0
0
0
0
0
0
0
0
0
0
0
0
0
0
0
0
0
0
0
0.04863313700062832
0
0
0
0
0
0
0.010751071273713613
0
0
0
0
0
0
0
0
0
0
0
0
0.027116320354962278
0
0
0
0
0
0
0
0
0
0
0
0
0
0
0
0
0
0
0
0.054232640709924555
0
0.02584210770253963
0
0
0.023971833586110824
0
0
0
0
0
0
0
0.010751071273713613
0
0
0
0
0
0
0.2809587900545679
0
0.4649132426735417
0.0
0
0
0
0.01248160722028605
0
0
0
0
0
0.0
0
0
0
0
0
0
0
0
0
0
0
0
0
0
0
0
0
0
0
0
0
0
0
0
0
0
0
0
0
0
0
0.05168421540507926
0
0
0
0
0
0
0
0
0
0
0
0
0
0
0
0
0
0
0
0
0
0
0
0.0
0
0
0.030022164953135484
0
0
0
0
0
0
0
0
0
0.023232678493999664
0
0
0
0
0
0
0
0
0
0
0
0
0
0
0
0
0.005375535636856807
0
0
0
0
0
0
0
0
0
0.07393988794883603
0
0
0.029347369222967632
0
0
0
0.05558223217026026
0
0
0
0
0
0
0
0
0
0
0
0
0
0
0
0
0
0
0
0
0
0.01612660691057042
0
0
0
0
0.021502142547427227
0
0
0
0
0
0.16674669651078078
0
0
0
0
0
0
0
0
0
0
0
0.0
0
0
0
0
0
0
0
0
0
0
0
0
0
0
0
0
0
0
0
0
0
0
0
0
0
0
0
0
0
0
0
0
0
0
0
0
0
0
0.12257166740248567
0
0
0
0
0
0
0
0
0
0
0
0
0
0
0
0
0
0
0
0
0
0
0
0
0
0
0
0
0.018596297949254017
0
0
0
0
0
0
0
0.026114249962481358
0
0.04837982073171126
0
0
0
0
0
0
0
0
0
0
0
0
0
0
0
0
0
0
0
0
0
0.015091036428826015
0.0
0
0
0
0
0.02431656850031416
0
0
0
0
0
0
0
0
0.01248160722028605
0
0
0
0
0
0
0
0
0
0
0
0
0
0
0
0
0
0
0
0
0
0
0
0.03571428571428571
0
0
0
0.04646535698799933
0.028411867982616055
0.02100162962599431
0
0
0
0
0
0
0
0
0.022415580448273322
0
0
0.008520022405708257
0
0
0
0
0
0
0
0
0.14205933991308028
0
0.010751071273713613
0
0
0
0
0
0
0
0
0
0
0
0
0
0
0
0
0
0
0.008520022405708257
0
0
0
0
0
0
0.06158128105717104
0
0
0
0
0
0
0
0
0
0
0
0
0
0
0
0
0
0
0
0
0
0
0
0
0
0
0
0
0
0
0.0
0
0
0
0
0
0
0
0
0
0.021972302167469177
0
0
0
0
0
0
0
0
0
0
0
0
0
0
0
0
0.008520022405708257
0
0
0
0
0
0
0
0
0
0.021972302167469177
0
0
0
0
0
0.02898659447139108
0
0
0
0
0
0
0.017040044811416515
0
0.027116320354962278
0
0
0
0
0
0
0
0
0
0
0
0
0
0
0
0
0
0
0
0
0.04394460433493835
0
0.022415580448273322
0
0
0
0
0
0
0
0
0
0
0
0
0
0
0
0
0
0
0
0.019891845576907798
0
0
0
0
0
0
0
0
0
0
0
0
0
0.019271093679421872
0
0
0
0
0
0
0
0
0.026631458818469154
0
0
0
0
0
0
0
0
0
0
0
0
0
0
0
0
0
0
0
0.028411867982616055
0
0
0
0
0
0
0
0.018596297949254017
0
0
0
0.01612660691057042
0.0
0
0
0
0
0
0.017857142857142856
0.023971833586110824
0
0
0
0
0
0
0
0
0
0
0
0
0
0
0
0
0
0
0
0
0.030935602853981583
0
0
0
0
0
0
0.008520022405708257
0
0
0
0
0
0
0
0
0
0
0
0
0
0
0
0
0
0
0
0
0
0
0
0
0.027116320354962278
0
0
0
0.013895558042565065
0.027572643649112067
0
0
0
0
0
0.04200325925198862
0
0
0
0
0
0
0
0
0
0
0
0
0
0
0
0
0
0
0
0
0
0
0
0
0
0
0
0
0
0
0
0
0
0
0
0
0
0
0
0
0
0
0
0
0
0
0
0
0
0.021502142547427227
0
0
0
0.04200325925198862
0
0
0
0
0
0
0
0.021502142547427227
0
0
0
0
0
0
0
0
0
0
0
0
0
0
0
0
0
0
0
0
0
0.01248160722028605
0
0
0.005375535636856807
0
0
0.0
0
0
0
0
0
0
0.015091036428826015
0
0
0
0
0
0
0
0
0
0.005375535636856807
0
0
0
0
0
0
0.026114249962481358
0
0.06004432990627097
0
0
0
0
0
0
0
0
0
0
0
0.039783691153815595
0
0
0
0
0
0
0
0
0
0
0
0
0
0
0
0
0
0
0.013895558042565065
0
0
0
0
0
0
0
0
0
0
0
0.017040044811416515
0
0
0
0
0
0
0
0
0
0
0
0
0
0
0.025560067217124775
0
0
0
0
0
0
0
0.023232678493999664
0
0
0
0.4370470067515501
0
0
0
0
0
0
0
0
0
0
0
0.15011082476567741
0
0
0
0.08063303455285212
0.0
0.16802161329289234
0
0
0
0
0.09133954292520206
0
0
0.028608214130856475
0
0.02046657206568282
0.017857142857142856
0.02046657206568282
0
0
0
0
0
0
0
0
0
0
0
0.028210421368157323
0
0
0
0.02985889032028067
0.02431656850031416
0
0
0
0
0.10751071273713614
0.0
0
0
0
0
0
0
0
0
0
0.08957667096084201
0
0
0
0
0
0
0
0
0
0
0
0
0
0
0
0
0
0
0
0.03018207285765203
0
0
0
0
0
0
0
0.02584210770253963
0
0.17391956682834647
0
0
0
0.025560067217124775
0
0
0
0.05904330406340513
0.025267381213764605
0
0
0.023232678493999664
0.008520022405708257
0
0
0
0
0.028003602215482055
0
0
0
0
0
0
0
0.03571428571428571
0
0
0
0
0.01248160722028605
0
0
0
0
0
0
0
0.039783691153815595
0
0
0
0
0
0
0
0
0
0
0
0.017857142857142856
0
0
0
0
0.047222117669068545
0
0
0
0.02100162962599431
0
0
0.0
0
0
0
0
0
0
0
0
0
0
0.010751071273713613
0
0
0
0
0
0
0
0
0.023232678493999664
0
0
0
0
0
0
0.8080255344080418
0
0
0
0
0
0
0
0
0
0
0
0
0
0
0
0
0
0
0
0
0.008520022405708257
0.024646629316278677
0.028210421368157323
0
0
0.052228499924962715
0
0
0
0
0
0
0
0
0
0
0
0
0
0
0
0
0
0
0
0
0
0
0
0
0
0
0
0
0
0
0
0
0
0.025267381213764605
0
0
0
0
0
0
0
0.06004432990627097
0
0
0
0
0
0
0
0
0
0
0
0
0
0
0
0
0
0
0
0
0
0
0
0
0
0
0
0
0
0
0
0
0
0
0
0
0
0.005375535636856807
0
0
0
0
0
0
0.0
0.026877678184284038
0
0
0
0
0
0
0
0
0
0
0
0
0
0
0
0
0
0.005375535636856807
0.005375535636856807
0
0
0
0
0
0
0
0.017857142857142856
0
0
0
0
0
0
0
0
0
0
0
0
0
0
0.022834885731300516
0
0
0
0
0
0
0
0
0
0
0
0
0
0
0
0
0
0
0
0
0
0
0
0
0.021502142547427227
0.04646535698799933
0
0.11667631825568477
0
0.017040044811416515
0
0
0.04646535698799933
0.005375535636856807
0
0
0
0
0
0
0
0
0
0
0
0
0
0
0
0
0
0
0
0
0
0
0
0
0
0
0
0
0
0
0
0
0
0
0
0
0
0
0.017857142857142856
0
0
0
0
0
0
0
0
0
0
0.015091036428826015
0
0
0.02431656850031416
0
0
0
0.01248160722028605
0
0
0
0
0
0
0
0
0.43509067237356097
0
0
0
0
0
0
0
0
0
0
0
0
0
0
0
0
0
0
0
0
0
0
0
0
0
0
0
0
0
0
0
0
0
0
0
0
0
0.019271093679421872
0
0
0
0
0
0
0
0
0
0
0
0
0
0
0
0
0
0
0
0.010751071273713613
0
0
0
0
0
0
0
0
0
0
0
0
0
0
0
0.02100162962599431
0
0
0
0
0
0
0
0
0
0
0
0
0
0
0
0
0
0
0
0
0
0
0
0
0
0
0
0
0
0.06450642764228168
0
0
0
0
0
0
0
0.024646629316278677
0
0
0
0
0
0
0
0
0
0
0
0
0
0
0
0
0
0
0
0
0.15091036428826016
0
0
0
0
0.0249632144405721
0
0
0
0
0
0
0
0
0
0
0
0
0
0
0
0
0
0
0
0
0
0
0
0
0.0
0
0
0
0
0
0
0
0
0
0
0
0
0
0
0
0
0
0
0
0.010751071273713613
0
0.022834885731300516
0.05904330406340513
0
0
0
0.12316256211434208
0
0
0
0
0
0.030492324573177434
0
0
0.024646629316278677
0
0
0
0
0.025267381213764605
0
0
0
0
0
0
0
0
0
0
0
0
0
0
0
0
0.029521652031702567
0
0
0
0
0
0
0.01612660691057042
0
0
0
0.0
0
0
0
0
0
0
0.0
0.008520022405708257
0
0
0
0.04794366717222165
0
0
0
0
0
0
0
0
0
0
0
0
0
0
0
0
0
0.0499264288811442
0
0
0
0
0
0
0.028608214130856475
0
0.008520022405708257
0
0
0
0
0
0.04837982073171126
0
0.1838575011037285
0.030022164953135484
0
0
0
0.5619175801091358
0
0.021972302167469177
0.15538952584770035
0
0.09280680856194475
0
0
0.029521652031702567
0.06036414571530406
0
0
0.12135500030971562
0.21553448370009864
0
0
0.02584210770253963
0
0.021502142547427227
0
0
0
0.6555705101273251
0
0.18474384317151313
0
0
0.05600720443096411
0
0.021502142547427227
0
0.010751071273713613
0
0
0
0
0
0
0
0
0.06004432990627097
0
0
0
0
0
0
0
0
0
0
0
0
0.15538952584770035
0
0
0
0
0
0.0
0
0
0
0.0885649560951077
0.12196929829270974
0
0
0
0
0
0
0
0
0
0
0
0
0
0
0.027347837804325984
0
0
0
0
0
0
0
0
0
0
0
0
0.024646629316278677
0
0.023232678493999664
0
0
0
0
0
0
0
0
0
0
0
0
0
0
0
0
0
0
0.029692104137170966
0
0
0
0
0
0
0
0
0
0
0
0
0
0
0
0
0
0
0
0
0
0
0
0
0
0
0
0
0
0
0
0
0
0
0
0
0.013895558042565065
0
0
0
0.01612660691057042
0
0
0
0
0
0
0
0
0
0
0
0
0
0
0
0
0
0
0
0
0
0
0
0.05971778064056134
0
0
0
0.025560067217124775
0
0
0
0
0
0
0
0
0
0
0
0.026377165262851113
0
0.06591690650240753
0
0
0
0
0
0
0
0
0
0
0.07913149578855334
0
0.15538952584770035
0
0.043004285094854454
0
0
0
0
0
0
0
0
0
0.01612660691057042
0
0
0
0
0
0
0
0
0
0.15091036428826016
0
0
0
0
0
0
0
0
0
0
0
0
0
0
0
0
0
0
0
0
0.019271093679421872
0
0
0
0
0
0
0
0
0
0
0
0
0
0
0
0
0.0914769737195323
0.017857142857142856
0
0
0
0
0
0
0
0.022834885731300516
0
0
0
0
0
0
0
0
0.0
0
0
0
0
0
0
0
0
0
0
0.0
0
0
0
0
0
0
0
0
0.010751071273713613
0
0
0
0
0.025267381213764605
0.0
0
0
0
0
0
0.017040044811416515
0
0
0
0
0
0.05326291763693831
0
0
0
0.019891845576907798
0
0
0
0
0
0
0
0
0.013895558042565065
0
0
0
0
0
0
0.047222117669068545
0
0
0
0
0
0
0
0
0
0
0
0
0
0
0
0
0
0
0.11594637788556432
0
0
0.023971833586110824
0
0
0
0
0
0
0
0
0
0
0
0
0
0
0
0
0
0
0
0
0
0
0
0
0.015091036428826015
0.026631458818469154
0.044831160896546644
0
0
0
0
0
0
0.04394460433493835
0
0
0
0
0
0
0.017040044811416515
0
0
0
0
0
0
0
0
0
0.02898659447139108
0
0
0.047222117669068545
0
0
0
0.3370720853568356
0
0
0.0499264288811442
0
0
0
0
0
0
0
0
0.005375535636856807
0
0
0.028608214130856475
0.0
0.27842042568583425
0
0
0
0
0
0
0
0
0
0
0
0
0
0
0
0
0
0
0.028608214130856475
0
0
0
0
0
0
0
0
0
0
0
0
0
0
0
0
0
0.02985889032028067
0
0
0
0
0
0
0
0
0
0
0
0
0
0
0
0
0
0
0
0
0
0
0
0.022834885731300516
0.11808660812681027
0
0
0
0
0
0.21553448370009864
0
0
0.06067750015485781
0
0.05721642826171295
0
0
0.04566977146260103
0.028799711727138133
0.027572643649112067
0
0.02779111608513013
0
0.3746117200727572
0
0
0.026377165262851113
0
0
0
0.08523560394784817
0
0.0
0
0
0
0
0
0
0
0
0
0.8428763701637039
0
0
0
0
0
0
0
0
0
0
0
0
0
0
0
0
0
0.3121764333939644
0
0
0
0
0.023232678493999664
0
0
0
0
0
0
0
0
0
0.022415580448273322
0
0
0.029347369222967632
0.09006649485940646
0
0
0
0
0.06098464914635487
0
0
0
0
0
0
0
0
0.010751071273713613
0.02898659447139108
0
0
0.01612660691057042
0.005375535636856807
0
0
0
0
0
0
0
0
0
0
0
0
0
0
0
0
0.030492324573177434
0
0
0
0
0
0
0
0.021972302167469177
0.05168421540507926
0.02584210770253963
0.4040127672040209
0.027347837804325984
0
0
0.030492324573177434
0
0
0
0
0
0
0.01248160722028605
0.06450642764228168
0
0
