0
0
0
0
0
0
0
0
0
0
0
0
0
0
0
0
0
0
0
0
0
0
0
0
0
0
0
0
0.019271093679421872
0
0
0
0
0
0
0
0.010751071273713613
0
0
0
0
0
0
0
0
0
0
0
0
0
0
0
0.01248160722028605
0
0
0
0
0
0
0.019891845576907798
0
0
0
0
0
0
0
0
0
0
0
0
0
0.021972302167469177
0
0
0
0
0
0
0
0.008520022405708257
0
0
0
0
0
0
0
0
0
0.017857142857142856
0
0
0
0
0
0
0
0
0
0
0.018596297949254017
0
0
0
0
0
0
0
0
0
0
0
0
0
0
0
0
0.021972302167469177
0.015091036428826015
0
0
0
0
0
0
0
0
0.013895558042565065
0
0
0
0
0
0.005375535636856807
0
0
0
0
0
0
0
0
0
0
0
0.005375535636856807
0
0
0
0
0
0
0
0.0249632144405721
0
0
0
0
0
0.008520022405708257
0
0
0
0
0
0
0
0
0
0
0
0
0
0
0
0
0.017040044811416515
0
0
0
0.02779111608513013
0
0
0.005375535636856807
0
0
0
0
0
0
0
0
0.02046657206568282
0
0
0
0
0
0
0
0
0
0
0
0
0
0
0
0
0
0.025267381213764605
0
0.022834885731300516
0.02431656850031416
0
0
0.018596297949254017
0
0
0
0
0
0
0
0
0.026114249962481358
0.010751071273713613
0
0
0
0.01612660691057042
0
0
0
0
0
0
0
0
0.02584210770253963
0.013895558042565065
0.019271093679421872
0
0
0
0
0
0
0
0
0
0.021502142547427227
0
0
0
0
0
0
0
0
0
0
0
0.01248160722028605
0.019271093679421872
0.017857142857142856
0
0
0
0
0
0
0
0
0
0
0
0
0
0.021502142547427227
0
0
0
0.018596297949254017
0
0
0.019891845576907798
0.018596297949254017
0.019891845576907798
0
0
0
0
0
0
0
0
0
0.010751071273713613
0
0
0
0
0
0
0
0
0.017857142857142856
0
0
0
0
0
0
0
0
0
0
0
0
0
0
0
0
0
0.08063303455285212
0
0.01612660691057042
0.013895558042565065
0
0
0
0
0
0
0
0
0
0
0
0
0
0
0
0
0
0
0
0
0
0
0.06158128105717104
0
0
0
0
0
0
0
0
0
0
0
0
0
0
0
0
0
0
0
0.027347837804325984
0
0
0.01612660691057042
0
0
0
0
0
0
0
0
0
0
0
0.0
0
0
0
0
0
0
0
0
0
0
0
0
0.0249632144405721
0
0
0
0
0
0
0
0
0
0
0
0.015091036428826015
0
0
0
0
0
0
0
0
0
0
0
0
0.028608214130856475
0
0
0
0
0
0
0
0
0
0.03225321382114084
0
0
0
0
0
0
0
0
0
0
0
0
0
0
0
0
0
0
0
0
0
0
0
0
0
0
0
0
0.021972302167469177
0
0.019271093679421872
0
0.13673918902162993
0.06067750015485781
0
0
0
0.21553448370009864
0
0.044831160896546644
0
0
0.026631458818469154
0
0
0
0
0
0.04929325863255735
0
0
0
0
0
0
0
0
0.013895558042565065
0.01248160722028605
0
0
0
0
0.02046657206568282
0
0
0
0
0
0
0
0
0.019271093679421872
0.008520022405708257
0
0
0
0
0
0
0
0
0
0
0.021502142547427227
0.021972302167469177
0
0
0
0.02046657206568282
0.4040127672040209
0
0
0
0
0
0
0
0.05326291763693831
0
0
0
0
0.05275433052570223
0.499482293430343
0.5283243878821812
0
0
0.019891845576907798
0
0
0
0.27970114652586064
0
0
0
0
0
0
0
0
0
0
0
0
0
0
0
0.021972302167469177
0
0
0
0.02046657206568282
0
0
0
0.14760826015851283
0
0
0
0
0
0
0
0
0.14399855863569067
0
0.02046657206568282
0.027116320354962278
0.0249632144405721
0
0
0
0
0
0
0
0
0
0
0
0
0
0
0
0
0
0
0
0
0
0
0.015091036428826015
0
0.027572643649112067
0
0
0
0
0
0
0
0
0
0
0
0
0
0.018596297949254017
0
0
0
0
0.013895558042565065
0
0.0
0.013895558042565065
0
0
0
0
0.05469567560865197
0
0
0.015091036428826015
0
0
0.005375535636856807
0
0.022415580448273322
0
0
0
0
0
0
0
0
0
0
0
0
0
0
0.052228499924962715
0
0
0
0
0
0
0
0
0.005375535636856807
0
0
0
0
0
0
0
0
0
0
0
0
0
0
0
0.013895558042565065
0
0
0
0
0
0
0
0
0
0
0
0
0
0
0
0
0
0
0
0
0
0
0
0
0
0
0
0
0
0
0
0
0
0
0
0
0.02046657206568282
0
0
0
0
0
0
0
0
0
0
0
0
0.0914769737195323
0
0
0.022834885731300516
0.01248160722028605
0
0
0
0
0
0
0
0
0
0
0
0.019271093679421872
0
0.023232678493999664
0
0
0.005375535636856807
0
0
0
0
0
0
0
0
0
0
0
0
0
0
0
0
0.017857142857142856
0
0
0.013895558042565065
0.008520022405708257
0
0
0
0
0.005375535636856807
0
0
0
0
0
0
0.02779111608513013
0
0.021972302167469177
0
0
0
0
0.024646629316278677
0
0
0
0
0
0
0.1856136171238895
0.09101625023228671
0
0
0.053755356368568076
0.024646629316278677
0
0
0
0
0
0
0
0.010751071273713613
0.14304107065428237
0
0
0
0.05053476242752921
0
0
0
0
0
0
0
0
0
0
0
0
0
0
0.024646629316278677
0
0
0
0
0
0.019891845576907798
0
0
0
0
0
0
0
0
0
0
0.05797318894278216
0
0
0
0
0
0
0
0
0.026877678184284038
0.023611058834534272
0.05326291763693831
0
0.2256833709452586
0.055145287298224134
0
0
0
0
0
0
0.015091036428826015
0
0
0
0
0
0
0
0
0
0
0
0
0
0.022415580448273322
0
0
0.005375535636856807
0.005375535636856807
0
0
0
0
0
0
0
0
0
0
0
0
0
0
0
0
0
0
0
0
0
0
0
0
0
0
0
0
0.04093314413136564
0.015091036428826015
0.015091036428826015
0
0
0
0
0
0
0
0
0
0
0
0
0.2898659447139108
0
0
0
0
0
0
0
0
0.017857142857142856
0
0
0
0
0
0
0
0
0
0
0
0
0
0
0
0
0
0
0
0
0
0
0
0
0
0
0
0
0
0
0
0
0
0
0
0
0
0
0
0
0
0
0
0.02985889032028067
0
0
0
0
0
0
0
0
0
0
0
0
0
0
0
0
0
0
0
0
0.01248160722028605
0
0
0
0.022834885731300516
0
0
0
0
0.027347837804325984
0
0
0
0
0
0
0
0
0
0
0
0
0.008520022405708257
0
0
0
0
0.1781526248230258
0
0
0
0.008520022405708257
0
0.12487057335758575
0
0
0
0.2809587900545679
0
0.05469567560865197
0
0
0
0.017040044811416515
0
0.07989437645540746
0
0
0
0
0
0
0
0
0
0
0
0
0
0
0
0
0
0
0
0
0
0
0
0
0
0
0
0
0
0.022415580448273322
0
0
0.05469567560865197
0
0
0
0
0
0
0
0
0
0
0
0.013895558042565065
0.01612660691057042
0
0
0
0.04646535698799933
0
0
0.019271093679421872
0
0.02100162962599431
0
0
0.019891845576907798
0
0
0
0
0
0
0
0
0
0
0
0
0
0
0
0
0
0
0
0
0
0
0
0
0
0
0
0
0
0
0
0
0.01612660691057042
0
0
0
0
0
0
0
0
0
0
0
0.05168421540507926
0.06036414571530406
0
0
0
0
0
0
0
0.019891845576907798
0.018596297949254017
0
0
0
0
0
0
0
0
0
0
0
0
0.01612660691057042
0.013895558042565065
0
0
0
0
0
0
0
0
0
0
0
0
0
0
0.023971833586110824
0
0.14760826015851283
0.022415580448273322
0.05642084273631465
0
0
0.05904330406340513
0
0
0
0
0
0
0
0
0
0
0
0
0
0.008520022405708257
0
0
0
0
0
0
0
0.14760826015851283
0
0.17915334192168403
0
0
0
0
0
0
0
0
0
0
0
0
0
0.026114249962481358
0
0
0
0
0
0
0
0
0
0.005375535636856807
0
0
0
0
0
0
0.5850221700431248
0
0.022415580448273322
0
0
0
0
0.01612660691057042
0
0
0
0
0
0
0
0
0
0
0
0
0
0
0
0
0
0
0
0
0
0
0
0
0
0
0
0
0.038542187358843745
0
0
0
0
0
0
0
0
0
0
0
0
0
0
0
0
0.12135500030971562
0.01248160722028605
0
0
0
0
0
0.010751071273713613
0
0
0
0
0
0
0
0
0
0
0.027572643649112067
0
0
0
0
0
0
0.09006649485940646
0
0
0.02779111608513013
0
0
0
0
0
0
0
0
0
0
0
0
0
0
0
0
0
0
0
0
0
0
0
0
0
0
0
0
0
0
0
0
0
0
0
0
0
0
0
0
0
0
0
0
0
0
0
0
0
0
0
0
0
0
0
0
0
0
0
0
0
0
0
0
0
0
0
0
0
0
0
0
0
0.05642084273631465
0.025267381213764605
0
0
0
0
0
0
0
0
0
0
0
0
0
0
0
0
0
0
0
0
0
0
0
0
0
0
0.026877678184284038
0
0
0
0
0
0
0
0
0
0
0
0
0
0
0
0
0
0
0
0
0
0
0
0
0
0
0
0
0
0
0
0
0
0
0.010751071273713613
0
0
0
0
0.015091036428826015
0.010751071273713613
0
0
0
0
0
0
0
0
0
0.025560067217124775
0
0
0
0
0
0
0
0
0
0.026631458818469154
0
0.026377165262851113
0.026631458818469154
0
0.029347369222967632
0
0
0
0
0
0
0
0.019271093679421872
0.7147918188994216
0
0
0
0
0
0.02584210770253963
0
0
0.015091036428826015
0
0
0
0
0
0
0
0.010751071273713613
0
0.01248160722028605
0.008520022405708257
0.05326291763693831
0
0
0
0
0
0
0
0
0
0
0
0.08750723869176358
0
0.13315729409234578
0
0
0
0
0
0
0
0
0
0
0
0
0
0
0
0
0
0
0
0
0
0
0
0
0.008520022405708257
0
0
0
0
0
0
0
0
0
0
0
0.038542187358843745
0
0
0
0.017040044811416515
0
0.055145287298224134
0
0
0
0
0
0
0
0
0.05642084273631465
0
0
0
0
0
0
0
0
0
0
0
0
0
0
0
0
0
0
0
0
0
0
0
0
0.2744309211585969
0
0
0
0
0
0
0.010751071273713613
0
0.3881655741636487
0.013895558042565065
0
0
0
0
0.07294970550094247
0.039783691153815595
0
0
0.04863313700062832
0
0.023971833586110824
0
0
0
0
0
0
0
0
0
0
0
0
0
0
0
0.022834885731300516
0.008520022405708257
0
0
0
0
0.008520022405708257
0
0
0.0
0
0
0
0
0
0
0
0
0
0
0
0
0
0
0
0.026877678184284038
0
0
0
0
0
0
0
0
0
0.024646629316278677
0
0
0
0
0
0
0
0
0
0
0
0
0
0
0
0
0
0
0
0
0
0
0
0
0
0.05168421540507926
0
0
0
0
0
0
0
0
0
0.0249632144405721
0.022834885731300516
0
0
0
0
0
0
0
0
0
0
0
0
0.02779111608513013
0
0
0
0
0.024646629316278677
0
0
0
0
0
0
0
0.05781328103826562
0
0
0
0.018596297949254017
0
0
0
0
0
0
0
0
0
0
0
0
0
0
0
0
0
0
0
0
0
0
0
0
0
0
0
0.005375535636856807
0
0.02431656850031416
0.025560067217124775
0
0
0
0.023232678493999664
0
0
0
0
0
0
0
0
0
0
0
0
0
0
0
0
0.010751071273713613
0
0
0
0
0
0
0
0
0
0
0
0
0
0
0
0
0
0.05326291763693831
0
0.017040044811416515
0.01612660691057042
0
0.02431656850031416
0
0
0
0
0
0
0
0
0
0
0
0
0
0
0
0
0
0
0
0
0
0
0
0
0
0
0
0
0
0
0
0
0
0
0.028003602215482055
0.0249632144405721
0
0
0
0
0
0
0
0.008520022405708257
0
0
0
0
0
0
0
0
0
0
0
0
0
0
0
0
0
0
0
0
0
0
0
0
0
0
0
0
0
0
0
0
0
0
0
0
0
0
0
0
0
0
0
0
0
0
0
0
0.008520022405708257
0
0
0
0
0.01248160722028605
0
0
0
0
0.039783691153815595
0
0
0
0
0.02431656850031416
0.07393988794883603
0
0
0
0.030022164953135484
0
0
0
0
0
0
0.11594637788556432
0
0.02584210770253963
0.010751071273713613
0
0
0
0
0
0.028003602215482055
0
0
0
0.04093314413136564
0
0
0
0
0.09006649485940646
0
0
0
0
0
0
0
0
0
0
0
0
0
0
0
0
0
0
0
0
0
0
0
0
0
0
0
0
0
0
0.05275433052570223
0.013895558042565065
0
0
0
0
0.015091036428826015
0
0
0
0
0
0
0
0
0
0
0
0
0
0
0.008520022405708257
0
0
0.021502142547427227
0
0
0
0
0
0
0
0
0
0
0
0.05721642826171295
0
0
0
0
0
0
0
0.026877678184284038
0
0
0
0
0
0
0
0
0
0
0
0
0
0
0
0
0
0
0
0
0
0
0
0.05168421540507926
0.01248160722028605
0
0
0
0
0.008520022405708257
0.025267381213764605
0
0
0
0
0
0
0
0
0
0
0
0.05682373596523211
0
0
0
0
0
0
0
0
0
0
0
0
0
0
0
0
0
0
0
0
0
0.018596297949254017
0
0
0
0
0
0
0
0
0
0
0
0
0
0
0
0
0
0.12008865981254194
0
0
0
0
0
0
0.022415580448273322
0
0
0
0
0
0.028799711727138133
0.019891845576907798
0
0.027116320354962278
0
0
0
0
0
0
0
0
0
0
0
0
0
0
0
0
0
0
0
0
0
0
0
0
0
0
0.03571428571428571
0
0.01612660691057042
0
0
0
0.01612660691057042
0.018596297949254017
0
0
0
0
0
0
0
0
0
0
0
0
0
0
0
0
0
0
0
0
0
0
0
0.005375535636856807
0
0
0
0.005375535636856807
0
0
0.01248160722028605
0
0
0
0
0
0
0
0.025560067217124775
0
0
0
0
0
0
0
0
0.01612660691057042
0
0
0
0
0.05938420827434193
0
0
0
0
0.05971778064056134
0
0
0.15538952584770035
0
0
0
0
0
0
0
0
0
0
0
0
0
0
0
0
0
0
0
0
0
0
0
0
0
0
0
0
0
0
0
0
0
0
0
0
0
0
0
0
0
0
0
0
0
0
0
0
0
0
0
0.021502142547427227
0
0
0.008520022405708257
0
0
0
0
0
0
0
0
0
0
0
0
0
0
0
0
0
0
0
0
0
0
0
0
0
0
0
0
0
0
0
0
0
0
0
0
0
0
0
0
0
0
0
0
0
0
0.07191550075833247
0
0
0
0
0.026631458818469154
0
0.13057124981240678
0
0
0.14304107065428237
0.025560067217124775
0
0
0.021502142547427227
0
0
0
0
0.015091036428826015
0
0
0
0
0
0
0
0
0
0
0.025267381213764605
0
0
0
0
0
0
0
0
0
0
0
0
0
0
0
0
0
0
0.026877678184284038
0
0
0
0
0
0
0.0863991351814144
0
0
0
0
0
0
0
0
0
0
0
0
0
0
0
0
0
0
0.01248160722028605
0.010751071273713613
0
0
0.01248160722028605
0
0.019271093679421872
0
0.1144328565234259
0
0.04566977146260103
0
0
0.008520022405708257
0
0
0
0
0
0
0
0
0
0
0
0.023232678493999664
0
0
0
0
0
0
0
0
0
0
0
0
0
0.1838575011037285
0.01248160722028605
0
0
0
0
0.023611058834534272
0.05112013443424955
0.019271093679421872
0.022834885731300516
0.026631458818469154
0
0
0
0
0
0
0
0
0
0
0
0
0
0
0
0
0
0
0
0
0
0
0
0
0
0
0
0
0
0
0
0
0
0
0
0
0
0
0
0
0
0
0
0
0.026377165262851113
0
0
0
0
0.018596297949254017
0.18013298971881292
0
0
0
0
0
0
0.022415580448273322
0
0
0
0
0
0
0
0
0
0
0
0
0
0
0
0
0
0.024646629316278677
0
0
0
0
0
0
0
0
0
0
0
0
0.01248160722028605
0
0
0
0
0
0
0.0249632144405721
0
0
0
0
0
0
0
0.053755356368568076
0
0
0
0.3433940767333608
0
0
0
0
0
0
0
0
0
0.024646629316278677
0
0
0
0.008520022405708257
0
0
0
0
0
0
0
0
0
0
0
0
0.043004285094854454
0
0
0
0
0
0
0
0
0.025560067217124775
0
0
0
0
0
0
0
0
0
0
0
0
0.12316256211434208
0.07989437645540746
0
0
0
0
0
0
0
0
0
0
0
0
0.02046657206568282
0
0
0
0
0
0
0
0
0.028411867982616055
0
0.028210421368157323
0
0.8929285753289801
0
0.013895558042565065
0
0
0
0
0
0.028411867982616055
0
0
0
0
0
0
0.054232640709924555
0
0
0
0
0
0.12431162067816028
0
0
0
0
0
0
0
0.013895558042565065
0.008520022405708257
0
0
0
0
0
0
0
0
0.01612660691057042
0
0
0
0
0
0
0
0
0
0
0
0.1856136171238895
0
0.05558223217026026
0
0
0
0
0
0
0
0
0
0
0
0
0
0
0
0
0
0
0
0.02046657206568282
0
0
0.021502142547427227
0
0
0
0
0
0
0
0
0
0
0
0
0
0
0
0
0
0
0
0
0.013895558042565065
0.013895558042565065
0
0
0
0
0
0
0
0
0
0
0
0
0
0.013895558042565065
0
0
0
0
0.023971833586110824
0
0
0
0
0.024646629316278677
0
0
0
0
0
0
0
0
0
0
0
0
0
0
0
0
0
0
0
0
0
0
0
0
0
0
0.02100162962599431
0
0
0
0
0
0
0
0
0
0.017040044811416515
0
0
0
0
0
0
0.16126606910570424
0
0
0
0
0
0
0.021972302167469177
0
0
0
0
0
0
0
0
0
0
0.005375535636856807
0
0
0
0
0
0
0
0
0
0.11364747193046422
0
0
0
0
0
0.0
0
0.2145004179543499
0
0
0
0
0
0.018596297949254017
0
0
0
0
0
0
0
0
0
0.0998528577622884
0.02100162962599431
0
0
0
0
0
0
0.45964375275932123
0
0.005375535636856807
0
0
0
0
0
0
0
0.13895558042565065
0
0
0
0
0
0
0
0.05600720443096411
0
0
0
0
0.043004285094854454
0
0
0
0
0
0
0
0
0
0
0
0.023611058834534272
0
0
0
0
0
0
0
0
0
0
0
0
0
0
0
0
0
0.021502142547427227
0.027572643649112067
0
0
0
0.0880421076689029
0
0
0
0
0
0.01612660691057042
0
0
0
0
0
0
0
0
0
0.02431656850031416
0
0
0
0
0
0
0
0
0
0
0
0.6867881534667216
0.019891845576907798
0
0
0
0
0
0
0
0
0
0
0.12257166740248567
0
0
0
0
0
0
0
0
0
0
0.008520022405708257
0.16674669651078078
0
0
0
0
0
0
0
0.027572643649112067
0
0
0
0.023611058834534272
0.01248160722028605
0.1997057155245768
0
0
0.08695978341417324
0
0.017040044811416515
0
0
0
0
0
0
0
0
0.013895558042565065
0
0
0
0
0.027347837804325984
0
0
0
0
0
0
0
0
0
0
0
0
0
0
0
0
0
0
0
0
0
0
0
0
0
0
0
0.027347837804325984
0.02898659447139108
0
0.026877678184284038
0
0
0
0
0
0.05469567560865197
0.02046657206568282
0
0
0.05112013443424955
0
0
0
0
0
0
0
0
0.04200325925198862
0
0
0
0
0
0
0
0
0
0
0.010751071273713613
0
0
0
0
0
0.019271093679421872
0
0
0
0
0
0.023971833586110824
0.0
0
0
0
0
0
0
0
0.0827179309473362
0
0
0
0
0
0
0
0.02100162962599431
0.021972302167469177
0
0
0
0
0
0
0.01612660691057042
0.026114249962481358
0
0
0
0
0
0
0
0
0
0.017040044811416515
0
0
0
0
0
0
0
0
0
0
0
0.029692104137170966
0
0
0
0
0
0
0
0
0
0
0
0
0
0
0
0
0
0
0.09101625023228671
0
0
0
0
0
0
0
0
0
0
0
0
0
0
0
0
0
0
0
0
0
0
0
0
0
0
0
0
0
0
0
0.024646629316278677
0
0.025267381213764605
0
0
0
0
0
0
0.05275433052570223
0
0
0
0
0
0
0
0
0
0
0
0
0.4370470067515501
0
0
0
0
0
0.02779111608513013
0
0
0
0
0
0.010751071273713613
0
0.013895558042565065
0
0
0
0
0
0
0
0.015091036428826015
0
0
0
0
0
0
0
0.6708311406099036
0
0.017857142857142856
0
0
0
0
0
0
0
0
0
0
0
0
0
0
0
0
0
0
0
0.03408008962283303
0
0
0
0
0
0
0
0
0
0.12431162067816028
0.08582464239256943
0
0
0
0
0
0
0
0.015091036428826015
0
0.11808660812681027
0
0
0
0
0
0
0
0
0
0
0
0
0
0.06850465719390154
0.03571428571428571
0.025267381213764605
0
0
0
0
0
0
0
0
0
0
0
0
0
0
0
0
0.021502142547427227
0
0
0
0
0
0
0
0
0
0
0
0
0.017040044811416515
0
0
0.018596297949254017
0
0.02046657206568282
0
0
0
0
0
0
0.013895558042565065
0
0.025267381213764605
0
0.023611058834534272
0.12072829143060812
0
0
0
0
0
0
0.07438519179701607
0
0
0
0
0
0
0
0
0
0
0
0
0.08957667096084201
0
0.015091036428826015
0.005375535636856807
0
0
0
0
0
0
0
0
0
0.022834885731300516
0
0
0
0.008520022405708257
0
0
0
0
0.022415580448273322
0
0
0.021502142547427227
0.022415580448273322
0
0
0
0
0.05600720443096411
0
0
0
0
0
0
0.013895558042565065
0
0
0
0
0
0
0
0
0
0
0
0
0
0.02431656850031416
0
0
0
0
0
0
0
0
0
0
0
0
0
0.02431656850031416
0
0
0.05469567560865197
0.023232678493999664
0.06036414571530406
0
0
0
0
0
0
0
0.21654921997787108
0
0
0
0
0
0
0
0
0
0
0
0
0
0
0
0
0
0
0
0
0
0
0
0.026377165262851113
0
0.07668020165137432
0
0.008520022405708257
0
0
0
0
0
0
0
0
0
0
0
0
0
0
0
0
0
0.0890763124115129
0
0
0
0
0
0
0
0
0.026114249962481358
0
0
0
0
0.14205933991308028
0
0
0
0
0
0
0
0
0
0
0
0.024646629316278677
0.05275433052570223
0
0
0
0
0
0
0
0
0
0
0
0
0
0
0
0
0
0
0.14673684611483817
0
0
0
0
0.019891845576907798
0.018596297949254017
0
0.039783691153815595
0
0
0
0
0
0
0
0
0
0.27842042568583425
0.05326291763693831
0
0
0.021502142547427227
0.04863313700062832
0
0
0
0
0
0
0
0
0
0
0
0.017040044811416515
0
0
0
0
0
0
0.05326291763693831
0.15246162286588716
0
0
0
0
0
0
0
0.01248160722028605
0
0
0
0
0
0
0
0
0
0
0
0
0
0
0.08523560394784817
0.018596297949254017
0
0
0
0.008520022405708257
0
0
0
0
0
0.010751071273713613
0
0
0
0
0
0
0
0
0.08957667096084201
0
0
0
0
0
0
0
0
0
0
0
0
0
0
0.018596297949254017
0
0
0
0.026114249962481358
0.02100162962599431
0
0
0.05168421540507926
0
0
0
0.028003602215482055
0
0
0
0
0
0.010751071273713613
0
0
0
0
0.008520022405708257
0
0.02046657206568282
0
0
0
0
0
0
0
0
0
0
0.04929325863255735
0
0
0
0
0
0
0
0
0
0
0
0
0
0.04527310928647804
0
0
0.028608214130856475
0
0
0
0
0.12196929829270974
0
0
0
0
0
0
0
0
0
0
0
0
0
0
0.018596297949254017
0
0
0
0
0
0
0
0
0
0
0.008520022405708257
0
0
0
0
0
0
0
0
0
0.010751071273713613
0
0
0
0
0
0
0
0
0
0
0
0
0
0
0.08695978341417324
0
0
0
0
0
0
0
0
0
0
0
0
0.24748482283185266
0
0
0
0
0
0.0885649560951077
0
0.008520022405708257
0
0
0
0
0.010751071273713613
0
0
0
0
0
0.023611058834534272
0
0.043004285094854454
0
0
0
0.08523560394784817
0
0
0
0
0
0.010751071273713613
0
0
0.017857142857142856
0
0
0
0
0
0.028799711727138133
0.15538952584770035
0
0
0
0
0.08204351341297796
0
0
0
0
0
0
0
0
0
0.1838575011037285
0.028411867982616055
0
0
0
0
0
0
0
0
0
0
0
0
0
0
0
0.05469567560865197
0
0
0
0
0
0.11876841654868386
0
0
0
0
0
0
0
0
0
0
0
0
0
0
0
0
0
0
0
0
0
0.010751071273713613
0.06004432990627097
0
0.24514333480497133
0
0
0
0
0
0
0
0
0
0
0
0
0.04200325925198862
0
0
0
0
0
0
0
0
0
0
0
0
0
0
0
0
0
0
0
0
0
0
0.2809587900545679
0
0
0
0
0
0.057599423454276266
0
0.21344627201224203
0
0
0
0.021502142547427227
0.025267381213764605
0.008520022405708257
0
0
0
0
0
0
0.023232678493999664
0.23189275577112864
0.16802161329289234
0
0
0
0
0
0
0
0
0
0
0
0
0
0
0
0
0.015091036428826015
0
0
0
0
0
0.017040044811416515
0
0
0
0
0
0
0
0
0
0
0.028210421368157323
0.07668020165137432
0
0
0
0
0
0
0.02046657206568282
0
0
0
0
0
0
0.008520022405708257
0.10550866105140445
0
0
0
0
0
0
0
0.2497411467151715
0
0.010751071273713613
0.2771157647572697
0
0
0.13895558042565065
0
0
0
0
0
0
0
0
0
0.052228499924962715
0
0
0
0
0
0
0
0
0
0
0
0
0
0
0
0.18474384317151313
0
0
0
0
0
0.027116320354962278
0
0
0
0
0.019271093679421872
0
0
0
0.0914769737195323
0.023232678493999664
0
0
0
0
1.498446880291029
0
0
0
0
0.24748482283185266
0
0
0
0
0
0
0
0
0
0
0
0
0
0
0
0
0
0.013895558042565065
0
0
0
0
0.06036414571530406
0
0
0
0
0
0
0
0
0
0
0
0
0
0
0
0.023971833586110824
0
0
0
0
0
0
0
0
0
0.017857142857142856
0
0.10751071273713615
0
0
0
0
0
0
0.019271093679421872
0
0
0
0
0
0
0
0
0
0
0
0
0
0
0
0
0
0
0
0
0
0
0
0
0
0
0
0
0
0
0
0
0
0
0.02916907956392119
0
0
0
0
0
0
0
0.021972302167469177
0.023971833586110824
0
0
0
0
0
0
0
0
0
0
0.02046657206568282
0
0
0
0
0
0
0.01612660691057042
0
0.02431656850031416
0
0
0
0
0
0.0
0.054232640709924555
0
0.0775263231076189
0
0
0.023971833586110824
0
0
0
0
0
0
0
0
0
0
0
0
0
0
0.3121764333939644
0
0.05469567560865197
0
0
0
0
0
0
0
0
0
0
0
0
0
0
0
0
0
0.005375535636856807
0
0
0.026114249962481358
0
0
0
0
0
0
0
0
0
0
0
0.01612660691057042
0
0
0.01248160722028605
0
0
0
0
0
0
0
0
0
0
0
0
0
0
0
0
0
0
0
0
0
0
0
0
0
0
0
0
0
0
0
0
0
0.030022164953135484
0
0
0
0
0.018596297949254017
0.010751071273713613
0
0
0
0
0
0
0.015091036428826015
0
0
0
0
0
0
0
0
0.010751071273713613
0
0
0
0
0
0
0
0
0
0
0
0
0
0
0.07393988794883603
0
0
0.0880421076689029
0
0.028799711727138133
0
0.02779111608513013
0
0
0
0
0
0
0.022415580448273322
0.017040044811416515
0
0
0
0
0
0
0
0
0
0
0
0
0
0
0
0
0
0
0
0
0
0
0
0.04093314413136564
0.08337334825539039
0
0
0
0
0
0
0
0
0
0
0
0
0
0
0
0
0
0
0
0
0
0
0
0
0
0
0
0
0
0
0
0.037192595898508034
0
0
0
0
0
0
0
0
0
0
0
0
0
0
0
0
0
0
0.30642916850621416
0.051120134434249544
0
0
0
0
0
0
0
0
0
0
0
0
0
0
0
0
0.015091036428826015
0.015091036428826015
0
0.005375535636856807
0
0
0
0
0
0
0
0
0
0
0.010751071273713613
0.015091036428826015
0.022415580448273322
0
0
0
0
0
0
0.026114249962481358
0.010751071273713613
0
0
0
0
0
0
0
0.022415580448273322
0
0.03408008962283303
0.023611058834534272
0.019891845576907798
0
0
0
0
0
0
0
0
0
0
0
0
0
0
0
0
0
0
0
0.017040044811416515
0.01248160722028605
0
0
0
0
0
0
0
0
0
0
0
0
0
0
0
0
0
0
0
0
0
0
0
0
0
0
0
0
0
0.028411867982616055
0.02100162962599431
0
0
0
0
0
0
0
0
0
0
0
0
0
0.05326291763693831
0
0
0
0
0
0
0
0
0
0
0
0
0
0
0
0
0
0
0
0
0
0
0
0
0
0
0
0
0
0
0
0
0
0
0.09237192158575656
0
0
0
0
0
0
0
0
0.021972302167469177
0
0
0
0
0
0
0.018596297949254017
0
0
0
0
0
0
0
0
0
0
0.021502142547427227
0
0
0.018596297949254017
0
0
0
0
0
0
0
0
0
0
0
0
0
0
0
0
0.023232678493999664
0
0
0
0
0
0
0
0
0
0
0
0
0
0
0
0
0
0
0
0
0.021972302167469177
0
0
0
0
0
0.1449329723569554
0.021502142547427227
0
0
0
0
0
0
0.023232678493999664
0.027116320354962278
0
0
0
0
0
0
0.022834885731300516
0
0
0
0
0
0
0.028799711727138133
0
0.01248160722028605
0
0
0
0
0
0
0.022415580448273322
0
0
0
0
0
0
0
0
0
0
0
0
0
0
0
0.023232678493999664
0
0
0
0.019891845576907798
0
0
0
0
0
0
0
0
0
0.04646535698799933
0
0
0
0
0
0
0
0
0
0.05469567560865197
0
0
0.07989437645540746
0
0
0
0
0
0
0
0
0
0
0.022834885731300516
0
0.010751071273713613
0
0
0
0
0
0
0.05682373596523211
0
0.03571428571428571
0.010751071273713613
0
0
0
0
0
0
0
0
0
0
0
0
0
0
0
0
0.07191550075833247
0
0
0
0
0
0
0
0
0
0
0
0
0
0
0
0
0
0
0
0
0.030935602853981583
0
0.055145287298224134
0
0
0
0
0.008520022405708257
0
0
0
0
0
0.047222117669068545
0
0
0
0
0
0
0
0
0
0
0
0
0
0
0
0
0
0
0.08134896106488683
0
0
0
0
0.0827179309473362
0.019271093679421872
0
0
0
0
0
0
0
0
0
0
0.018596297949254017
0
0
0
0.017040044811416515
0
0
0
0.023611058834534272
0
0
0
0
0
0
0
0
0
0
0
0
0
0
0
0
0
0
0
0
0
0
0
0
0
0
0.022415580448273322
0
0
0
0
0
0
0
0
0
0
0.021502142547427227
0
0
0
0
0
0
0
0
0
0
0
0
0
0
0
0
0
0
0
0
0
0
0
0
0
0
0
0
0
0
0
0
0
0
0
0
0
0
0
0
0
0.01248160722028605
0.015091036428826015
0
0
0
0
0
0
0
0.05326291763693831
0
0
0
0
0
0
0
0
0
0
0
0
0.09006649485940646
0.019271093679421872
0
0.01612660691057042
0.01248160722028605
0
0
0
0
0
0
0
0.019891845576907798
0.044831160896546644
0
0
0
0
0
0
0
0
0
0
0
0
0
0
0
0
0
0
0
0
0
0
0
0
0.022415580448273322
0.008520022405708257
0
0
0.013895558042565065
0
0
0
0
0
0
0
0
0
0
0
0
0
0
0
0.025560067217124775
0
0.13315729409234578
0
0
0
0
0.018596297949254017
0.023232678493999664
0
0
0
0.3746117200727572
0
0
0
0
0
0
0
0
0
0
0
0.06004432990627097
0
0
0
0.026877678184284038
0
0.11201440886192822
0
0
0
0
0
0
0.026114249962481358
0.028608214130856475
0
0.04093314413136564
0
0.02046657206568282
0
0
0
0.02779111608513013
0
0
0
0
0.018596297949254017
0
0
0.028210421368157323
0
0
0.02046657206568282
0.05971778064056134
0
0
0
0
0
0
0
0
0
0
0
0
0
0
0
0
0.11943556128112268
0
0
0
0
0
0
0
0
0
0
0
0
0
0
0
0
0
0.018596297949254017
0
0
0
0
0
0
0
0
0
0.02584210770253963
0
0
0
0
0
0.025560067217124775
0
0
0
0.0885649560951077
0.025267381213764605
0
0
0
0
0
0
0
0
0.028003602215482055
0
0
0.005375535636856807
0
0
0
0
0
0
0
0
0
0
0.05275433052570223
0
0
0
0.022415580448273322
0
0
0
0
0
0
0
0
0
0
0
0
0
0
0
0
0
0
0
0.023611058834534272
0.026877678184284038
0
0
0
0
0
0
0
0
0
0.01612660691057042
0
0
0
0
0
0
0
0.005375535636856807
0
0
0
0
0
0
0
0.023232678493999664
0
0
0
0
0
0.010751071273713613
0.24862324135632055
0
0
0
0
0
0
0
0
0
0
0
0
0
0
0.04837982073171126
0.019891845576907798
0
0
0
0
0
0.04929325863255735
0
0
0
0.026114249962481358
0
0
0
0
0
0
0
0
0.021502142547427227
0
0
0
0
0
0.021502142547427227
0.008520022405708257
0
0
0
0
0
0
0
0
0.010751071273713613
0
0
0
0
0
0
0
0
0.05053476242752921
0
0
0
0
0
0
0
0.18013298971881292
0
0.05682373596523211
0
0
0
0
0
0
0
0
0
0
0.015091036428826015
0
0
0
0
0
0
0
0
0.02046657206568282
0
0
0
0
0
0
0
0
0
0
0
0
0
0
0
0
0
0
0
0
0
0
0
0.16126606910570424
0
0
0
0
0
0
0
0
0
0
0
0
0
0
0
0.09323371550862021
0
0
0
0
0
0
0
0
0
0
0
0
0
0
0
0.021972302167469177
0
0
0
0.029692104137170966
0
0
0
0
0
0
0.01612660691057042
0
0.03408008962283303
0
0.023232678493999664
0
0
0
0
0
0
0
0
0
0
0
0
0
0
0
0
0
0
0
0
0
0
0.02916907956392119
0
0
0
0
0
0
0
0
0
0
0
0
0
0
0
0
0
0
0
0
0
0
0
0
0
0
0
0
0
0
0
0
0
0
0
0
0
0
0
0
0.01248160722028605
0
0
0
0
0.0
0.015091036428826015
0
0.008520022405708257
0
0
0
0
0
0
0
0
0
0.02431656850031416
0.018596297949254017
0
0
0
0
0.053755356368568076
0.026877678184284038
0.023232678493999664
0
0
0
0
0.3107790516954007
0
0
0
0
0
0
0
0
0
0
0
0
0
0
0
0
0
0
0
0.015091036428826015
0
0
0
0
0
0
0
0
0
0
0
0
0.11808660812681027
0
0
0.03408008962283303
0
0
0
0
0
0
0
0
0
0
0
0
0
0
0.027116320354962278
0
0
0
0
0
0
0
0
0
0
0
0
0.028608214130856475
0.02046657206568282
0
0
0
0
0
0
0
0
0.02100162962599431
0
0
0
0
0
0
0
0
0
0
0
0
0
0
0.024646629316278677
0
0
0
0
0
0.01248160722028605
0
0
0
0
0
0
0
0
0.021502142547427227
0
0.024646629316278677
0
0
0
0.03571428571428571
0
0.024646629316278677
0
0
0
0
0.013895558042565065
0
0
0
0
0
0
0
0
0
0
0
0
0
0
0
0.03018207285765203
0.04863313700062832
0.019271093679421872
0
0
0
0
0
0
0.025560067217124775
0
0
0
0
0.008520022405708257
0
0
0
0
0
0
0
0
0
0
0
0
0
0
0
0
0
0
0
0
0
0
0
0
0
0
0
0
0
0
0
0
0
0
0
0
0.02584210770253963
0.022834885731300516
0.029521652031702567
0
0
0
0.3386970458144407
0
0
0
0
0
0.06098464914635487
0
0
0
0
0
0
0.015091036428826015
0.025267381213764605
0.02100162962599431
0
0
0
0
0
0
0
0
0
0
0
0.013895558042565065
0
0
0
0.14760826015851283
0
0
0
0.017857142857142856
0.008520022405708257
0
0
0
0
0
0
0
0
0
0
0
0
0
0
0
0
0
0
0
0
0
0
0
0
0
0
0
0
0
0
0
0
0
0
0
0
0
0
0
0
0
0
0.05721642826171295
0.08063303455285212
0
0
0
0
0
0
0
0
0.15321458425310708
0.030022164953135484
0
0
0
0.4370470067515501
0
0.021972302167469177
0.3418569568649408
0
0.12374241141592633
0
0
0.0885649560951077
0.15091036428826016
0
0
0.030338750077428905
0.21553448370009864
0
0.17915334192168403
0
0
0.043004285094854454
0
0
0
0.499482293430343
0
0.06158128105717104
0
0
0.028003602215482055
0
0
0
0
0
0
0
0
0
0
0
0
0.030022164953135484
0
0
0
0
0
0
0
0
0
0
0
0
0.12431162067816028
0
0
0
0
0
0
0
0
0
0.0885649560951077
0.12196929829270974
0
0
0
0.019891845576907798
0
0
0
0
0
0
0
0
0
0
0.05469567560865197
0.023971833586110824
0
0.07294970550094247
0
0
0
0.005375535636856807
0
0
0
0
0
0
0
0
0
0
0
0
0
0
0
0
0
0
0
0
0
0
0
0
0
0
0.1781526248230258
0
0
0
0
0
0
0
0
0
0
0
0
0
0
0
0
0.019271093679421872
0
0
0
0
0
0
0
0
0
0.019891845576907798
0
0
0
0
0
0
0
0
0
0
0
0
0
0
0
0
0
0
0
0
0
0
0
0
0.026114249962481358
0
0
0
0
0
0
0.01612660691057042
0
0
0
0
0
0.05971778064056134
0
0.018596297949254017
0
0
0
0
0
0
0
0
0
0
0
0
0
0.026377165262851113
0.010751071273713613
0
0
0
0
0
0
0
0
0
0
0
0.05275433052570223
0
0.15538952584770035
0
0
0
0
0
0
0
0
0
0
0
0
0
0
0
0
0
0
0
0
0
0.27163865571886825
0
0
0
0.022834885731300516
0
0
0
0
0
0
0
0
0
0
0
0
0
0
0
0
0.019271093679421872
0
0
0
0
0
0
0
0
0
0
0
0
0
0
0
0
0.15246162286588716
0
0
0
0
0
0
0
0
0
0.019891845576907798
0
0
0
0
0
0
0
0
0
0.0249632144405721
0
0
0
0
0
0
0
0
0
0
0
0
0
0
0
0
0
0
0.010751071273713613
0
0
0
0.025267381213764605
0
0
0
0
0
0.01612660691057042
0
0
0
0
0
0
0
0
0
0
0
0
0
0
0
0
0
0
0
0
0
0
0
0
0
0
0
0
0
0
0
0
0
0
0.08695978341417324
0
0
0
0
0
0
0.02046657206568282
0
0
0
0.02898659447139108
0.013895558042565065
0.021972302167469177
0.04794366717222165
0
0
0
0.010751071273713613
0
0.03018207285765203
0
0.017857142857142856
0.04646535698799933
0
0
0
0.02431656850031416
0
0
0.018596297949254017
0
0
0
0
0
0
0
0
0
0.026631458818469154
0
0
0
0
0
0
0
0.021972302167469177
0
0
0
0
0
0
0
0
0
0
0
0
0
0
0
0
0.26087935024251974
0
0.026377165262851113
0.07083317650360282
0
0
0
0.4290008359086998
0
0
0.0748896433217163
0
0
0.021502142547427227
0
0
0
0
0
0
0
0
0.028608214130856475
0
0.1856136171238895
0
0
0
0
0
0
0
0
0
0
0
0
0
0
0
0
0
0
0.08582464239256943
0
0
0
0
0
0
0
0.019891845576907798
0.01248160722028605
0
0
0
0
0
0
0
0
0.08957667096084201
0
0
0
0
0
0
0
0
0
0.024646629316278677
0.022415580448273322
0
0
0
0
0.025560067217124775
0
0
0
0
0
0.017857142857142856
0.025560067217124775
0
0.11808660812681027
0
0
0
0
0
0.1539532026429276
0
0
0.09101625023228671
0
0.028608214130856475
0
0
0
0
0.055145287298224134
0
0.02779111608513013
0
0.3433940767333608
0
0
0.026377165262851113
0
0
0
0.028411867982616055
0.013895558042565065
0
0
0
0
0
0
0
0
0
0
0.5931352234485323
0
0
0
0
0
0.05682373596523211
0.013895558042565065
0
0
0
0
0
0
0
0
0
0.013895558042565065
0.4058293634121537
0.013895558042565065
0
0
0
0
0
0
0
0
0
0.057599423454276266
0
0
0
0
0
0
0
0.030022164953135484
0
0.08695978341417324
0
0.02898659447139108
0.3049232457317743
0
0
0
0
0.0249632144405721
0
0.024646629316278677
0
0
0.08695978341417324
0
0
0
0
0
0
0
0
0
0
0
0
0
0
0
0
0
0
0
0
0.42689254402448407
0
0
0
0
0
0
0
0
0
0.05168421540507926
0.43509067237356097
0
0
0
0.21344627201224203
0
0
0.010751071273713613
0.02100162962599431
0
0
0
0
0
0
