0.0
0.0
0.0
0.0
0.0
0.0
0.0
0.0
0.0
0.0
0.0
0.0
0.0
0.0
0.0
0.0
0.0
0.0
0.0
0.0
0.0
0.0
0.0
0.0
0.0
0.0
0.0
0.0
0.0
0.0
0.0
0.0
0.0
0.0
0.0
0.0
0.0
0.0
0.0
0.0
0.0
0.0
0.0
0.0
0.0
0.0
0.0
0.0
0.0
0.0
0.0
0.0
0.0
0.0
0.0
0.0
0.0
0.0
0.0
0.007185354594746866
0.0
0.0
0.0
0.0
0.0
0.0
0.0
0.0
0.0
0.0
0.0
0.0
0.0
0.0
0.0
0.0
0.0
0.0
0.0
0.0
0.0
0.0
0.0
0.0
0.0
0.017567315865858444
0.0
0.006961125903570203
0.0
0.0
0.0
0.0
0.0
0.0
0.005019368938979947
0.0
0.0
0.0
0.0
0.0
0.0
0.0
0.0
0.0
0.0
0.0
0.0
0.0
0.0
0.008248442834303647
0.0
0.0
0.0
0.0
0.0
0.0
0.0
0.0
0.0
0.015873718879003438
0.0
0.0
0.0
0.0
0.0
0.0
0.0
0.0
0.0
0.0
0.0
0.0
0.0
0.0
0.0
0.0
0.0
0.0
0.0
0.0
0.0
0.0
0.0
0.0
0.0
0.0
0.0
0.0
0.0
0.0
0.0
0.0
0.0
0.0
0.0
0.0
0.0
0.0
0.0
0.00388351392918051
0.0
0.0
0.0
0.0
0.0
0.0
0.0
0.0
0.0
0.0
0.0
0.0
0.0
0.0
0.0
0.0
0.0
0.0
0.0
0.0
0.0
0.0
0.005019368938979947
0.0
0.0061552239487793845
0.0
0.0
0.0
0.0
0.0
0.0
0.0
0.0
0.0
0.0
0.0
0.0
0.0
0.0
0.0
0.0
0.0
0.0
0.0
0.0
0.0
0.0
0.004508620049525319
0.0
0.0
0.0
0.0
0.009127111559337122
0.0
0.0
0.008783657932929222
0.0
0.0
0.0
0.0
0.0
0.0
0.0
0.0
0.0
0.001941756964590255
0.0
0.009433018431136062
0.0
0.0
0.0
0.007185354594746866
0.0
0.0
0.0
0.0
0.0
0.0
0.0
0.0
0.0
0.0
0.0
0.0
0.0
0.0
0.0
0.0
0.0
0.0
0.0
0.0
0.0
0.00776702785836102
0.0
0.0
0.0
0.0
0.0
0.0
0.0
0.0
0.0
0.0
0.0
0.0
0.0
0.0
0.0
0.0
0.0
0.0
0.0
0.0
0.0
0.0
0.0
0.0
0.0
0.0
0.0
0.0
0.0
0.0
0.0
0.0
0.0
0.0
0.0
0.006717375439012711
0.0
0.0
0.0
0.0
0.0
0.0
0.0
0.0
0.0
0.0
0.0
0.0
0.0
0.0
0.0
0.0
0.005451200971982086
0.0
0.0
0.0064503770141155735
0.0
0.0
0.0
0.0
0.0
0.0
0.0
0.006961125903570203
0.0
0.0
0.0
0.0
0.0
0.0
0.0
0.0
0.0
0.009708784822951276
0.0
0.0
0.0
0.0
0.0
0.0
0.0
0.001941756964590255
0.0
0.0
0.0
0.0
0.0
0.0
0.0
0.0
0.0
0.0
0.0
0.0
0.0
0.0
0.0
0.0
0.0
0.022244458870534146
0.0
0.0
0.0
0.0
0.0
0.0
0.0
0.0
0.0
0.0
0.0
0.0
0.0
0.0
0.0
0.0
0.0
0.0
0.0
0.009878616404091975
0.0030776119743896923
0.0
0.0
0.0
0.0
0.0
0.0
0.0
0.0
0.0
0.0
0.0
0.0
0.0
0.0
0.0
0.0
0.0
0.0
0.0
0.0
0.0
0.0
0.0
0.010038737877959895
0.010902401943964172
0.0
0.018034480198101277
0.0
0.0
0.0
0.0
0.0
0.0
0.0
0.0
0.0
0.0
0.0
0.0
0.0
0.0
0.0
0.0
0.0
0.0
0.0
0.0
0.0
0.0
0.0
0.0
0.03100167282988826
0.0
0.0
0.0
0.005451200971982086
0.0
0.0
0.0
0.0
0.0
0.01165054178754153
0.0
0.0
0.0
0.0
0.0
0.0
0.0030776119743896923
0.0
0.0
0.0
0.0
0.0
0.0
0.0
0.0
0.0
0.0
0.0
0.0
0.0
0.0
0.0
0.0
0.0
0.0
0.0
0.0
0.0
0.015873718879003438
0.0
0.0
0.0
0.0
0.021917994127281782
0.0
0.0
0.0
0.06673337661160245
0.0
0.0
0.0
0.0
0.0
0.0
0.0
0.0
0.0
0.0
0.0
0.0
0.0
0.0
0.0
0.0
0.0
0.0
0.0
0.0
0.0
0.0
0.0
0.0
0.0
0.022178873809717017
0.00776702785836102
0.0
0.00388351392918051
0.0
0.0
0.0
0.0
0.0
0.013922251807140407
0.0
0.0
0.0
0.0
0.0
0.0
0.0
0.0
0.008528812946371778
0.0
0.0
0.0
0.0
0.0
0.0
0.0
0.0
0.06735597293122819
0.0
0.0
0.0
0.0
0.0
0.0
0.0
0.00961984518964106
0.0
0.0
0.0
0.0
0.009527988988505267
0.12404119052328137
0.20206791879368458
0.0
0.0
0.0
0.0
0.0
0.0
0.05612997744269015
0.0
0.0
0.0
0.0
0.0
0.0
0.0
0.0
0.0
0.0
0.0
0.0
0.0
0.0
0.0
0.023810578318505155
0.0
0.0
0.0
0.0
0.0
0.0
0.0
0.021327687996609408
0.0
0.0
0.0
0.0
0.0
0.0
0.0
0.0
0.0
0.0
0.00739295793657234
0.0
0.009017240099050639
0.0
0.0
0.0
0.0
0.0
0.0
0.0
0.0
0.0
0.0
0.0
0.0
0.0
0.0
0.0
0.0
0.0
0.0
0.0
0.0
0.0
0.0
0.0
0.0
0.009959821021507406
0.0
0.0
0.0
0.0
0.0
0.0
0.0
0.0
0.0
0.0
0.0
0.0
0.0
0.0
0.0
0.0030776119743896923
0.0
0.00776702785836102
0.0
0.0
0.0
0.04517432045081953
0.0
0.0
0.0
0.013525860148575956
0.0
0.0
0.0
0.0
0.0
0.0
0.0
0.0
0.0
0.0
0.0
0.0
0.0
0.0
0.0
0.0
0.0
0.0
0.0
0.0
0.0
0.0
0.0
0.0
0.0
0.013922251807140407
0.0
0.0
0.0
0.0
0.0
0.0064503770141155735
0.0
0.0
0.0
0.0
0.0
0.0
0.0
0.0
0.0
0.0
0.0
0.0
0.0
0.0
0.0
0.0
0.0
0.0
0.0
0.0
0.0
0.0
0.0
0.0
0.0
0.0
0.0
0.0
0.0
0.0
0.0
0.0
0.0
0.0
0.013434750878025422
0.0
0.0
0.0
0.0
0.0
0.0
0.0
0.0
0.0
0.0
0.0
0.0
0.0
0.0
0.0
0.0
0.0
0.0
0.0
0.0
0.0
0.0
0.0
0.0
0.0
0.019055977977010533
0.0
0.0
0.0
0.0
0.0
0.055072357069457054
0.0
0.0
0.0
0.0
0.008659132403602967
0.0
0.0
0.0
0.00776702785836102
0.0
0.0
0.0
0.0
0.0
0.0
0.0
0.0
0.0
0.0
0.0
0.0
0.0
0.0
0.0
0.0
0.0
0.0
0.0
0.0
0.0
0.0
0.0
0.0
0.0
0.0
0.0
0.0
0.0064503770141155735
0.0
0.0
0.0
0.0
0.0
0.0
0.0
0.0
0.0
0.0
0.0
0.0
0.0
0.0
0.006717375439012711
0.0
0.0
0.0
0.0
0.0
0.0
0.06200334565977652
0.026708648604481373
0.0
0.0
0.0
0.0
0.0
0.0
0.067047557326556
0.021917994127281782
0.0
0.0
0.009708784822951276
0.0
0.0
0.0
0.0
0.0
0.0
0.0
0.0
0.0
0.010333890943296085
0.0
0.017567315865858444
0.0
0.0
0.0
0.0
0.0
0.0
0.0
0.0
0.0
0.0
0.0
0.0
0.0
0.0
0.0
0.0
0.008902882868160458
0.0
0.0
0.0
0.0
0.0
0.0
0.0
0.0
0.0
0.0
0.0
0.0
0.0
0.0
0.0
0.005451200971982086
0.010470569910962034
0.0
0.0
0.0
0.0
0.0
0.0
0.0
0.0
0.0
0.0
0.01923969037928212
0.0
0.05095099899446951
0.009959821021507406
0.0
0.0
0.0
0.0
0.0
0.0
0.0
0.00809698091336964
0.0
0.0
0.0
0.0
0.004508620049525319
0.0
0.0
0.0
0.0
0.0
0.0
0.0
0.00809698091336964
0.0
0.0
0.0
0.0
0.0
0.0
0.0
0.0
0.0
0.0
0.0
0.0
0.0
0.0
0.0
0.0
0.0
0.0
0.0
0.0
0.0
0.0
0.0
0.0
0.0
0.0
0.0
0.0
0.0
0.0
0.0
0.0
0.0
0.0
0.0
0.0
0.00388351392918051
0.0
0.0
0.0
0.0
0.0
0.0
0.0
0.0
0.0
0.0
0.05235284955481017
0.0
0.0
0.0
0.0
0.0
0.0
0.0
0.0
0.0
0.008248442834303647
0.0
0.0
0.0
0.0
0.0
0.0
0.0
0.006961125903570203
0.0
0.0
0.0
0.0
0.0
0.0
0.001941756964590255
0.0
0.0
0.0
0.0
0.0
0.008902882868160458
0.0
0.0
0.0
0.0
0.0
0.0
0.0
0.0
0.0
0.0
0.0
0.0
0.0
0.0
0.0
0.0
0.0
0.0
0.0
0.0
0.0
0.01078566158818044
0.0
0.0
0.004508620049525319
0.0
0.0
0.0
0.0
0.0
0.0
0.0
0.0
0.0
0.0
0.00739295793657234
0.0
0.0
0.0
0.0
0.0
0.0
0.0
0.0
0.0
0.0
0.0
0.0
0.0
0.0
0.0
0.01975723280818395
0.0
0.0
0.0
0.0
0.0
0.0
0.0
0.0
0.0
0.0
0.0
0.0
0.0
0.0
0.0
0.0
0.0
0.010725414897519478
0.0
0.0
0.0
0.0
0.0
0.056382359328764266
0.0
0.0
0.0
0.11276471865752853
0.0
0.009878616404091975
0.0
0.0
0.0
0.0
0.0
0.0
0.0
0.0
0.0
0.0
0.0
0.0
0.0
0.0
0.0
0.0061552239487793845
0.0
0.00388351392918051
0.0
0.00739295793657234
0.0
0.0
0.0
0.0
0.0
0.0
0.0
0.0
0.0
0.0
0.0
0.0
0.0
0.0
0.0
0.0
0.0
0.0
0.029635849212275925
0.0
0.0
0.0
0.0
0.0
0.0
0.0
0.0
0.0
0.0
0.0
0.0
0.0
0.0
0.0
0.0
0.00839213397870583
0.0
0.0
0.0
0.0
0.0
0.0
0.0
0.0
0.0
0.01165054178754153
0.0
0.0
0.0
0.0
0.0
0.0
0.0
0.005825270893770765
0.0
0.0
0.0
0.0
0.0
0.0
0.0
0.0
0.0
0.0
0.0
0.0
0.0
0.0
0.0
0.0
0.020941139821924068
0.0
0.0
0.0
0.0
0.0
0.0
0.0
0.0
0.0
0.0
0.0
0.0
0.0
0.0
0.0
0.0
0.0
0.009334714901162597
0.021804803887928343
0.0
0.0
0.0
0.0
0.0
0.0
0.0
0.0
0.0
0.0
0.0
0.0
0.0
0.0
0.0
0.0
0.0
0.0
0.0
0.0
0.0
0.0
0.0
0.0064503770141155735
0.0
0.0
0.0
0.0
0.0
0.0
0.0
0.0
0.0
0.0
0.0
0.0
0.0
0.0
0.0
0.021327687996609408
0.0
0.020380399597787802
0.0
0.0
0.010663843998304704
0.0
0.0
0.0
0.0
0.0
0.0
0.0
0.0
0.0
0.0
0.0
0.0
0.0
0.0
0.0
0.0
0.0
0.0
0.0
0.0
0.0
0.021327687996609408
0.0
0.02157132317636088
0.0
0.0
0.0
0.0
0.0
0.0
0.0
0.0
0.0
0.0
0.0
0.0
0.0
0.009433018431136062
0.0
0.0
0.0
0.0
0.0064503770141155735
0.0
0.0
0.0
0.0
0.0
0.0
0.0
0.0
0.0
0.0
0.0
0.11122229435267074
0.0
0.00809698091336964
0.0
0.0
0.0
0.0
0.0
0.0
0.0
0.0
0.0
0.0
0.0
0.0
0.0
0.005825270893770765
0.0
0.0
0.0
0.0
0.0
0.0
0.0
0.0
0.0
0.0
0.0
0.0
0.0
0.0
0.0
0.0
0.0
0.0
0.0
0.0
0.0
0.0
0.0
0.0
0.0
0.0
0.0
0.0
0.0
0.0
0.0
0.0
0.0
0.0
0.0
0.0
0.0
0.0
0.0
0.0
0.0
0.0
0.0
0.0
0.0
0.0
0.0
0.0
0.0
0.0
0.0
0.0
0.0
0.0
0.009959821021507406
0.0
0.0
0.0
0.0
0.0
0.0
0.010844639832750712
0.0
0.0
0.0
0.0
0.0
0.0
0.0
0.0
0.0
0.0
0.0
0.0
0.0
0.0
0.0
0.0
0.0
0.0
0.0
0.0
0.0
0.0
0.0
0.0
0.0
0.0
0.0
0.0
0.0
0.0
0.0
0.0
0.0
0.0
0.0
0.0
0.0
0.0
0.0
0.0
0.0
0.0
0.0
0.0
0.0
0.0
0.0
0.0
0.0
0.0
0.0
0.0
0.0
0.01165054178754153
0.0
0.0
0.0
0.0
0.00388351392918051
0.0
0.0
0.0
0.0
0.0
0.0
0.0
0.0
0.0
0.0
0.0
0.0
0.0
0.0
0.0
0.0
0.0
0.010190199798893901
0.009127111559337122
0.0
0.0
0.005019368938979947
0.0
0.0
0.0
0.0
0.0
0.0
0.0
0.0
0.0
0.0
0.0
0.0
0.0
0.0
0.0
0.0
0.0
0.0
0.0
0.0
0.0
0.0
0.0
0.009708784822951276
0.005825270893770765
0.0
0.0
0.0
0.0
0.0
0.0
0.0
0.0
0.0
0.0
0.0
0.0
0.0
0.0
0.0
0.0
0.0
0.0
0.0
0.0
0.01935113104234672
0.0
0.0
0.0
0.0
0.0
0.00739295793657234
0.0
0.0
0.0
0.0
0.0
0.0
0.00388351392918051
0.006961125903570203
0.0
0.0
0.0
0.0
0.0
0.0
0.0
0.0
0.0
0.0
0.0
0.0
0.0
0.0
0.018465671846338155
0.0
0.0
0.001941756964590255
0.0
0.0
0.0
0.0
0.0
0.0030776119743896923
0.00961984518964106
0.0
0.0857519008965474
0.0
0.0
0.0
0.0
0.0
0.0
0.0
0.0
0.0
0.0
0.006961125903570203
0.07858196841976621
0.0061552239487793845
0.0
0.0
0.0
0.0
0.009334714901162597
0.0
0.008659132403602967
0.005451200971982086
0.0
0.0
0.0
0.0
0.0
0.0
0.0
0.0
0.0
0.004508620049525319
0.0
0.0
0.0
0.0
0.0
0.0
0.0
0.0
0.0
0.0
0.0
0.0
0.0
0.04214594951661373
0.0
0.07695876151712848
0.0
0.0
0.0
0.0
0.0
0.0
0.0
0.0
0.0
0.0
0.0
0.001941756964590255
0.0
0.0
0.0
0.0
0.0
0.0
0.0
0.0
0.0
0.0
0.0
0.0
0.0
0.0
0.0
0.0
0.0
0.0
0.0
0.0
0.0
0.0
0.0
0.0
0.006961125903570203
0.0
0.0
0.0
0.0
0.0
0.029879463064522216
0.0
0.0
0.0
0.0
0.0
0.0
0.0
0.0
0.030570599396681705
0.0
0.0
0.0
0.0
0.0
0.0
0.0
0.0
0.0
0.01678426795741166
0.0
0.0
0.0
0.0
0.0
0.0
0.0
0.0
0.0
0.0
0.0
0.0
0.0
0.0
0.055072357069457054
0.0
0.0
0.0
0.0
0.0
0.0
0.0
0.0
0.02157132317636088
0.0
0.0
0.0
0.0
0.0
0.008783657932929222
0.0
0.0
0.0
0.0
0.0
0.008659132403602967
0.0
0.0
0.0
0.0
0.0
0.0
0.0
0.0
0.0
0.0
0.0
0.0
0.0
0.0
0.0
0.0
0.0
0.0
0.0
0.0
0.0
0.0
0.0
0.0
0.0
0.0
0.0
0.0
0.0
0.0030776119743896923
0.0
0.0
0.0
0.0
0.0
0.005019368938979947
0.0
0.0
0.0
0.0
0.019417569645902553
0.0
0.0
0.0
0.0
0.0075862320239150115
0.0
0.001941756964590255
0.0
0.0
0.0
0.0
0.0
0.0
0.0
0.0
0.0
0.0
0.0
0.0
0.0
0.0
0.0
0.0
0.0
0.0
0.0
0.0
0.008528812946371778
0.0
0.0
0.0
0.004508620049525319
0.0
0.0
0.0
0.0
0.006717375439012711
0.0
0.0
0.0
0.0
0.0
0.0
0.0
0.0
0.009017240099050639
0.008248442834303647
0.0
0.0
0.0
0.0
0.0
0.0
0.0
0.0
0.0
0.0
0.0
0.0
0.030116213633879684
0.0
0.0
0.0
0.0
0.008902882868160458
0.0
0.0
0.0
0.0
0.0
0.001941756964590255
0.005019368938979947
0.013922251807140407
0.0
0.0
0.0
0.006717375439012711
0.0
0.0
0.0
0.0
0.0
0.0
0.0
0.0
0.0
0.0
0.0
0.0
0.0
0.0
0.0
0.0
0.0
0.0
0.0
0.0
0.0
0.0
0.0
0.0
0.0
0.0061552239487793845
0.0
0.0
0.0
0.0
0.009232835923169078
0.0
0.0
0.0
0.00839213397870583
0.0
0.0
0.0
0.0
0.0
0.0
0.0
0.0
0.0
0.0
0.0
0.0
0.0
0.0
0.0
0.0
0.0
0.0
0.0
0.0
0.0
0.0
0.0
0.0
0.0
0.0
0.0
0.0
0.0
0.0
0.0
0.0
0.0
0.001941756964590255
0.0
0.01619396182673928
0.0
0.005825270893770765
0.0
0.0
0.0
0.0
0.0
0.0
0.0
0.0
0.0
0.0
0.0
0.0
0.0
0.0
0.0
0.0
0.0
0.0
0.0
0.0
0.0
0.0
0.0
0.0
0.0
0.0
0.0
0.0
0.0
0.005825270893770765
0.0
0.0
0.0
0.0
0.0
0.0
0.010115492354418158
0.0
0.0
0.0
0.0
0.0
0.0
0.001941756964590255
0.0
0.0
0.0
0.0
0.0
0.0
0.0
0.0
0.0
0.0
0.0
0.0
0.0
0.0
0.0
0.0
0.0
0.0
0.0
0.0
0.0
0.0
0.0
0.0
0.0
0.0
0.0
0.0
0.0
0.0
0.0
0.0
0.0
0.0
0.0
0.0
0.0
0.0
0.0
0.0
0.0
0.0
0.0
0.0
0.0
0.0
0.0
0.0
0.0
0.0
0.0
0.0
0.0
0.0
0.0
0.0
0.0
0.0
0.0
0.0
0.0
0.0
0.0
0.0
0.0
0.0
0.008902882868160458
0.0
0.0
0.0
0.010844639832750712
0.0
0.0
0.0
0.0
0.0
0.0
0.0
0.0
0.0
0.0
0.0
0.0
0.0
0.0
0.0
0.020230984708836316
0.0
0.0
0.005825270893770765
0.00739295793657234
0.0
0.0
0.0
0.0
0.021689279665501424
0.0
0.0
0.0
0.0
0.0
0.001941756964590255
0.0061552239487793845
0.0
0.0
0.0
0.0
0.0
0.0
0.009232835923169078
0.0
0.0
0.005019368938979947
0.0
0.0
0.0
0.0
0.0
0.0
0.0
0.0
0.0
0.0
0.0
0.0
0.0
0.019055977977010533
0.0
0.0
0.0
0.0
0.0
0.0
0.0
0.0
0.0
0.0
0.0
0.0
0.0
0.0
0.0
0.0
0.0
0.0
0.0
0.006717375439012711
0.0
0.0
0.0
0.0
0.0
0.0
0.0
0.0
0.0
0.0
0.0
0.018669429802325194
0.0
0.0
0.0
0.0
0.0
0.0
0.0
0.0
0.0
0.0
0.0
0.0
0.0
0.0
0.0
0.0
0.0
0.0
0.0
0.0
0.0
0.0
0.0
0.0
0.0
0.0
0.0
0.0
0.0
0.0
0.0
0.0
0.0061552239487793845
0.0
0.0
0.0
0.0
0.0
0.0
0.0
0.0
0.0
0.009127111559337122
0.0
0.0
0.0
0.0
0.0
0.0
0.0
0.0
0.0
0.0
0.0
0.030788899707409674
0.0
0.0
0.0
0.0
0.0
0.0
0.0
0.0
0.0
0.0
0.0
0.0
0.00839213397870583
0.0
0.0
0.0
0.001941756964590255
0.0
0.0
0.0
0.0
0.006717375439012711
0.0
0.0
0.0
0.001941756964590255
0.0
0.00388351392918051
0.0
0.0
0.0
0.0
0.0
0.0
0.0
0.0
0.0
0.0
0.0
0.04337855933100285
0.0
0.0
0.0
0.0
0.0
0.0
0.024290942740108918
0.0
0.0
0.0
0.0
0.0
0.020806127836243294
0.0
0.0
0.009794987413402404
0.0
0.0
0.0
0.0
0.0
0.0
0.0
0.0
0.0
0.0
0.0
0.0
0.0
0.0
0.026708648604481373
0.0
0.0
0.0
0.0
0.0
0.0
0.0
0.0
0.0
0.0
0.0
0.0064503770141155735
0.0
0.0
0.0
0.0
0.025176401936117487
0.0
0.0
0.0
0.0
0.0
0.0
0.0
0.0
0.0
0.0
0.0
0.0
0.0
0.0
0.0
0.0
0.005825270893770765
0.0
0.0
0.0
0.0
0.0
0.0
0.0
0.0
0.0
0.0
0.0
0.0
0.0
0.0
0.0
0.0
0.0
0.0
0.0
0.0
0.0
0.0
0.0
0.02769850776950723
0.0
0.0
0.0
0.0
0.0
0.0
0.0
0.0
0.0
0.0
0.0
0.0
0.0
0.04290165959007791
0.0
0.0
0.0
0.0
0.04314264635272176
0.0
0.0
0.08980796390830424
0.007185354594746866
0.0
0.0
0.008783657932929222
0.0
0.0
0.00739295793657234
0.0
0.0
0.0
0.0
0.0
0.0
0.0
0.0
0.0
0.0
0.0
0.0030776119743896923
0.0
0.0
0.0
0.0
0.0
0.0
0.0
0.0
0.0
0.0
0.0
0.0
0.0
0.0
0.008783657932929222
0.0
0.0
0.0
0.0
0.0
0.0
0.0
0.0
0.0
0.006717375439012711
0.0
0.0
0.0
0.0
0.0
0.0
0.0
0.0
0.00388351392918051
0.006717375439012711
0.0
0.0
0.0
0.0
0.0
0.0
0.0
0.0
0.0
0.0
0.0
0.0
0.0
0.0
0.0
0.0
0.0
0.0
0.0
0.0
0.0
0.0
0.0
0.0
0.0
0.0
0.0
0.0
0.0
0.0
0.0
0.0
0.0
0.0
0.0
0.0
0.0
0.0
0.0
0.0
0.0
0.0
0.0
0.0
0.0
0.0
0.0
0.0
0.0
0.0
0.0
0.0
0.0
0.0
0.009433018431136062
0.0
0.0
0.02066778188659217
0.0
0.0
0.009334714901162597
0.0
0.0
0.0
0.0
0.0
0.0
0.0
0.0
0.0
0.0
0.0
0.05268243689576716
0.0
0.0
0.0
0.0
0.0
0.0
0.0
0.0
0.0
0.0
0.0
0.0
0.0
0.0
0.0
0.0
0.0
0.0
0.0
0.0
0.0
0.0
0.0
0.02912635446885383
0.0
0.001941756964590255
0.0
0.0
0.0
0.0
0.010403063918121647
0.0
0.0
0.0
0.0
0.0
0.0
0.0
0.0
0.0
0.0
0.001941756964590255
0.0
0.0
0.0
0.0
0.0
0.0
0.0
0.0
0.0
0.0
0.0
0.0
0.0
0.0
0.0
0.0
0.010038737877959895
0.02474532850291094
0.0
0.0
0.0
0.0
0.0
0.0
0.0
0.0
0.0
0.0
0.0
0.0
0.0
0.0
0.0
0.0
0.0
0.0
0.0
0.0
0.0
0.0
0.0
0.0
0.0
0.0
0.0
0.0
0.05534434261963689
0.0
0.0
0.0
0.0
0.0
0.0
0.0
0.006961125903570203
0.0
0.0
0.0
0.0
0.0
0.0
0.0
0.0
0.0
0.0
0.0
0.0
0.0
0.0
0.0
0.0
0.0
0.0
0.0
0.0
0.0
0.0
0.0
0.0
0.0
0.0
0.0
0.0
0.0
0.0
0.0
0.0
0.0
0.0
0.0
0.0
0.0
0.0
0.0
0.0
0.0
0.0
0.0
0.0
0.0
0.0
0.019055977977010533
0.0
0.0
0.0
0.0
0.0
0.03253391949825214
0.0
0.0
0.0
0.0
0.0
0.0
0.0
0.0
0.0
0.0
0.0
0.001941756964590255
0.0
0.0
0.0
0.0
0.0
0.0
0.0
0.0
0.0
0.0
0.0
0.0
0.0
0.0
0.0
0.0
0.0
0.0
0.0
0.0
0.0
0.0
0.0
0.0
0.0
0.0
0.0
0.0
0.0
0.0061552239487793845
0.0
0.0
0.018034480198101277
0.0
0.0
0.0
0.0
0.0
0.0
0.0
0.0
0.0
0.0
0.0
0.06765883119451711
0.0
0.0
0.0
0.0
0.0
0.01478591587314468
0.0
0.0
0.0
0.0
0.0
0.0
0.0
0.0
0.0064503770141155735
0.0
0.0
0.0
0.0
0.0
0.0
0.05201531959060823
0.0
0.0
0.0
0.0
0.0
0.005451200971982086
0.0
0.0
0.0
0.0
0.0
0.0
0.0
0.02769850776950723
0.0
0.0
0.0
0.0
0.0
0.0
0.0
0.0
0.0
0.0
0.0
0.0
0.022244458870534146
0.00961984518964106
0.0
0.0
0.0
0.0
0.0
0.0
0.0
0.0
0.0
0.0
0.0
0.0
0.0
0.0
0.0
0.0
0.0
0.0
0.0
0.0
0.0
0.020525933138273115
0.007936859439501719
0.0
0.0
0.1334667532232049
0.0
0.0
0.0
0.0
0.0
0.0
0.0
0.010262966569136557
0.0
0.0
0.0
0.0
0.0
0.0
0.019589974826804808
0.0
0.0
0.0
0.0
0.0
0.12348595037391834
0.0
0.0061552239487793845
0.0
0.0
0.0
0.0
0.0
0.0
0.0
0.0
0.0
0.001941756964590255
0.0
0.0
0.0
0.0
0.0
0.005825270893770765
0.0
0.0
0.0
0.0
0.0
0.0
0.0
0.0
0.0
0.0
0.0
0.022349185775518667
0.0
0.010038737877959895
0.0
0.0
0.0
0.0
0.0
0.0
0.0
0.0
0.0
0.0
0.0
0.0
0.0
0.0
0.0
0.0
0.0
0.0
0.0
0.0
0.0
0.0
0.0
0.0030776119743896923
0.0
0.0
0.0
0.0
0.0
0.0
0.0
0.0
0.0
0.0
0.0
0.0
0.0
0.0
0.0
0.0
0.0
0.00388351392918051
0.0
0.0
0.0
0.0
0.0
0.0
0.0
0.0
0.0
0.0
0.0
0.0
0.0
0.0
0.0
0.0
0.0
0.0
0.0
0.0
0.0
0.008659132403602967
0.0
0.0
0.0
0.0
0.008902882868160458
0.0
0.0
0.0
0.0
0.0
0.0
0.0
0.0
0.0
0.0
0.0
0.0
0.0
0.009708784822951276
0.0
0.0
0.0
0.0
0.0
0.0
0.0
0.0
0.0
0.0
0.0
0.0
0.0
0.0
0.0
0.0
0.0
0.0
0.0
0.0
0.0
0.0
0.0
0.0
0.0
0.0
0.0
0.005019368938979947
0.0
0.038835139291805106
0.005019368938979947
0.0
0.0
0.0
0.0
0.0
0.007936859439501719
0.0
0.008248442834303647
0.00739295793657234
0.0
0.006717375439012711
0.0
0.0
0.0
0.0
0.0
0.0
0.0
0.0
0.0
0.0030776119743896923
0.0
0.0
0.0
0.0
0.0
0.010262966569136557
0.0
0.0
0.0
0.0
0.0
0.0
0.0
0.011068868523927378
0.0
0.0
0.0
0.0
0.0
0.006717375439012711
0.0
0.0
0.0
0.0
0.0
0.0
0.0
0.0
0.0
0.0
0.0
0.02474532850291094
0.0
0.0
0.0
0.0030776119743896923
0.0
0.24351510752640232
0.0
0.0
0.0
0.0
0.0
0.0
0.0
0.0
0.0
0.02007747575591979
0.006717375439012711
0.0
0.0
0.0
0.0
0.0
0.0
0.030346477063254478
0.0
0.0
0.0
0.0
0.0
0.0
0.0
0.0
0.0061552239487793845
0.009017240099050639
0.0
0.0
0.0
0.0
0.0
0.0
0.017057625892743556
0.0
0.0
0.0
0.0
0.0
0.0
0.0
0.0
0.0
0.0
0.0
0.0
0.0
0.0
0.0
0.0
0.0
0.0
0.009959821021507406
0.0
0.0
0.0
0.0
0.0
0.0
0.0
0.0
0.0
0.0
0.0
0.0
0.0
0.0
0.0
0.0
0.0
0.0
0.0
0.008783657932929222
0.0
0.0
0.0
0.0
0.0
0.0
0.0
0.0
0.0
0.0
0.0
0.04510588746301141
0.007185354594746866
0.0
0.0
0.0
0.0
0.0
0.0
0.0
0.0
0.0
0.0
0.022137737047854756
0.0
0.0
0.0
0.0
0.0
0.0
0.0
0.00388351392918051
0.0
0.0
0.0
0.11042611665755885
0.0
0.0
0.0
0.0
0.010115492354418158
0.0
0.0
0.0
0.0
0.0
0.0
0.008528812946371778
0.0
0.054103440594303824
0.0
0.0
0.010470569910962034
0.0
0.0
0.0
0.0
0.0
0.0
0.0
0.0
0.0
0.0
0.0
0.0
0.0
0.0
0.0
0.0
0.0
0.0
0.005825270893770765
0.0
0.0
0.0
0.0
0.0
0.0
0.0
0.0
0.0
0.0
0.0
0.0
0.0
0.0
0.0
0.0
0.0
0.0
0.0
0.0
0.0
0.0
0.00739295793657234
0.0
0.0
0.020941139821924068
0.0
0.0
0.0
0.0
0.0
0.0
0.0
0.029635849212275925
0.0
0.0
0.0
0.009232835923169078
0.0
0.0
0.0
0.0064503770141155735
0.0
0.0
0.0
0.0
0.0
0.0
0.0
0.0
0.0
0.0
0.0
0.0
0.0
0.0
0.0
0.0
0.0
0.0
0.0
0.0
0.0
0.006961125903570203
0.0
0.0
0.0
0.0
0.0
0.008659132403602967
0.0
0.0
0.0
0.0
0.0
0.0
0.0
0.0
0.0
0.0
0.0
0.0
0.0
0.0
0.0
0.0
0.0075862320239150115
0.0
0.0
0.0
0.0
0.0
0.0
0.0
0.0
0.0
0.0
0.0
0.0
0.0
0.0
0.0
0.0
0.0
0.0
0.0
0.005825270893770765
0.0
0.0
0.0
0.010038737877959895
0.0
0.0
0.0
0.0
0.0
0.0030776119743896923
0.021450829795038956
0.0
0.0
0.0
0.0
0.0
0.0
0.0
0.0
0.0
0.0
0.0
0.0
0.0
0.0
0.0
0.0
0.0
0.0
0.032876991190922675
0.0
0.0
0.0
0.0
0.0
0.0
0.0
0.0
0.0
0.0
0.0
0.0
0.0
0.0
0.0
0.0
0.0
0.0
0.0064503770141155735
0.0
0.0
0.0
0.0
0.0
0.0
0.0
0.0
0.0
0.0
0.0
0.0
0.008902882868160458
0.0
0.009127111559337122
0.0
0.0
0.0
0.0
0.0
0.0
0.009527988988505267
0.0
0.0
0.010038737877959895
0.0
0.0
0.0
0.0
0.0
0.0
0.0
0.0
0.0
0.19170002171779849
0.0
0.0
0.0
0.006961125903570203
0.0
0.010038737877959895
0.0
0.0
0.0
0.0
0.0
0.0
0.0
0.0
0.0
0.0
0.0
0.0
0.0
0.0
0.0
0.0
0.0
0.0
0.0
0.0
0.0
0.0
0.0
0.11014471413891411
0.0
0.0
0.0
0.0
0.0
0.0
0.0
0.0
0.0
0.0
0.0030776119743896923
0.0
0.0
0.0
0.0
0.0
0.0
0.0
0.0
0.0
0.0
0.0
0.0
0.0
0.0
0.0
0.0
0.0
0.0
0.0
0.0
0.07858196841976621
0.07233723660307259
0.0
0.0
0.0
0.0
0.0
0.0
0.0
0.0
0.0
0.010663843998304704
0.0
0.0
0.0
0.0
0.0
0.0
0.0
0.0
0.0
0.0
0.0
0.0
0.0
0.02474532850291094
0.0064503770141155735
0.009127111559337122
0.0
0.0
0.0
0.0
0.0
0.0
0.0
0.0
0.0
0.0
0.0
0.0
0.004508620049525319
0.0
0.0
0.008783657932929222
0.0
0.0
0.0
0.0
0.0
0.0
0.005019368938979947
0.0
0.0
0.0
0.0
0.0
0.0
0.0
0.0
0.0
0.0
0.0
0.0
0.0
0.0
0.0
0.0
0.0
0.0
0.0
0.0
0.0
0.0
0.0
0.021804803887928343
0.0
0.0
0.0
0.0
0.0
0.0
0.0
0.0
0.0
0.0
0.0
0.0
0.0
0.0
0.0
0.0
0.0
0.0
0.0
0.06471396952908265
0.0
0.0
0.0
0.0
0.0
0.0
0.0
0.0
0.0
0.0
0.0
0.008783657932929222
0.0
0.0
0.008659132403602967
0.0
0.0
0.0
0.0
0.0
0.0
0.0
0.0
0.0
0.0
0.0
0.0
0.0
0.0
0.0
0.010115492354418158
0.0
0.0
0.0030776119743896923
0.0
0.0
0.0
0.0
0.0
0.0
0.0
0.0
0.0
0.0
0.0
0.0
0.0
0.0
0.0
0.0
0.0
0.008783657932929222
0.0
0.0
0.0
0.0
0.0
0.0
0.0
0.0
0.0
0.0
0.0
0.0
0.0
0.008783657932929222
0.0
0.0
0.0
0.01678426795741166
0.043609607775856686
0.0
0.0
0.0
0.0
0.0
0.0
0.0
0.05587296443879666
0.0
0.0
0.0
0.0
0.0
0.0
0.0
0.0
0.0
0.0
0.0
0.0
0.0
0.0
0.0
0.0
0.0
0.0
0.0
0.0
0.0
0.0
0.0
0.009527988988505267
0.0
0.009232835923169078
0.0
0.0
0.0
0.0
0.0
0.0
0.0
0.0
0.0
0.0
0.0
0.0
0.0
0.0
0.0
0.0
0.009959821021507406
0.007936859439501719
0.0
0.021450829795038956
0.0
0.0
0.0
0.0
0.0
0.0
0.001941756964590255
0.0
0.018866036862272124
0.0
0.0
0.0061552239487793845
0.0
0.020525933138273115
0.0
0.0
0.0
0.0
0.0
0.0
0.0
0.0
0.0
0.0
0.0
0.0
0.009527988988505267
0.0
0.0
0.0
0.0
0.0
0.0
0.0
0.0
0.0
0.0
0.0
0.0030776119743896923
0.00388351392918051
0.0
0.0
0.0
0.0
0.0
0.042403557472772885
0.0
0.0
0.0
0.0
0.0
0.0
0.0
0.0
0.0
0.0
0.0
0.0
0.0
0.0
0.0
0.009878616404091975
0.00388351392918051
0.067047557326556
0.00961984518964106
0.0
0.0
0.0
0.0
0.0
0.0
0.0
0.0
0.0
0.0
0.0
0.0
0.0
0.0
0.0
0.0061552239487793845
0.0
0.0
0.0
0.0
0.0
0.0
0.01923969037928212
0.01101447141389141
0.0
0.0
0.0
0.0
0.0
0.0
0.0
0.0
0.004508620049525319
0.0
0.0
0.0
0.0
0.0
0.0
0.0
0.0
0.0
0.0
0.0
0.0
0.0
0.010262966569136557
0.006717375439012711
0.0
0.0
0.0
0.0
0.0
0.0
0.0
0.0
0.0
0.0
0.0075862320239150115
0.0
0.0
0.0
0.0
0.0
0.0
0.0
0.01078566158818044
0.0
0.042655375993218815
0.0
0.0
0.0
0.0
0.0
0.0
0.0
0.0
0.0
0.0
0.004508620049525319
0.0
0.0
0.0
0.0
0.0
0.0
0.0
0.0
0.0
0.0
0.0
0.0
0.0
0.020230984708836316
0.0030776119743896923
0.0
0.0
0.0
0.0
0.0
0.0
0.0
0.0
0.0
0.0061552239487793845
0.0
0.0
0.0
0.0
0.006961125903570203
0.0
0.0
0.0
0.0
0.0
0.0
0.0
0.0
0.0
0.0
0.0
0.0
0.0
0.0
0.030346477063254478
0.0
0.0
0.0
0.0
0.0
0.0
0.0
0.0
0.0
0.02066778188659217
0.0
0.0
0.0
0.0
0.055072357069457054
0.0
0.0
0.0
0.0
0.0
0.0
0.0
0.0
0.0
0.0
0.0
0.0
0.0
0.0
0.006717375439012711
0.0
0.0
0.0
0.0
0.0
0.0
0.0
0.0
0.0
0.0
0.0
0.0
0.0
0.0
0.00739295793657234
0.0
0.0
0.0
0.001941756964590255
0.0
0.0
0.0
0.0
0.005451200971982086
0.0
0.0
0.0
0.0
0.0
0.0
0.0
0.0
0.0
0.0
0.0
0.041882279643848136
0.0
0.0
0.0
0.0
0.0
0.0
0.001941756964590255
0.0
0.0
0.0
0.0
0.0
0.022349185775518667
0.0
0.0
0.0
0.0
0.0
0.010663843998304704
0.0
0.0
0.00739295793657234
0.0
0.0
0.0
0.0
0.0030776119743896923
0.0
0.0
0.0
0.0
0.017057625892743556
0.0
0.0
0.0
0.0
0.0
0.0
0.0
0.0
0.0
0.0
0.0
0.0
0.0
0.015172464047830023
0.0064503770141155735
0.0
0.0
0.0
0.0030776119743896923
0.0
0.020806127836243294
0.07858196841976621
0.0
0.005019368938979947
0.0
0.0
0.029635849212275925
0.0
0.0
0.0
0.0
0.0
0.0
0.0
0.0
0.0
0.04427547409570951
0.020525933138273115
0.0
0.0
0.0
0.0
0.0061552239487793845
0.0
0.0
0.0
0.0
0.0
0.0
0.0
0.0
0.005825270893770765
0.0
0.0
0.0
0.0
0.0
0.0
0.0
0.021450829795038956
0.0
0.0
0.0
0.0
0.0
0.0
0.0
0.0
0.0
0.0
0.0
0.0
0.0
0.0
0.0
0.0
0.0
0.0
0.0
0.0
0.0
0.0
0.0
0.0
0.05534434261963689
0.0
0.0
0.0
0.0
0.0
0.0
0.0
0.0
0.027051720297151912
0.0
0.0
0.0
0.0
0.0
0.0
0.0
0.0
0.0
0.0
0.0064503770141155735
0.0
0.0
0.0
0.0
0.0
0.0
0.0
0.0
0.0
0.0
0.0
0.0
0.0
0.0
0.0
0.022552943731505706
0.0
0.010190199798893901
0.0
0.0
0.0
0.010403063918121647
0.0
0.04405788565556564
0.0
0.0
0.0
0.0
0.009127111559337122
0.0
0.0
0.0
0.0
0.0
0.0
0.0
0.00839213397870583
0.020941139821924068
0.11127041589859973
0.0
0.0
0.0
0.0
0.0
0.0
0.0
0.0
0.0
0.0
0.0
0.0
0.0
0.0
0.001941756964590255
0.0
0.0
0.0
0.0
0.0
0.0
0.0
0.0
0.0
0.0
0.0
0.0
0.0
0.0
0.008248442834303647
0.004508620049525319
0.0
0.0
0.020380399597787802
0.018465671846338155
0.0
0.0
0.0
0.004508620049525319
0.0
0.0
0.0
0.0
0.0
0.0
0.006717375439012711
0.0
0.0
0.0
0.028583966965515798
0.0
0.0030776119743896923
0.0
0.0
0.0
0.0
0.0
0.06765883119451711
0.0
0.0
0.022244458870534146
0.0
0.0
0.02007747575591979
0.0
0.0
0.0
0.0
0.005825270893770765
0.0
0.0
0.0
0.0
0.0
0.0
0.0
0.0
0.0
0.0
0.0
0.0
0.0
0.0
0.0
0.0
0.0
0.0
0.0030776119743896923
0.0
0.04448891774106829
0.0
0.0
0.00961984518964106
0.0
0.0
0.009794987413402404
0.0061552239487793845
0.0
0.0
0.0
0.0
0.0
0.0
0.0
0.02202894282778282
0.0
0.0
0.0
0.0
0.0
0.32701768410683274
0.0
0.0
0.0
0.0
0.033523778663278
0.005019368938979947
0.0
0.0
0.0
0.0
0.005451200971982086
0.0
0.0
0.0
0.0
0.0
0.0
0.0
0.0
0.0
0.0
0.0
0.0
0.0
0.0
0.001941756964590255
0.006717375439012711
0.010902401943964172
0.0
0.0
0.0
0.0
0.0
0.0
0.0
0.0
0.0
0.0
0.0
0.0
0.0
0.0
0.0
0.0
0.0
0.0
0.0
0.0
0.0
0.0
0.0
0.0
0.0
0.0
0.0
0.0
0.0
0.0
0.0
0.0
0.0
0.0
0.0
0.0
0.0
0.0
0.0
0.0
0.0
0.0
0.0
0.0
0.0
0.0
0.0
0.0
0.0
0.0
0.0
0.0
0.0
0.0
0.0
0.0
0.0
0.0
0.0
0.0
0.0
0.0
0.0
0.0
0.0
0.0
0.0
0.00388351392918051
0.0
0.010536487379153433
0.0
0.0
0.0
0.0
0.0
0.0
0.0
0.0
0.0
0.0
0.0
0.0
0.005019368938979947
0.0
0.0
0.009794987413402404
0.0
0.0
0.0
0.0
0.0
0.0
0.0
0.0
0.0
0.0
0.0
0.0
0.008783657932929222
0.0
0.0
0.0
0.0
0.0
0.0
0.0
0.0
0.0
0.0
0.0
0.0
0.0
0.0
0.0
0.0
0.0
0.0
0.0
0.0
0.0
0.0
0.0
0.0
0.0
0.0
0.09021177492602282
0.0
0.049393082020459875
0.0
0.0
0.0
0.0
0.0
0.0
0.0
0.007185354594746866
0.0
0.0
0.0
0.0
0.0
0.0
0.0
0.0
0.0
0.0
0.0
0.0
0.0
0.0
0.0
0.0
0.0
0.0
0.0
0.0
0.0
0.0
0.0
0.0
0.0
0.0
0.0
0.0
0.0
0.0
0.0
0.0
0.0
0.01165054178754153
0.009334714901162597
0.0
0.0
0.0
0.0
0.0
0.0
0.0
0.0
0.0
0.0
0.0
0.0
0.0
0.0
0.001941756964590255
0.0
0.0
0.0
0.0
0.0
0.019055977977010533
0.0
0.0
0.0
0.0
0.0
0.05422319916375356
0.0
0.0
0.0
0.0
0.0
0.0
0.0
0.0
0.0
0.0
0.0
0.0
0.0
0.0
0.0
0.0
0.0
0.0
0.0
0.005019368938979947
0.0
0.0
0.0
0.0
0.0
0.0
0.0
0.0
0.0
0.0
0.008659132403602967
0.0
0.0
0.0
0.0
0.0
0.008902882868160458
0.0
0.0
0.031802668104579664
0.0
0.010403063918121647
0.0
0.010038737877959895
0.0
0.0
0.0
0.0
0.0
0.0
0.0
0.0
0.0
0.0
0.0
0.0
0.0
0.0
0.0
0.0
0.0
0.0
0.0
0.0
0.0
0.0
0.0
0.0
0.0
0.0
0.00776702785836102
0.0
0.0
0.0
0.0
0.0
0.02007747575591979
0.030346477063254478
0.0
0.00776702785836102
0.0
0.0
0.0
0.0
0.0064503770141155735
0.0
0.0
0.0
0.0
0.0
0.0
0.0
0.0
0.0
0.0
0.0
0.0
0.0
0.0
0.0
0.0
0.0
0.0
0.0
0.0
0.0
0.0
0.0
0.03358687719506356
0.0
0.0
0.0
0.0
0.0
0.0
0.0
0.0
0.0
0.0
0.0
0.0
0.0
0.0
0.0
0.0
0.0
0.0
0.033206605571782136
0.0061552239487793845
0.0
0.0
0.0
0.0
0.0
0.0
0.0
0.0
0.0
0.0
0.0
0.0
0.0
0.0
0.0
0.0
0.005451200971982086
0.005451200971982086
0.0
0.0
0.007185354594746866
0.0
0.0
0.0
0.0
0.0
0.0
0.006717375439012711
0.0
0.0
0.0
0.0
0.00809698091336964
0.006717375439012711
0.0
0.0
0.0
0.0
0.0
0.0
0.0
0.0
0.0
0.0
0.0
0.0
0.0
0.0
0.0
0.0
0.0
0.0
0.0
0.0
0.0
0.0
0.0
0.0
0.0
0.0
0.0
0.0
0.0
0.0
0.0
0.0
0.0
0.0
0.0075862320239150115
0.0
0.0
0.0
0.0
0.0
0.0
0.0
0.0
0.0
0.0
0.0
0.0
0.0
0.0
0.0
0.0
0.0
0.0
0.0
0.0
0.0
0.0
0.005825270893770765
0.0
0.0
0.0
0.0
0.0
0.0
0.0
0.0
0.0
0.0
0.0
0.020525933138273115
0.0
0.0
0.0
0.0
0.0
0.0
0.0
0.0
0.0
0.0
0.0
0.0
0.0
0.0
0.01923969037928212
0.0
0.0
0.0
0.0
0.0
0.0
0.020525933138273115
0.0
0.0
0.0
0.0
0.0
0.0
0.0
0.0
0.0
0.0
0.0
0.0
0.0
0.0
0.0
0.0
0.0
0.0
0.0
0.0
0.0
0.0061552239487793845
0.001941756964590255
0.0
0.00739295793657234
0.0
0.0
0.07785560604686952
0.0
0.0
0.0
0.0
0.0
0.0
0.0
0.0
0.0
0.0
0.0
0.0
0.0
0.0
0.0
0.0
0.0
0.0
0.0
0.0
0.0
0.0
0.0
0.0
0.0
0.0
0.0
0.0
0.0
0.0
0.0
0.010190199798893901
0.0
0.0
0.0
0.0
0.0
0.0
0.0
0.0
0.007936859439501719
0.0
0.0
0.0
0.0
0.0
0.0
0.0
0.0
0.0
0.0
0.0
0.0
0.0
0.0
0.0
0.0
0.0
0.0
0.0
0.001941756964590255
0.0
0.0
0.0
0.0
0.0
0.0
0.0
0.0
0.0
0.0
0.0
0.0
0.0
0.0
0.0
0.0
0.0
0.0
0.0
0.0
0.00839213397870583
0.009794987413402404
0.0
0.0
0.0
0.0
0.0
0.0
0.008248442834303647
0.0030776119743896923
0.0
0.0
0.0
0.0
0.0
0.020806127836243294
0.0
0.0
0.0
0.0
0.0
0.0
0.0
0.004508620049525319
0.0
0.0
0.0030776119743896923
0.004508620049525319
0.0
0.0
0.0
0.0
0.0
0.0
0.0
0.0
0.0
0.0
0.0
0.0
0.01678426795741166
0.0
0.0
0.0
0.0
0.0
0.0
0.0
0.0
0.0
0.0
0.0
0.0
0.0
0.00839213397870583
0.0
0.0
0.0
0.0
0.0
0.0
0.0
0.0
0.0
0.0
0.0
0.0
0.00961984518964106
0.0
0.0
0.006961125903570203
0.0
0.0
0.0
0.0
0.0
0.0
0.0
0.0
0.0
0.0
0.0
0.0
0.0
0.0
0.0
0.0
0.020525933138273115
0.0
0.0
0.0
0.0
0.0
0.0
0.0
0.0
0.0
0.0
0.0
0.0
0.0
0.0
0.0
0.0
0.0
0.0
0.0
0.0
0.0
0.0
0.0
0.0
0.0
0.0
0.0
0.0
0.0
0.0
0.0
0.0
0.0
0.0
0.0
0.0
0.0
0.0
0.0
0.0
0.011174592887759334
0.0
0.0
0.0
0.0
0.0
0.0
0.0
0.0
0.0
0.0
0.0
0.0
0.008528812946371778
0.0
0.0
0.0
0.0
0.0
0.0
0.0
0.0
0.0
0.0
0.0
0.001941756964590255
0.0
0.0
0.0
0.0
0.0
0.0
0.029384962240207212
0.0
0.0
0.0
0.0
0.019919642043014812
0.0
0.0
0.0
0.0
0.0
0.0
0.005825270893770765
0.0
0.0
0.0
0.0
0.0
0.0
0.0
0.0
0.0061552239487793845
0.0
0.0
0.0
0.008528812946371778
0.0
0.0
0.0
0.0
0.0
0.0
0.0
0.0
0.0
0.0
0.0
0.0
0.0
0.0
0.0
0.0
0.0
0.0
0.0
0.0
0.0
0.0
0.0
0.0
0.0
0.0
0.0
0.0
0.0
0.0
0.0
0.0
0.0
0.0
0.0
0.00776702785836102
0.0
0.0
0.0
0.0
0.0
0.0030776119743896923
0.0
0.0
0.0
0.0
0.0
0.0
0.0
0.0
0.0
0.0
0.0
0.0
0.0
0.0
0.0
0.0
0.0
0.0
0.0
0.009017240099050639
0.0
0.0
0.0
0.0
0.0
0.0
0.0
0.004508620049525319
0.0
0.0
0.0
0.0
0.0
0.0
0.0
0.0
0.0
0.0
0.0
0.0
0.0
0.0
0.0
0.0
0.0
0.0
0.01923969037928212
0.0
0.0
0.0
0.0
0.0075862320239150115
0.0
0.0
0.0
0.0
0.0030776119743896923
0.018866036862272124
0.0
0.03253391949825214
0.0
0.0
0.0
0.0
0.0
0.0
0.0
0.0
0.0
0.0
0.0
0.0
0.01619396182673928
0.0
0.0
0.0
0.0
0.001941756964590255
0.0
0.0
0.0
0.0
0.0
0.0
0.0
0.0
0.0
0.0
0.0
0.0
0.0
0.0
0.0
0.0
0.0
0.0
0.0
0.00809698091336964
0.0030776119743896923
0.0
0.0
0.0
0.0
0.0
0.0
0.0
0.0
0.0
0.0
0.0
0.0
0.0
0.0
0.0
0.018254223118674244
0.0
0.0
0.0
0.0
0.0
0.0
0.0
0.0
0.0
0.0
0.0
0.0
0.0
0.0
0.20297649358355133
0.0
0.0
0.0
0.0
0.0
0.0
0.0
0.0
0.0
0.0
0.0
0.03253391949825214
0.0
0.0
0.0
0.019417569645902553
0.0
0.030346477063254478
0.0
0.0
0.0
0.0
0.02474532850291094
0.0
0.0
0.0
0.0
0.0
0.0
0.01478591587314468
0.0
0.0
0.0
0.0
0.0
0.0
0.0
0.0
0.0
0.0
0.0
0.030570599396681705
0.0
0.0
0.0
0.04314264635272176
0.0
0.0
0.0
0.0
0.0
0.01553405571672204
0.0
0.0
0.0
0.0
0.0
0.0
0.0
0.0
0.0
0.0
0.01078566158818044
0.0
0.0
0.0
0.0
0.0
0.0
0.0
0.0
0.0
0.0
0.0
0.0
0.0
0.0
0.0
0.0
0.0
0.0
0.0
0.0
0.0
0.0
0.0
0.0
0.0
0.0
0.0
0.0
0.0
0.020941139821924068
0.0
0.0
0.0
0.009232835923169078
0.0
0.0
0.0
0.021327687996609408
0.0
0.0
0.0
0.0
0.0
0.0
0.0
0.0
0.0
0.0
0.0
0.0
0.0
0.0
0.0
0.0
0.0
0.0
0.0
0.0
0.0
0.0
0.0
0.009527988988505267
0.0
0.0
0.0
0.0
0.0
0.0
0.0
0.004508620049525319
0.0
0.0
0.0
0.0
0.005019368938979947
0.0
0.0
0.001941756964590255
0.0
0.0
0.0
0.0
0.0
0.009127111559337122
0.0
0.017057625892743556
0.0
0.0
0.0
0.015172464047830023
0.0
0.0
0.0
0.0
0.0
0.0
0.0
0.0
0.0
0.0
0.0
0.0
0.0
0.0
0.0
0.0
0.0
0.0
0.0
0.005451200971982086
0.0
0.005019368938979947
0.0
0.0
0.0
0.0
0.0
0.0
0.0
0.1459379413509944
0.0
0.0
0.0
0.001941756964590255
0.0
0.0
0.0
0.0064503770141155735
0.0
0.0
0.0
0.0
0.0
0.0
0.0
0.0
0.0
0.0
0.0
0.0
0.0
0.026708648604481373
0.030570599396681705
0.0
0.0
0.009433018431136062
0.0
0.0
0.0
0.0
0.001941756964590255
0.0
0.0
0.0
0.00776702785836102
0.0
0.0
0.0
0.0
0.0
0.0
0.0
0.0
0.0
0.0
0.0
0.0
0.0
0.0
0.0
0.0
0.00809698091336964
0.0
0.0030776119743896923
0.0
0.0
0.0
0.0030776119743896923
0.0
0.0
0.0
0.0
0.0
0.0
0.0
0.0
0.0
0.05422319916375356
0.0
0.010262966569136557
0.0
0.0
0.0
0.0
0.0
0.0
0.0
0.0
0.0
0.0
0.0
0.004508620049525319
0.0
0.0
0.0
0.0
0.0
0.0
0.0
0.0
0.0
0.0
0.0
0.0
0.0
0.0
0.0
0.0
0.0
0.0
0.0
0.0
0.0
0.0
0.0
0.0
0.0
0.0
0.0
0.0
0.0
0.0
0.0
0.0
0.0
0.010902401943964172
0.0
0.0
0.0
0.0
0.0
0.0
0.0
0.0
0.0
0.0
0.0
0.0
0.0
0.01122599548853803
0.0
0.0
0.0
0.0
0.0
0.007936859439501719
0.0
0.0
0.0
0.0
0.0
0.0
0.0
0.0
0.0
0.0
0.0
0.0
0.0
0.010725414897519478
0.0
0.0
0.0
0.0
0.0
0.0
0.0
0.0
0.0
0.0
0.0
0.0
0.0
0.0
0.0
0.0
0.0
0.010902401943964172
0.0
0.0
0.0
0.0
0.0
0.0
0.0
0.0
0.0
0.0
0.0
0.0
0.0
0.0
0.0
0.021072974758306866
0.0
0.0
0.0
0.0
0.0
0.0
0.0
0.0
0.0
0.0
0.018034480198101277
0.0
0.0
0.0
0.0
0.0
0.0
0.0
0.0
0.0
0.0
0.0
0.0
0.0
0.0
0.0
0.0
0.0
0.0
0.0
0.015172464047830023
0.0
0.0
0.0
0.0
0.0
0.0
0.0
0.0
0.0
0.0
0.0
0.0
0.0
0.0
0.0
0.0
0.0
0.0
0.0
0.0
0.0
0.0
0.0
0.0
0.0
0.0
0.0
0.008783657932929222
0.0
0.0
0.0
0.0
0.0
0.0
0.0
0.0
0.0
0.0
0.0
0.0
0.06735597293122819
0.0
0.0
0.001941756964590255
0.0
0.0
0.0
0.0
0.0
0.0
0.0
0.0
0.0
0.0
0.0
0.0
0.0
0.0
0.0
0.0
0.0
0.0
0.0
0.0
0.0
0.0
0.0
0.0
0.0
0.0
0.0
0.0
0.0
0.06398306398982823
0.005825270893770765
0.0
0.0061552239487793845
0.0
0.0
0.0
0.0
0.0
0.0
0.0
0.0
0.0
0.0
0.0
0.0
0.0
0.0
0.0
0.0
0.0
0.0
0.0
0.0
0.0
0.0
0.0
0.0
0.0
0.0
0.0
0.010333890943296085
0.0
0.0
0.0
0.0
0.0
0.0
0.0
0.0
0.0
0.0
0.0
0.0
0.0
0.0
0.0
0.0
0.004508620049525319
0.0
0.0
0.0
0.0
0.0
0.0
0.0
0.008902882868160458
0.0
0.0
0.0
0.0
0.0
0.0
0.0
0.0
0.0
0.0
0.0
0.0
0.0
0.0
0.0
0.0
0.0
0.0
0.0
0.0
0.0
0.0
0.0
0.0
0.0
0.0
0.0
0.0
0.0
0.0
0.0
0.0
0.0
0.0
0.0
0.0
0.0
0.0
0.0
0.0
0.0
0.0
0.0
0.021804803887928343
0.0
0.0
0.0061552239487793845
0.0
0.0
0.0
0.0
0.0
0.009232835923169078
0.0
0.0
0.0
0.0
0.0
0.0061552239487793845
0.0
0.0
0.0
0.0
0.005019368938979947
0.0
0.0
0.0
0.001941756964590255
0.0
0.0
0.0
0.0
0.0
0.0
0.0
0.0
0.0
0.005451200971982086
0.0
0.0
0.0
0.0
0.0
0.0
0.0
0.0
0.0
0.0
0.0
0.0
0.0
0.0
0.0
0.0
0.009334714901162597
0.0
0.042655375993218815
0.0
0.0
0.0
0.07785560604686952
0.0
0.0
0.0
0.0
0.0
0.02202894282778282
0.0
0.0
0.0
0.0
0.0
0.0
0.0
0.0
0.0
0.0
0.0
0.0
0.0
0.0
0.0
0.0
0.0
0.0
0.0
0.0
0.0
0.00388351392918051
0.0
0.0
0.042655375993218815
0.0
0.0
0.0
0.0
0.0
0.0
0.0
0.0
0.0
0.0
0.0
0.0
0.0
0.0
0.0
0.0
0.0
0.0
0.0
0.0
0.0
0.0
0.0
0.0
0.0
0.0
0.0
0.0
0.008783657932929222
0.0
0.0
0.0
0.0
0.0
0.0
0.0
0.0
0.0
0.0
0.0
0.009017240099050639
0.0
0.0
0.0
0.0
0.0
0.0
0.0
0.009708784822951276
0.0
0.0
0.0
0.0
0.0
0.0
0.0
0.0
0.011068868523927378
0.0
0.0
0.0
0.0
0.22552943731505706
0.0
0.007936859439501719
0.07858196841976621
0.0
0.022349185775518667
0.0
0.0
0.021327687996609408
0.043609607775856686
0.0
0.0
0.021917994127281782
0.11122229435267074
0.0
0.02157132317636088
0.018669429802325194
0.0
0.00776702785836102
0.0
0.0
0.0
0.09021177492602282
0.0
0.03336668830580122
0.0
0.0
0.010115492354418158
0.0
0.0
0.0
0.0
0.0
0.005825270893770765
0.0
0.0
0.0
0.0
0.0
0.0
0.021689279665501424
0.0
0.0
0.0
0.0
0.0
0.0
0.0
0.0
0.0
0.0
0.0
0.0
0.06735597293122819
0.0
0.0
0.0
0.0
0.0
0.0
0.00739295793657234
0.0
0.0
0.0
0.01101447141389141
0.0
0.0
0.0
0.007185354594746866
0.0
0.0
0.0
0.0
0.0
0.0
0.0
0.0
0.0
0.0
0.009878616404091975
0.0
0.0
0.0
0.0
0.0
0.0
0.0
0.0
0.0
0.0
0.0
0.0
0.0
0.0
0.0
0.0
0.00388351392918051
0.007185354594746866
0.0
0.0
0.0
0.0
0.0
0.0
0.0
0.0
0.0
0.0
0.0
0.0
0.006717375439012711
0.0
0.0
0.032176244692558434
0.0
0.0
0.0
0.0
0.0
0.0
0.0
0.0
0.0
0.0
0.0
0.0
0.0
0.0
0.0
0.0
0.0
0.0
0.0
0.0
0.0
0.0
0.0
0.0
0.0
0.0
0.0
0.0
0.0
0.0
0.0
0.0
0.0
0.0
0.0
0.0
0.0
0.0
0.0
0.0
0.0
0.0
0.0
0.0
0.0
0.0
0.0
0.0
0.0
0.0
0.0
0.009433018431136062
0.0
0.0
0.0
0.0
0.0
0.0
0.0
0.005019368938979947
0.0
0.0
0.0
0.0
0.032356984764541324
0.0
0.006717375439012711
0.0
0.02769850776950723
0.0
0.0
0.0
0.0
0.0
0.0
0.0
0.0
0.0
0.0
0.0
0.0
0.0
0.0
0.0
0.0
0.0
0.0
0.0
0.0
0.0
0.001941756964590255
0.0
0.0
0.009527988988505267
0.0
0.033677986465614096
0.0
0.0
0.0
0.0
0.005451200971982086
0.0
0.0
0.0
0.0
0.0
0.0
0.0
0.0
0.0
0.0
0.0
0.0
0.0
0.0
0.0
0.0
0.021804803887928343
0.0
0.0
0.0
0.0
0.0
0.0
0.0
0.0
0.0
0.0
0.0
0.0
0.0
0.0
0.0
0.0
0.0
0.0
0.0
0.0
0.0
0.0
0.0
0.0
0.0
0.0
0.0
0.0
0.0
0.0
0.0
0.0
0.0
0.0
0.0
0.0
0.0
0.02202894282778282
0.0
0.0
0.0
0.0
0.0
0.0
0.0
0.0
0.008248442834303647
0.007185354594746866
0.0
0.0
0.0
0.0
0.004508620049525319
0.0
0.0
0.0
0.0
0.009017240099050639
0.0
0.0
0.0
0.0
0.0
0.0
0.0
0.0
0.0
0.0
0.0
0.0
0.0
0.0
0.0
0.0
0.0
0.0
0.0
0.0
0.0
0.0
0.009127111559337122
0.0
0.0
0.0
0.0
0.0
0.005825270893770765
0.0
0.0
0.0
0.0
0.0
0.0
0.0
0.0
0.0
0.0
0.0
0.0
0.0
0.0
0.0
0.0
0.0
0.0
0.0
0.0
0.0
0.0
0.0
0.0
0.0
0.0
0.0
0.0
0.0
0.0
0.0
0.0
0.0
0.0
0.0314117097328861
0.0
0.0
0.0
0.0
0.0
0.0
0.0
0.0
0.0
0.0
0.0
0.0
0.007936859439501719
0.0
0.0
0.0
0.0
0.0
0.0
0.0
0.0
0.0
0.0
0.0
0.0
0.0
0.0
0.0
0.0
0.0
0.0
0.0
0.0
0.0
0.0
0.0
0.0
0.0
0.0
0.0
0.00809698091336964
0.0
0.0
0.0
0.0
0.0
0.0
0.0
0.0
0.0
0.0
0.0
0.0
0.0
0.0
0.0
0.0
0.0
0.0
0.0
0.0
0.0
0.0
0.0
0.07329398937673424
0.0
0.038111955954021066
0.017057625892743556
0.0
0.0
0.0
0.18817076490676543
0.0
0.0
0.0
0.0
0.0
0.00776702785836102
0.0
0.0
0.0
0.0
0.00839213397870583
0.0
0.0
0.0
0.010333890943296085
0.0
0.022349185775518667
0.0
0.0
0.02800414470348779
0.0
0.0
0.0
0.0
0.0
0.0
0.0
0.0
0.0
0.0
0.0
0.0
0.0
0.0
0.0
0.04133556377318434
0.0
0.0
0.0
0.0
0.0
0.0
0.0
0.0
0.0
0.0
0.0
0.005825270893770765
0.0
0.0
0.0030776119743896923
0.0
0.0
0.01078566158818044
0.0
0.0
0.0
0.0
0.0
0.0
0.0
0.0
0.009127111559337122
0.0
0.00809698091336964
0.0
0.0
0.0
0.0
0.009232835923169078
0.0
0.0
0.0
0.0
0.0
0.0
0.009232835923169078
0.016496885668607294
0.021327687996609408
0.0
0.0
0.0
0.0
0.0
0.04448891774106829
0.0
0.0
0.09863097357276802
0.0
0.02066778188659217
0.0
0.0
0.0
0.03120919175436494
0.0
0.0
0.010038737877959895
0.0
0.07893530306026997
0.0
0.0030776119743896923
0.009527988988505267
0.0
0.0
0.0
0.0
0.005019368938979947
0.0
0.0
0.0
0.0
0.0
0.0
0.006717375439012711
0.0
0.0
0.0
0.304464740375327
0.0030776119743896923
0.0
0.0
0.0
0.0
0.030788899707409674
0.005019368938979947
0.0
0.0
0.0
0.0
0.0
0.0
0.0
0.0
0.0
0.0
0.16914707798629278
0.0
0.0
0.0
0.0
0.0
0.0
0.0
0.0
0.0
0.0
0.03120919175436494
0.018254223118674244
0.0
0.0
0.0
0.0
0.0
0.010600889368193221
0.0
0.0
0.010470569910962034
0.0
0.010470569910962034
0.055072357069457054
0.0
0.0
0.0
0.0
0.018034480198101277
0.0
0.008902882868160458
0.0
0.0
0.010470569910962034
0.007185354594746866
0.0
0.0
0.0
0.0
0.0
0.0
0.0
0.0
0.0
0.0
0.0
0.0
0.0
0.0
0.0
0.0
0.0
0.0
0.0
0.11014471413891411
0.0
0.0
0.0
0.0
0.0
0.0
0.008248442834303647
0.015873718879003438
0.009334714901162597
0.009334714901162597
0.02245199097707606
0.009878616404091975
0.0
0.0
0.06608682848334846
0.0
0.0
0.0
0.0
0.0
0.0
0.0
0.0
0.0
0.0
