0.0
0.0
0.0
0.0
0.0
0.0
0.0
0.0
0.0
0.0
0.0
0.0
0.0
0.0
0.0
0.0
0.0
0.0
0.0
0.0
0.002933067962918697
0.0
0.0
0.0
0.0
0.0
0.0
0.0
0.0
0.0
0.0
0.0
0.0
0.0
0.0
0.0
0.0
0.0
0.0
0.0
0.0
0.0
0.0
0.0
0.0
0.0
0.0074361899600736
0.0
0.0
0.0
0.0
0.0
0.0
0.0
0.0008829414361595776
0.0
0.0
0.0
0.0
0.0
0.0
0.0008829414361595776
0.0
0.0
0.0
0.0
0.0
0.0
0.0
0.0
0.0
0.0
0.0
0.0
0.0
0.0
0.0
0.0
0.0
0.0
0.0
0.0
0.0
0.0
0.0
0.0
0.0
0.0
0.0
0.0013994290666458132
0.0
0.002933067962918697
0.0
0.0
0.004564741005610782
0.0
0.0
0.0
0.0
0.0
0.0
0.0
0.0
0.0
0.0
0.0
0.0
0.0
0.0
0.0
0.0008829414361595776
0.0
0.0
0.0
0.0
0.0
0.0
0.0
0.0
0.0
0.0
0.0
0.0
0.0
0.0
0.0
0.0
0.0
0.0
0.0
0.0
0.0031653119389649684
0.0
0.0
0.0
0.0
0.0
0.0
0.0
0.0
0.0
0.0
0.0
0.0
0.0
0.0
0.0
0.0
0.0
0.0
0.0
0.0
0.0
0.0
0.0
0.0
0.0
0.0
0.0
0.0
0.0
0.0
0.0
0.0
0.0013994290666458132
0.0
0.0
0.007946472925436198
0.0
0.0
0.0
0.0
0.0074361899600736
0.004100253053518239
0.0
0.0
0.0
0.0
0.0
0.0
0.0
0.0
0.0
0.0
0.0
0.0
0.0
0.0
0.0
0.0
0.0024787299866912
0.0
0.0
0.0
0.0
0.0
0.0
0.0
0.0
0.0
0.0
0.0
0.0
0.0
0.0
0.0
0.0
0.0020501265267591196
0.0
0.0
0.0
0.0
0.0
0.0
0.0
0.003994040290037807
0.0
0.0
0.0
0.0
0.0
0.0008829414361595776
0.0
0.0
0.0008829414361595776
0.0
0.0
0.004289312716673872
0.0017658828723191551
0.0
0.0
0.0
0.0
0.0
0.0
0.0
0.0
0.0
0.0
0.0
0.0
0.0
0.0
0.0031653119389649684
0.0
0.0
0.0
0.0
0.0
0.0
0.0
0.0
0.0
0.0
0.0
0.0
0.0
0.0
0.0
0.0
0.0
0.0
0.0
0.0
0.004048253375124546
0.0
0.0
0.0
0.0
0.0
0.0
0.0
0.0
0.0
0.0
0.0
0.0
0.0
0.0
0.0
0.0
0.0035317657446383103
0.0
0.0
0.0
0.0
0.0
0.0
0.0
0.0
0.0
0.0
0.0
0.0
0.0
0.0
0.0017658828723191551
0.0
0.0
0.0
0.0
0.0
0.0
0.0
0.0
0.0
0.0
0.0
0.0
0.0
0.0
0.0
0.0
0.0
0.0
0.0
0.0
0.0
0.0
0.0
0.0
0.0
0.0
0.0
0.0
0.0
0.0
0.0
0.0
0.010595297233914931
0.0
0.0
0.0
0.0
0.0
0.0
0.0
0.0
0.0
0.0
0.0
0.0
0.0
0.0
0.0
0.0
0.0
0.0
0.0
0.0
0.0
0.0
0.0
0.030344509874159112
0.0
0.0
0.0
0.0
0.0
0.0
0.0099149199467648
0.003054475521655467
0.0
0.0
0.0
0.0
0.0
0.0
0.0
0.0020501265267591196
0.0
0.004244612859010355
0.0
0.0044919317474620595
0.0
0.0
0.0
0.0068991111868098665
0.0
0.0
0.0
0.0
0.0
0.0
0.0
0.0
0.0
0.0008829414361595776
0.0
0.0
0.0
0.0
0.0
0.0
0.0008829414361595776
0.0
0.0
0.0
0.009129482011221563
0.0049574599733824
0.0008829414361595776
0.008200506107036478
0.0
0.0
0.0
0.0
0.0
0.0
0.0034495555934049332
0.0
0.0
0.0
0.0
0.0
0.0
0.0
0.0
0.0
0.006108951043310934
0.0020501265267591196
0.0
0.003267271559157438
0.0
0.004198287199937439
0.0
0.0
0.03289265584666497
0.0
0.0
0.0
0.0
0.0
0.0
0.0
0.006847111508416172
0.0
0.0026488243084787327
0.0
0.0017658828723191551
0.0
0.0
0.0
0.0
0.0
0.0
0.0
0.0
0.0
0.0020501265267591196
0.0
0.0
0.0
0.0
0.0
0.0
0.0
0.0
0.0
0.0013994290666458132
0.0
0.0
0.0
0.0
0.0
0.0
0.0
0.0
0.0031653119389649684
0.0
0.0
0.054815139386455984
0.0
0.0017658828723191551
0.0
0.04551676481123867
0.02759785341752862
0.003681799569451204
0.0
0.0
0.0
0.0
0.0
0.002282370502805391
0.0013994290666458132
0.0
0.012144760125373638
0.0
0.0
0.0031653119389649684
0.0
0.0
0.0
0.0
0.0
0.0
0.0
0.0
0.0
0.0
0.0
0.0
0.0
0.0
0.0
0.003681799569451204
0.0027988581332916264
0.0
0.0
0.0
0.0
0.0027988581332916264
0.0
0.0
0.0
0.0
0.0
0.0
0.011252013658264988
0.007756318106674026
0.0
0.0
0.017658828723191553
0.007217980622604965
0.002933067962918697
0.0
0.0
0.0
0.056150622532560465
0.0
0.0
0.0
0.0
0.0
0.0
0.004100253053518239
0.0
0.0
0.002282370502805391
0.0
0.0
0.0
0.05127554295169933
0.06125522458097505
0.0026488243084787327
0.0
0.003267271559157438
0.0
0.0
0.0
0.11740584711353551
0.0
0.0
0.0
0.0
0.0
0.0013994290666458132
0.0
0.0
0.0
0.0
0.0
0.0
0.0
0.0
0.002282370502805391
0.0
0.0
0.0
0.0
0.0
0.0
0.0
0.0
0.04848984660050746
0.0
0.0
0.0
0.0
0.005597716266583253
0.0
0.0
0.0
0.014191213983771343
0.005866135925837394
0.0
0.013361713764903842
0.0
0.0
0.0
0.0020501265267591196
0.0
0.0
0.0
0.0
0.002282370502805391
0.0
0.0
0.0
0.0
0.0
0.0
0.0
0.0
0.10498904312904798
0.0
0.0
0.0
0.0
0.0
0.0024787299866912
0.0
0.0
0.0
0.0
0.0
0.0
0.0052976486169574654
0.0
0.0
0.0
0.0
0.0
0.0
0.0
0.0
0.003054475521655467
0.0
0.0
0.0
0.007063531489276621
0.0
0.0
0.0
0.0
0.0
0.0017658828723191551
0.0026488243084787327
0.0
0.008983863494924119
0.0
0.0
0.0
0.0
0.0
0.0
0.0
0.0
0.002282370502805391
0.0
0.0
0.0
0.0
0.0
0.0
0.0
0.0
0.0
0.0
0.0
0.0
0.0
0.004289312716673872
0.002933067962918697
0.0
0.0
0.0
0.0
0.0
0.0
0.005866135925837394
0.0
0.0
0.0
0.0017658828723191551
0.0
0.0
0.0
0.0
0.0
0.0
0.0
0.0013994290666458132
0.0
0.0
0.0
0.0
0.002282370502805391
0.0
0.0
0.0
0.0
0.0
0.0
0.0354367526203354
0.0017658828723191551
0.0
0.0
0.0
0.0
0.0
0.0
0.0
0.0
0.004100253053518239
0.0
0.0
0.0
0.0
0.0
0.0
0.0
0.0020501265267591196
0.0
0.0
0.0
0.0031653119389649684
0.0
0.0
0.0
0.0
0.0
0.0
0.0
0.0
0.0
0.0
0.0
0.0
0.0
0.0
0.00433249702956451
0.0
0.0
0.0
0.0
0.0
0.01001683875589659
0.0
0.0
0.003750671219421663
0.0
0.0
0.0
0.016193013500498184
0.0
0.0035317657446383103
0.0
0.0
0.0
0.0
0.0
0.0
0.0031653119389649684
0.0
0.0
0.0
0.0
0.0
0.0
0.0
0.0
0.0
0.0
0.0
0.0
0.0
0.0
0.0
0.0
0.0
0.0
0.0
0.0
0.0
0.002933067962918697
0.0031653119389649684
0.0
0.0
0.0
0.0
0.0
0.0
0.0
0.0
0.0017658828723191551
0.0
0.0
0.0035317657446383103
0.0
0.0
0.0
0.0
0.0
0.0
0.0
0.0
0.01409685250571356
0.012144760125373638
0.0
0.0
0.0
0.0
0.0
0.0
0.0558935149970672
0.03986555591742253
0.0
0.0020501265267591196
0.004414707180797888
0.008096506750249092
0.0
0.0
0.0
0.0017658828723191551
0.0
0.0
0.007501342438843326
0.0
0.023494754176189264
0.0
0.007988080580075614
0.0
0.029051490967219113
0.0
0.0024787299866912
0.0
0.0
0.0
0.0
0.0
0.0
0.0017658828723191551
0.0
0.0
0.0
0.0
0.0
0.008096506750249092
0.0
0.0
0.0
0.0
0.0
0.009801814677472315
0.002282370502805391
0.0
0.0
0.0
0.0
0.01679314879974976
0.0
0.0
0.0
0.0
0.009522200978993181
0.011812250873445134
0.006108951043310934
0.0
0.0
0.0
0.0
0.0
0.0
0.017658828723191553
0.003878159053337013
0.0
0.004100253053518239
0.0
0.013586569540350962
0.0
0.0
0.0017658828723191551
0.0
0.0
0.0
0.0
0.0
0.0
0.0
0.0
0.0
0.0
0.0
0.0
0.0
0.0013994290666458132
0.0
0.0
0.0
0.0
0.0
0.0
0.0
0.0
0.003994040290037807
0.0
0.0
0.0
0.0
0.0
0.0
0.0
0.0
0.0
0.0
0.0
0.0
0.0
0.0008829414361595776
0.0
0.0013994290666458132
0.0
0.0
0.0
0.0
0.0
0.0
0.0
0.0
0.0
0.0
0.0
0.003361671422850777
0.0049574599733824
0.0024787299866912
0.0027988581332916264
0.0
0.0
0.0
0.0
0.0
0.0
0.0
0.0
0.0
0.0
0.0
0.0
0.0
0.0
0.0017658828723191551
0.0
0.0
0.0
0.0
0.0
0.008799203888756092
0.007501342438843326
0.0
0.0
0.0
0.0
0.0
0.0
0.0
0.0031653119389649684
0.0
0.0
0.0
0.0
0.0013994290666458132
0.0
0.0
0.0
0.0027988581332916264
0.0
0.0
0.0
0.0
0.0
0.0
0.0
0.0
0.0
0.0
0.0
0.0
0.0
0.003878159053337013
0.0
0.0
0.0
0.0
0.0
0.0
0.0
0.0
0.0
0.0
0.0
0.004904376657976232
0.0
0.0
0.0
0.0
0.0
0.0
0.0
0.0
0.0
0.0
0.0
0.0052976486169574654
0.0
0.006723342845701554
0.0
0.0
0.0
0.0020501265267591196
0.0
0.0
0.0
0.0
0.0
0.0
0.0
0.0
0.0
0.0
0.0
0.008983863494924119
0.0
0.006723342845701554
0.0031653119389649684
0.0
0.0
0.0
0.0
0.0
0.0
0.0
0.0
0.0
0.0
0.0
0.0008829414361595776
0.0
0.0
0.0
0.0
0.0
0.0
0.0
0.0
0.08716842301788887
0.0
0.0
0.0
0.17433684603577773
0.0
0.0
0.0
0.0
0.0
0.0
0.025735876300043238
0.013122795615928405
0.0
0.0
0.0
0.0
0.004791073995498769
0.0
0.0
0.0
0.0020501265267591196
0.0
0.0
0.0
0.0
0.0
0.0
0.021653941867814892
0.0
0.0
0.0
0.0
0.0
0.0
0.0
0.0
0.0
0.0
0.0
0.0
0.0
0.0
0.0
0.0
0.0044919317474620595
0.0
0.0
0.0
0.0
0.0
0.0008829414361595776
0.0
0.0008829414361595776
0.0
0.0
0.0
0.002282370502805391
0.0
0.0
0.0
0.0
0.0
0.0
0.0
0.009495935816894906
0.0
0.0068991111868098665
0.0
0.0
0.0
0.0
0.0026488243084787327
0.0013994290666458132
0.0
0.0
0.0
0.0
0.0
0.0
0.0
0.0
0.0
0.0
0.0008829414361595776
0.0
0.0
0.0
0.0
0.0
0.0
0.0
0.0
0.0
0.0
0.0
0.0
0.004761100489496591
0.0
0.0
0.003267271559157438
0.0
0.0
0.0
0.0
0.0
0.0
0.0
0.0
0.0
0.0026488243084787327
0.0
0.0
0.003361671422850777
0.0
0.0
0.0148723799201472
0.0020501265267591196
0.0
0.0008829414361595776
0.003054475521655467
0.0
0.0
0.0024787299866912
0.006534543118314876
0.003054475521655467
0.0
0.0
0.0
0.0
0.0
0.0008829414361595776
0.0
0.0
0.0008829414361595776
0.0
0.0
0.0
0.0
0.0
0.0
0.0
0.0
0.0
0.0
0.0
0.0
0.0
0.0
0.0
0.0
0.0
0.0
0.0
0.0
0.0
0.019395938640202986
0.0
0.0
0.0
0.0
0.0
0.0017658828723191551
0.0
0.0031653119389649684
0.0
0.0
0.0
0.0
0.004564741005610782
0.0
0.0
0.0
0.0
0.0
0.0
0.0
0.002282370502805391
0.0008829414361595776
0.0
0.0
0.0008829414361595776
0.0
0.0048489846600507465
0.0
0.0
0.0
0.0034495555934049332
0.0
0.0
0.0
0.0
0.0
0.0
0.0
0.0
0.0
0.0017658828723191551
0.0
0.0
0.0
0.0
0.0
0.0
0.0
0.0
0.010085014268552331
0.0
0.003054475521655467
0.0
0.0
0.0
0.0
0.0
0.0
0.0
0.08091869299775763
0.0
0.003681799569451204
0.0020501265267591196
0.0026488243084787327
0.0008829414361595776
0.0013994290666458132
0.0
0.0
0.0
0.0
0.0008829414361595776
0.0
0.0017658828723191551
0.0
0.0
0.0
0.0008829414361595776
0.0
0.0
0.0
0.0
0.0
0.0099149199467648
0.0
0.0
0.0
0.0
0.0
0.0
0.0
0.0
0.0
0.0
0.0
0.0
0.0
0.0
0.0
0.0
0.0
0.0
0.0
0.0
0.0
0.0
0.0
0.0
0.0
0.0
0.0
0.0
0.0
0.01494958346903345
0.0
0.0
0.0
0.0
0.003994040290037807
0.0
0.0
0.0
0.0027988581332916264
0.0
0.0099149199467648
0.0
0.0
0.0
0.0
0.0
0.0
0.03623085210760256
0.0
0.0
0.0
0.0008829414361595776
0.010250632633795598
0.0
0.009862389622568246
0.0
0.0
0.0
0.0
0.0
0.0020501265267591196
0.0
0.0
0.0
0.0
0.0
0.0
0.0
0.0
0.0
0.0
0.0
0.0
0.0
0.0
0.0
0.0
0.0
0.0
0.0
0.0
0.0
0.0
0.0
0.0008829414361595776
0.0
0.0
0.0
0.0
0.0
0.0
0.0
0.0
0.0
0.0
0.0
0.0
0.0
0.0
0.0
0.0
0.0008829414361595776
0.0
0.0
0.0
0.0
0.0
0.0
0.0
0.003267271559157438
0.0
0.0
0.0
0.0
0.0
0.0
0.0
0.0
0.0
0.0
0.0
0.0
0.0
0.0026488243084787327
0.0017658828723191551
0.0
0.0
0.0
0.0
0.0
0.0
0.0
0.004150212995317016
0.0
0.0
0.0
0.0
0.0008829414361595776
0.004100253053518239
0.0
0.0
0.0
0.0
0.0
0.0
0.0
0.0
0.0008829414361595776
0.0
0.0
0.0
0.0
0.0
0.0
0.0
0.0
0.0020501265267591196
0.0
0.0
0.004414707180797888
0.0
0.0
0.0
0.0
0.0
0.0
0.0
0.0
0.0
0.0
0.0
0.0
0.0
0.0
0.0
0.0
0.0
0.002933067962918697
0.0020501265267591196
0.0
0.0
0.0
0.0
0.0
0.0020501265267591196
0.0
0.0
0.0
0.0
0.0
0.012733838577031068
0.0027988581332916264
0.0
0.0
0.0
0.0
0.0017658828723191551
0.0
0.0
0.0
0.0017658828723191551
0.0
0.0
0.0
0.0
0.0
0.0008829414361595776
0.0
0.0
0.0
0.00419828719993744
0.0
0.0
0.0
0.0
0.0
0.0020501265267591196
0.0
0.0013994290666458132
0.0
0.0
0.0
0.0
0.008748530410618936
0.0
0.01928143357589849
0.003681799569451204
0.0020501265267591196
0.0
0.0
0.0
0.0
0.0
0.0
0.12761505121036468
0.0
0.0
0.0
0.0020501265267591196
0.003267271559157438
0.0
0.0
0.0
0.0
0.0
0.0
0.0
0.0
0.0
0.0
0.0
0.0
0.0
0.0
0.0
0.0
0.003681799569451204
0.0
0.0
0.0
0.0
0.0
0.0
0.0
0.0
0.0
0.0
0.004791073995498769
0.0
0.004374265205309468
0.0
0.0
0.0
0.003878159053337013
0.0
0.0
0.0
0.0
0.0
0.0
0.0
0.0
0.0
0.0027988581332916264
0.0
0.0
0.0
0.0
0.0
0.0
0.0
0.0
0.0
0.0
0.0
0.0
0.0
0.0013994290666458132
0.0
0.0
0.0
0.0020501265267591196
0.0
0.0
0.0
0.005866135925837394
0.0
0.009495935816894906
0.0
0.0
0.0
0.0
0.00905771302690064
0.0035317657446383103
0.0052976486169574654
0.0
0.0
0.0
0.0
0.0
0.0
0.0
0.0
0.0
0.0
0.0
0.0
0.0
0.002282370502805391
0.0
0.0
0.0038160093990782747
0.0
0.0
0.0
0.0
0.0
0.0
0.0
0.0
0.0013994290666458132
0.0026488243084787327
0.0
0.0
0.0
0.0
0.015025258133844884
0.0
0.0
0.0
0.0
0.010595297233914931
0.0
0.0
0.0
0.009808753315952464
0.0
0.0
0.0
0.0
0.0
0.03594636261034027
0.0
0.0
0.0
0.0
0.0
0.0
0.0
0.0
0.0
0.0
0.0
0.0
0.0
0.0
0.0
0.0
0.0
0.0
0.0
0.0
0.0
0.015002684877686651
0.0013994290666458132
0.0
0.0
0.0
0.0
0.0
0.0
0.0
0.0
0.0
0.0
0.0
0.0
0.0
0.0
0.0013994290666458132
0.0
0.0
0.0
0.0
0.0
0.018991871633789813
0.0017658828723191551
0.0
0.0
0.0
0.0
0.0
0.0
0.0034495555934049332
0.0
0.0
0.0
0.0
0.0
0.0
0.0
0.0
0.0
0.0
0.0
0.0
0.0
0.0
0.0
0.0
0.0
0.0
0.0
0.0
0.0
0.0
0.0
0.0
0.0
0.0
0.0
0.0
0.0
0.0
0.0
0.0091634265649664
0.0
0.0024787299866912
0.0
0.0
0.0
0.0
0.0
0.006723342845701554
0.0
0.0
0.0
0.0
0.0
0.0
0.0
0.0
0.0
0.0
0.0
0.0
0.0
0.0
0.013694223016832345
0.0
0.0
0.0
0.0
0.0
0.0
0.0
0.0
0.0
0.0
0.0
0.0
0.0
0.0
0.0
0.0
0.0
0.0
0.0
0.0
0.0
0.0
0.004564741005610782
0.0
0.0
0.0
0.0
0.0008829414361595776
0.0
0.0
0.0
0.0
0.0
0.0
0.0
0.0
0.0
0.0
0.0
0.0
0.0
0.0
0.0
0.0
0.0008829414361595776
0.0
0.003994040290037807
0.0
0.0
0.0
0.0
0.011448028197234825
0.0
0.0
0.0
0.0026488243084787327
0.0
0.0
0.0
0.0
0.0
0.0
0.0
0.0
0.0
0.0
0.0
0.0
0.0
0.0
0.0
0.0
0.0
0.0
0.0
0.0
0.005866135925837394
0.0
0.0
0.0
0.0
0.0
0.0
0.0
0.0
0.0
0.008748530410618936
0.007363599138902408
0.0
0.0026488243084787327
0.0031653119389649684
0.007988080580075614
0.0
0.0
0.0008829414361595776
0.0
0.0
0.0
0.0
0.0
0.0
0.0
0.0
0.0
0.0
0.0
0.0
0.0
0.002282370502805391
0.0
0.0
0.0
0.003267271559157438
0.0
0.0
0.0
0.0
0.0
0.0
0.0
0.0
0.0
0.0
0.0
0.0
0.0
0.01379892670876431
0.008200506107036478
0.0
0.0
0.0
0.0
0.0
0.0
0.0
0.0
0.0
0.0
0.0
0.0
0.0
0.0
0.0
0.0
0.0
0.0
0.0
0.0017658828723191551
0.0
0.0
0.0
0.0
0.0
0.0
0.0
0.0
0.004564741005610782
0.0
0.0
0.0
0.0
0.0
0.0
0.0
0.0
0.0
0.0
0.0
0.0
0.0
0.0
0.0
0.0
0.0
0.0
0.0
0.0
0.0027988581332916264
0.0
0.0
0.0
0.0
0.0
0.0
0.0
0.0
0.0
0.0
0.0
0.0
0.0
0.006150379580277359
0.0
0.0
0.0
0.0
0.0
0.0
0.0
0.003994040290037807
0.004048253375124546
0.0
0.004048253375124546
0.0
0.004931194811284123
0.0
0.0
0.0
0.0027988581332916264
0.0
0.0
0.038088803915972726
0.0
0.0
0.0
0.0
0.0024787299866912
0.004289312716673872
0.0
0.0
0.0
0.0
0.0
0.0
0.0
0.0
0.0013994290666458132
0.0
0.0008829414361595776
0.024655974056420615
0.0008829414361595776
0.0
0.0
0.0
0.0
0.0
0.0
0.0
0.0
0.0
0.0
0.0027988581332916264
0.0
0.0
0.0
0.0
0.0
0.0
0.0
0.0
0.0
0.0
0.0027988581332916264
0.0
0.0
0.0013994290666458132
0.0
0.0
0.0
0.0
0.0
0.0
0.0
0.0
0.0
0.0
0.0
0.0
0.0
0.0
0.0
0.0
0.0
0.0
0.0
0.0
0.0
0.0
0.005597716266583253
0.003994040290037807
0.0
0.0
0.0
0.0
0.0035317657446383103
0.0
0.0
0.0
0.0
0.0
0.0
0.0
0.046690741449113914
0.0
0.0
0.0
0.009397901670475706
0.0
0.0
0.0
0.00419828719993744
0.0
0.0
0.0
0.0
0.0
0.0
0.0
0.0
0.0
0.006330623877929937
0.0
0.0
0.014665339814593484
0.0
0.0031653119389649684
0.0
0.0008829414361595776
0.0
0.0
0.0
0.0
0.0
0.0
0.0
0.0
0.0
0.0
0.004244612859010355
0.0
0.0
0.0
0.0
0.0
0.0
0.0
0.0
0.0
0.0
0.0
0.0
0.0
0.0
0.0
0.004048253375124546
0.0
0.0
0.0
0.0
0.0
0.0
0.0
0.0
0.0
0.0
0.0
0.0
0.0
0.0
0.0
0.0038160093990782747
0.0
0.0
0.0
0.0008829414361595776
0.0
0.0008829414361595776
0.0
0.0
0.0
0.0
0.0
0.0
0.0
0.0
0.0
0.0
0.0
0.0
0.0
0.0
0.0
0.0
0.0
0.0
0.0
0.0
0.004931194811284123
0.0
0.0
0.0
0.0
0.0
0.0
0.0
0.0
0.0
0.0
0.0
0.02833777362587182
0.0
0.0
0.0
0.004453904588301281
0.0
0.0
0.0
0.0
0.0
0.0
0.0
0.0
0.0
0.0
0.0
0.0
0.0
0.0
0.008096506750249092
0.0
0.0
0.0
0.0
0.0
0.0
0.0
0.003878159053337013
0.0
0.0
0.0
0.0
0.0
0.0
0.0
0.0
0.0
0.0
0.0
0.0026488243084787327
0.0
0.0026488243084787327
0.0
0.0
0.0
0.0
0.0
0.0
0.0
0.0
0.0
0.0
0.0
0.0
0.0
0.0
0.008396574399874878
0.0
0.0
0.0008829414361595776
0.0027988581332916264
0.0
0.0
0.0
0.0
0.0
0.0
0.0
0.0
0.0
0.0
0.0
0.0
0.0008829414361595776
0.0017658828723191551
0.0
0.007946472925436198
0.0
0.0
0.0017658828723191551
0.0017658828723191551
0.0
0.0
0.0
0.0
0.0
0.010595297233914931
0.0
0.0
0.0
0.0
0.03901585380957908
0.0
0.0
0.0
0.0
0.019617506631904928
0.0
0.0
0.051046020484145874
0.003267271559157438
0.0
0.00419828719993744
0.003994040290037807
0.0
0.0
0.0
0.008200506107036478
0.0
0.0
0.0026488243084787327
0.0017658828723191551
0.0
0.0
0.0
0.0
0.0
0.0
0.004198287199937439
0.0
0.0
0.0
0.0
0.0
0.0
0.0
0.0008829414361595776
0.0
0.0
0.0
0.0008829414361595776
0.0
0.0008829414361595776
0.0
0.0
0.0
0.0
0.0
0.0
0.0
0.0
0.0017658828723191551
0.0017658828723191551
0.0
0.002282370502805391
0.0
0.0
0.002282370502805391
0.0
0.0
0.0
0.0
0.0
0.003054475521655467
0.0
0.0008829414361595776
0.0024787299866912
0.0
0.0
0.0052976486169574654
0.0
0.0
0.0
0.0
0.0
0.0
0.0
0.0
0.0
0.0
0.0
0.0
0.0
0.0008829414361595776
0.0
0.0
0.0
0.0
0.004100253053518239
0.0
0.0013994290666458132
0.0
0.0
0.0
0.0
0.0
0.0
0.0
0.0017658828723191551
0.0
0.0
0.0
0.0
0.0
0.010250632633795598
0.0
0.0
0.0
0.0020501265267591196
0.0
0.0
0.01574966783126018
0.0008829414361595776
0.0
0.0
0.0
0.004374265205309468
0.0
0.0
0.0
0.0026488243084787327
0.004698950835237853
0.0
0.0
0.012733838577031068
0.0
0.0
0.0
0.0017658828723191551
0.003054475521655467
0.0
0.0
0.0
0.0
0.0
0.0
0.009582147990997538
0.0
0.0
0.0
0.0
0.012450638985951046
0.0
0.0
0.0
0.0
0.0
0.0
0.0008829414361595776
0.0
0.0027988581332916264
0.0
0.0
0.0
0.0
0.005597716266583253
0.0
0.0
0.0
0.0
0.008829414361595777
0.0
0.0
0.0
0.0013994290666458132
0.0
0.0
0.00946080932251423
0.0
0.0
0.0
0.0
0.0
0.0
0.0
0.0
0.0
0.0
0.0
0.0
0.0013994290666458132
0.0
0.0
0.0
0.003750671219421663
0.0
0.0020501265267591196
0.0
0.0
0.0
0.0
0.0
0.0
0.0031653119389649684
0.01409685250571356
0.0
0.0
0.002282370502805391
0.0
0.0
0.0
0.0
0.0
0.0
0.0
0.0
0.0
0.003937416957815045
0.0
0.0076320187981565495
0.0020501265267591196
0.0038160093990782747
0.0013994290666458132
0.0
0.0
0.0
0.0
0.0
0.0
0.0
0.0
0.0
0.0
0.0
0.0
0.010066308862953188
0.0
0.0
0.0
0.002282370502805391
0.0
0.007756318106674026
0.0
0.0
0.0
0.004374265205309468
0.0
0.0
0.0
0.0
0.0
0.0
0.0
0.0
0.0
0.0
0.0
0.0
0.0020501265267591196
0.0
0.0017658828723191551
0.0
0.0074361899600736
0.0
0.0
0.0
0.0
0.0008829414361595776
0.0
0.0
0.0
0.0
0.0052976486169574654
0.0
0.0
0.0
0.003878159053337013
0.0008829414361595776
0.0
0.0
0.0
0.0
0.0
0.0
0.0
0.0
0.0
0.0013994290666458132
0.0
0.0
0.00866499405912902
0.0024787299866912
0.0008829414361595776
0.0
0.0
0.0
0.019724779245136492
0.0
0.0
0.0
0.0
0.0
0.0
0.0
0.006534543118314876
0.0
0.0
0.0
0.0026488243084787327
0.0
0.0
0.0
0.0017658828723191551
0.0
0.0031653119389649684
0.0
0.0
0.0
0.0
0.0024787299866912
0.0049574599733824
0.004048253375124546
0.0
0.0
0.0
0.011045398708353612
0.0008829414361595776
0.0
0.0
0.0
0.0
0.0
0.0099149199467648
0.0
0.0
0.0
0.0
0.0
0.005597716266583253
0.0
0.0
0.004100253053518239
0.0
0.003267271559157438
0.0
0.0
0.0008829414361595776
0.0
0.0
0.017658828723191553
0.0
0.0
0.0
0.07178576013237906
0.0
0.0
0.0
0.0
0.0
0.006723342845701554
0.0
0.003054475521655467
0.0
0.0
0.0
0.0008829414361595776
0.0
0.0
0.011732271851674789
0.0
0.0
0.0
0.0
0.0
0.0
0.004730404661257115
0.0074361899600736
0.0035317657446383103
0.0
0.0
0.0
0.0
0.0013994290666458132
0.0
0.003937416957815045
0.0099149199467648
0.0
0.0
0.0
0.00839657439987488
0.0
0.0
0.0
0.0
0.0
0.0017658828723191551
0.0
0.0008829414361595776
0.002282370502805391
0.0
0.0
0.005597716266583253
0.010114836624719703
0.0
0.0
0.0
0.0
0.0
0.0074361899600736
0.0
0.004414707180797888
0.0
0.0
0.0
0.0
0.0
0.006723342845701554
0.0
0.0
0.0
0.0
0.0
0.0
0.0
0.0
0.004666700625803251
0.021653941867814892
0.00463361265558124
0.0
0.020229673249439407
0.0
0.0
0.0
0.0
0.0
0.003681799569451204
0.0
0.023333503129016258
0.0
0.0
0.0
0.0
0.0
0.0
0.013361713764903842
0.0
0.002282370502805391
0.0008829414361595776
0.0
0.0
0.005104602048414587
0.0
0.0
0.0
0.0
0.0
0.0
0.0
0.0
0.0
0.0
0.0
0.0
0.0
0.0
0.0
0.0
0.0
0.0
0.0
0.0
0.0
0.0
0.0
0.0
0.0
0.004198287199937439
0.0
0.0
0.0
0.04064982908877614
0.0027988581332916264
0.009129482011221563
0.0
0.0
0.0
0.0
0.0
0.0
0.0
0.0
0.0
0.0
0.0
0.0
0.0
0.0
0.0020501265267591196
0.0
0.012661247755859873
0.0
0.008096506750249092
0.006723342845701554
0.0
0.0
0.0035317657446383103
0.0
0.0
0.0
0.0
0.0
0.0
0.0
0.0
0.0
0.0
0.0
0.0
0.0
0.0
0.0
0.0
0.0
0.0
0.0
0.0
0.0
0.002282370502805391
0.0
0.0
0.0
0.0
0.0
0.0
0.006534543118314876
0.0
0.0
0.0
0.0
0.0
0.0
0.0
0.0
0.0
0.0
0.0
0.0
0.0
0.0013994290666458132
0.0008829414361595776
0.0
0.0
0.0
0.0
0.0
0.003994040290037807
0.0
0.0
0.0
0.0
0.0
0.0
0.0013994290666458132
0.0020501265267591196
0.0
0.004414707180797888
0.0068991111868098665
0.0
0.0024787299866912
0.0
0.0008829414361595776
0.0
0.0
0.0
0.007988080580075614
0.0
0.0
0.0
0.0
0.0
0.0
0.0
0.0
0.0
0.0
0.0
0.0
0.0
0.0
0.0
0.002282370502805391
0.0027988581332916264
0.009495935816894906
0.0
0.0
0.06180590053117044
0.0
0.0
0.0
0.0
0.0017658828723191551
0.0024787299866912
0.0036089903113024823
0.0
0.0
0.003361671422850777
0.0
0.0
0.0
0.0
0.0
0.0
0.0
0.0
0.0
0.0
0.0
0.0
0.0
0.0
0.0
0.0
0.0
0.009333401251606503
0.0
0.0
0.0
0.0
0.0
0.0
0.0
0.030198926588859566
0.0
0.0
0.0
0.0
0.0
0.0
0.0
0.0
0.0
0.0
0.0008829414361595776
0.0
0.0
0.0
0.0
0.004100253053518239
0.0
0.0
0.0
0.0
0.0008829414361595776
0.0
0.0
0.05033154431476594
0.003361671422850777
0.0
0.0
0.0
0.0
0.0
0.0
0.0
0.0
0.013694223016832345
0.0
0.0
0.0
0.0
0.0
0.0
0.0
0.01839856894501908
0.0
0.0020501265267591196
0.0
0.0
0.0
0.0
0.0
0.0
0.0
0.008200506107036478
0.002933067962918697
0.0
0.0
0.0
0.0
0.0
0.0
0.0017658828723191551
0.0
0.0
0.005866135925837394
0.0
0.0
0.0
0.0
0.0
0.0
0.0
0.0008829414361595776
0.002282370502805391
0.0
0.0008829414361595776
0.0
0.0
0.0035317657446383103
0.0
0.0
0.0020501265267591196
0.0
0.004820358393974622
0.0
0.0
0.0
0.0
0.0
0.0
0.0
0.011195432533166506
0.0
0.0
0.0
0.0
0.0
0.0
0.0
0.015976161160151228
0.0
0.0008829414361595776
0.0
0.0
0.0
0.0
0.0
0.0
0.0
0.0
0.0
0.14869907455992806
0.0
0.0
0.0
0.003267271559157438
0.0
0.0017658828723191551
0.006847111508416172
0.0
0.0
0.004100253053518239
0.009129482011221563
0.05033154431476594
0.0
0.0
0.0
0.0
0.0
0.0035317657446383103
0.0
0.0
0.0
0.003054475521655467
0.0
0.0
0.0
0.0
0.0
0.0
0.00459964223625477
0.0
0.0
0.0
0.0
0.0
0.0013994290666458132
0.019390795266685065
0.0
0.020501265267591197
0.0
0.0
0.057133205873959085
0.0
0.0
0.0
0.0
0.0
0.0
0.0
0.0
0.0
0.0
0.0
0.0
0.0
0.0
0.0
0.01347579524238618
0.003361671422850777
0.0
0.0026488243084787327
0.0
0.0
0.0
0.0
0.0
0.0
0.0
0.0
0.0
0.0
0.0
0.0
0.0
0.0
0.0
0.0
0.0
0.0
0.0
0.0027988581332916264
0.0
0.0
0.006723342845701554
0.0
0.0044919317474620595
0.014283301468489771
0.0
0.004414707180797888
0.0
0.0
0.0020501265267591196
0.0
0.0
0.008983863494924119
0.0
0.0
0.0
0.0
0.0
0.0
0.0
0.0
0.0
0.0
0.0
0.0
0.0034495555934049332
0.0
0.0
0.0
0.0027988581332916264
0.0
0.0
0.0
0.0
0.0
0.0008829414361595776
0.0
0.0
0.0
0.0
0.0
0.0
0.0
0.0
0.0
0.0
0.007363599138902408
0.0008829414361595776
0.003937416957815045
0.0
0.0
0.0
0.0
0.0027988581332916264
0.0
0.0
0.0
0.0
0.0031653119389649684
0.0
0.0
0.0
0.0
0.0
0.0
0.0
0.0
0.0
0.0
0.0
0.0
0.0
0.0
0.0
0.008578625433347744
0.0
0.0
0.002933067962918697
0.0
0.0
0.0
0.0
0.0
0.0
0.0
0.0
0.0
0.0
0.0
0.004564741005610782
0.0
0.0
0.0
0.0
0.0
0.0
0.0
0.0
0.0
0.0
0.0
0.0
0.0
0.010085014268552331
0.0013994290666458132
0.0
0.0
0.0
0.0
0.0017658828723191551
0.0
0.004100253053518239
0.004198287199937439
0.0
0.0
0.04983194489677817
0.0
0.0
0.0
0.0
0.0
0.0
0.0
0.0013994290666458132
0.0
0.007063531489276621
0.0
0.0
0.0
0.0
0.0
0.0
0.0
0.0
0.0
0.0035317657446383103
0.0
0.0
0.0
0.0
0.0
0.0
0.0
0.006534543118314876
0.0017658828723191551
0.0
0.0
0.020241266875622728
0.0
0.049802555943804186
0.0027988581332916264
0.0
0.0
0.0
0.0
0.0
0.10397992870954825
0.019592006933041382
0.0
0.04564741005610782
0.0
0.0
0.0
0.0
0.0
0.0024787299866912
0.0
0.0
0.003054475521655467
0.27688793193917643
0.0
0.0
0.0
0.0
0.0
0.009129482011221563
0.0
0.0
0.0
0.0024787299866912
0.0
0.0
0.003267271559157438
0.0
0.0
0.0
0.0
0.0
0.0
0.0
0.0
0.0
0.0
0.0
0.0
0.0
0.0020501265267591196
0.0008829414361595776
0.0
0.0
0.0
0.0
0.0
0.0
0.0
0.003361671422850777
0.0
0.0
0.0013994290666458132
0.0
0.0
0.0
0.0
0.0
0.0
0.0
0.0
0.0
0.0
0.0
0.0
0.0
0.006847111508416172
0.0
0.0
0.0013994290666458132
0.0
0.0013994290666458132
0.0
0.0
0.0
0.04594141843573129
0.0
0.0
0.0
0.0
0.0
0.0
0.0
0.0
0.0
0.0
0.029093907960304477
0.0
0.0
0.0
0.0
0.0
0.0024787299866912
0.0
0.0
0.0
0.0
0.003681799569451204
0.0
0.0
0.011252013658264988
0.002933067962918697
0.016600851981268063
0.0
0.0017658828723191551
0.0
0.0
0.0
0.0013994290666458132
0.0
0.0
0.0
0.0
0.0
0.01892161864502846
0.0
0.0
0.0
0.003994040290037807
0.0
0.0
0.0
0.0
0.0
0.0
0.0
0.0
0.0
0.0
0.0
0.008799203888756092
0.0
0.0
0.0
0.0
0.0
0.0
0.0
0.0
0.0
0.0
0.0
0.0
0.0
0.0
0.0
0.012450638985951046
0.0
0.003878159053337013
0.0049574599733824
0.0
0.0008829414361595776
0.0
0.002282370502805391
0.0
0.0
0.0
0.0
0.0
0.0
0.0
0.0
0.0
0.0
0.0
0.0
0.0
0.0
0.0
0.014713129973928698
0.0
0.0
0.0
0.0
0.0
0.0
0.0
0.0
0.0
0.0
0.0
0.0
0.011252013658264988
0.003878159053337013
0.0
0.0
0.0
0.0
0.0
0.0
0.0
0.0
0.0
0.0
0.0
0.003681799569451204
0.0
0.0
0.0
0.0035317657446383103
0.00919928447250954
0.0017658828723191551
0.0
0.0
0.0
0.0
0.0
0.0
0.0
0.0
0.0
0.0
0.0
0.0
0.0
0.0
0.0
0.0
0.019724779245136492
0.0027988581332916264
0.0
0.003994040290037807
0.0
0.0
0.0
0.0
0.0008829414361595776
0.0
0.0
0.0
0.0
0.0
0.0
0.0
0.0
0.023964241740226842
0.0
0.0
0.0
0.0
0.0297447598402944
0.0
0.0
0.003054475521655467
0.0
0.0
0.0
0.0
0.02032491454438807
0.0
0.0013994290666458132
0.0020501265267591196
0.0
0.0
0.0
0.0
0.0
0.0
0.0
0.0
0.0
0.0
0.0
0.0
0.0026488243084787327
0.0
0.0024787299866912
0.0008829414361595776
0.0
0.0
0.0
0.0
0.0
0.0
0.0
0.008300425990634032
0.0
0.0
0.0
0.0
0.0
0.0
0.003267271559157438
0.0
0.0
0.0
0.0
0.0
0.0
0.0
0.0
0.00905771302690064
0.0036089903113024823
0.0
0.014630945178592154
0.0
0.0
0.0
0.0
0.0008829414361595776
0.0
0.0
0.0
0.0
0.0
0.0
0.0
0.0026488243084787327
0.0
0.0
0.0
0.0
0.0
0.008829414361595777
0.0
0.0
0.0
0.0
0.0
0.0
0.0
0.0
0.0
0.0
0.0
0.0
0.0
0.0
0.0
0.0
0.0
0.0
0.0
0.0
0.0
0.0
0.0
0.0
0.0017658828723191551
0.0
0.043383225545771606
0.0
0.0008829414361595776
0.0017658828723191551
0.0
0.0
0.0
0.0
0.003267271559157438
0.0
0.0
0.0
0.0
0.0
0.0
0.0
0.01347579524238618
0.0
0.025406143180485088
0.0
0.0
0.0
0.0
0.0
0.0
0.0
0.0
0.0
0.0
0.0
0.0
0.0
0.0
0.0
0.0
0.0
0.0
0.0
0.0
0.0
0.0
0.0
0.0
0.06510945191332784
0.0
0.0008829414361595776
0.0
0.0
0.0017658828723191551
0.0
0.0
0.0
0.0020501265267591196
0.0
0.0
0.0031653119389649684
0.0
0.0
0.0
0.0
0.0
0.0
0.0
0.0
0.0
0.009129482011221563
0.004666700625803251
0.003054475521655467
0.0
0.0
0.0
0.0
0.0
0.0
0.0
0.0
0.0
0.0
0.0068991111868098665
0.0
0.0
0.0
0.0
0.0
0.0
0.0
0.014713129973928698
0.0
0.009697969320101493
0.0008829414361595776
0.0
0.0
0.0
0.0
0.0
0.0
0.0
0.0
0.0
0.0
0.0
0.0
0.0
0.0
0.0
0.004289312716673872
0.0
0.0
0.0
0.004244612859010355
0.0
0.0
0.0
0.00919928447250954
0.0
0.0027988581332916264
0.002282370502805391
0.0
0.0
0.0
0.0
0.0
0.0
0.0013994290666458132
0.0
0.0017658828723191551
0.0
0.0
0.0
0.0
0.0
0.0
0.0
0.0
0.0
0.0
0.0
0.0
0.0
0.0
0.0
0.0
0.0
0.0
0.05059606459880247
0.0008829414361595776
0.0
0.0
0.0
0.0
0.0
0.0
0.0
0.0
0.023494754176189264
0.0
0.0
0.0
0.0
0.01001683875589659
0.0
0.0
0.0
0.0
0.0
0.0
0.0
0.0
0.0
0.0
0.0
0.0
0.0
0.0
0.003054475521655467
0.0
0.0013994290666458132
0.0026488243084787327
0.0
0.0
0.0
0.0008829414361595776
0.0
0.0
0.0
0.0
0.0
0.0
0.0
0.0
0.011252013658264988
0.0
0.013244121542393662
0.0
0.0
0.0
0.0
0.0
0.0
0.0
0.0
0.0
0.0
0.0
0.0
0.0
0.0
0.0
0.0
0.0
0.0
0.0
0.0
0.0
0.0
0.0034495555934049332
0.0
0.0
0.0
0.0
0.0074361899600736
0.0
0.0
0.04573105772487316
0.0
0.0
0.0
0.0
0.0
0.02424492330025373
0.0
0.0
0.0
0.0
0.0
0.0
0.0
0.0
0.0
0.0
0.003267271559157438
0.0
0.0
0.0
0.0035317657446383103
0.0
0.0
0.0008829414361595776
0.02800020375481951
0.0
0.0
0.0
0.0
0.0
0.0
0.0
0.0068991111868098665
0.008799203888756092
0.0
0.0
0.0
0.0
0.0099149199467648
0.06149526059634249
0.06125522458097505
0.0
0.0
0.0
0.0013994290666458132
0.0
0.0
0.0035317657446383103
0.0
0.0
0.0
0.0
0.0
0.0
0.0
0.05033154431476594
0.0
0.0
0.0
0.0
0.0049574599733824
0.0
0.0013994290666458132
0.0
0.0
0.0
0.0
0.0
0.0008829414361595776
0.0
0.0026488243084787327
0.0
0.0044919317474620595
0.0
0.0
0.0069971453332290665
0.0
0.0
0.01950792690478954
0.008396574399874878
0.0
0.0
0.0017658828723191551
0.0
0.0
0.0
0.0
0.0
0.0
0.0
0.0
0.0
0.0
0.0008829414361595776
0.0
0.0
0.0
0.0
0.0027988581332916264
0.0
0.0
0.029587168867704742
0.0
0.0956299341980553
0.0
0.0008829414361595776
0.0
0.0
0.0
0.0
0.002282370502805391
0.0
0.0
0.0
0.0
0.0
0.0
0.0008829414361595776
0.0
0.0013994290666458132
0.0
0.0
0.0
0.002933067962918697
0.0
0.0
0.0
0.0
0.0
0.0
0.006108951043310934
0.0
0.0
0.0
0.0017658828723191551
0.0
0.0
0.0
0.0
0.10767864019856858
0.0
0.00463361265558124
0.0
0.0
0.0
0.004730404661257115
0.0
0.04507577440153466
0.0
0.0
0.0
0.007063531489276621
0.024901277971902093
0.0
0.0
0.0
0.0
0.0
0.0
0.0
0.0
0.06665540685295228
0.0
0.0
0.0
0.0
0.0
0.0
0.0
0.0
0.0017658828723191551
0.0
0.0
0.0
0.0
0.0
0.0
0.0
0.0017658828723191551
0.0
0.0
0.0
0.0035317657446383103
0.0
0.0
0.0
0.0
0.012594861599812318
0.0
0.0
0.004100253053518239
0.0
0.003750671219421663
0.0
0.0
0.0
0.01390083796674372
0.0209914359996872
0.003681799569451204
0.0
0.0
0.0
0.0
0.0
0.003361671422850777
0.0
0.0
0.003267271559157438
0.0366537062598656
0.0
0.0
0.0
0.012997491088693532
0.0
0.0
0.0
0.0
0.0
0.0
0.0
0.076913314427549
0.0
0.0017658828723191551
0.030344509874159112
0.0
0.003054475521655467
0.004564741005610782
0.0
0.0
0.002282370502805391
0.0008829414361595776
0.0052976486169574654
0.0
0.002282370502805391
0.0
0.0
0.01715725086669549
0.0
0.0
0.0
0.0
0.0
0.0
0.0
0.0
0.0
0.0
0.013244121542393662
0.0020501265267591196
0.0
0.0
0.0
0.08091869299775763
0.0
0.0
0.0
0.0
0.0
0.004453904588301281
0.0
0.0
0.0
0.0
0.009495935816894906
0.0
0.0
0.0
0.05008419377948295
0.0038160093990782747
0.0
0.0
0.0
0.0
0.3281634748908757
0.0017658828723191551
0.0
0.0
0.0
0.0558935149970672
0.004564741005610782
0.0
0.0
0.0
0.0
0.0
0.0
0.0
0.0
0.0
0.0
0.0
0.0
0.0
0.0
0.0
0.003267271559157438
0.0
0.0
0.0
0.0
0.0
0.049574599733824005
0.0
0.0
0.0
0.0
0.0
0.0013994290666458132
0.0
0.0
0.0
0.0
0.0
0.0
0.0
0.0
0.0
0.00787483391563009
0.0
0.0
0.0
0.0
0.0
0.0008829414361595776
0.0
0.0
0.0
0.0
0.0
0.02207353590398944
0.0
0.0
0.0
0.0
0.0
0.0
0.0
0.0
0.0
0.0
0.0
0.0
0.0
0.0
0.0
0.0
0.0
0.0
0.0
0.0
0.0
0.0
0.0
0.0
0.0
0.0
0.0
0.0
0.0
0.0
0.0
0.0
0.0
0.0
0.0
0.0
0.0
0.003994040290037807
0.0008829414361595776
0.0
0.0
0.009582147990997538
0.0
0.0
0.0
0.0020501265267591196
0.0
0.0
0.005866135925837394
0.0
0.00787483391563009
0.0
0.0
0.0
0.0
0.0
0.0
0.013361713764903842
0.0
0.0
0.0
0.003361671422850777
0.0
0.0
0.0
0.0
0.0
0.0
0.0
0.0
0.0
0.0
0.0013994290666458132
0.0
0.0
0.0
0.0
0.0
0.0
0.0
0.0
0.0
0.0
0.0
0.0
0.0
0.0
0.0
0.0
0.0
0.0035317657446383103
0.0
0.0
0.0
0.0
0.0
0.0
0.09742353160822873
0.0
0.0044919317474620595
0.0
0.0
0.0
0.0
0.004100253053518239
0.0
0.0
0.006534543118314876
0.0
0.0
0.0
0.0
0.0008829414361595776
0.0
0.0
0.0
0.0
0.0
0.0
0.0
0.0
0.003267271559157438
0.0
0.0
0.0
0.0
0.0
0.0
0.0
0.0
0.0
0.0
0.0
0.0024787299866912
0.0
0.0
0.0
0.0
0.0
0.0
0.0
0.0
0.0
0.0
0.0
0.0
0.0008829414361595776
0.0
0.0
0.0
0.0
0.0
0.0017658828723191551
0.0
0.0
0.0
0.0
0.0
0.0
0.0
0.0
0.0
0.0
0.025994982177387063
0.0
0.0
0.0
0.0
0.0
0.014793584433852371
0.0
0.0
0.0
0.0
0.0
0.0
0.0
0.0
0.0
0.0
0.0
0.0
0.0
0.0
0.0
0.0
0.0
0.0
0.0031653119389649684
0.002282370502805391
0.0
0.0
0.0
0.0
0.0
0.0
0.0
0.0024787299866912
0.0
0.0
0.003937416957815045
0.0
0.0
0.0
0.0
0.0
0.016193013500498184
0.0
0.0
0.024101791969873113
0.0
0.00946080932251423
0.0
0.0
0.0
0.0
0.0017658828723191551
0.0
0.0
0.0
0.0
0.0
0.0
0.0
0.004100253053518239
0.0
0.0026488243084787327
0.0
0.0
0.0031653119389649684
0.0
0.0
0.0
0.0
0.0
0.0
0.0
0.0
0.0
0.0
0.0
0.0
0.0
0.0
0.0
0.0
0.0
0.01839856894501908
0.0
0.0
0.0
0.0
0.0
0.0
0.002933067962918697
0.0
0.0
0.0
0.0
0.0
0.0
0.0
0.0
0.0
0.0
0.0
0.0
0.0
0.0
0.0
0.0
0.0
0.0
0.0
0.0
0.0
0.0
0.0
0.0
0.0008829414361595776
0.0
0.0
0.0
0.0
0.0
0.0
0.0
0.0
0.0
0.0
0.0017658828723191551
0.0
0.0
0.0
0.0
0.0
0.0
0.11072939749248507
0.0
0.0
0.0
0.0
0.0
0.0
0.0
0.0
0.0
0.0
0.0
0.0
0.0
0.0017658828723191551
0.0
0.0
0.0
0.0
0.0024787299866912
0.0
0.0
0.0
0.0027988581332916264
0.0
0.0027988581332916264
0.0
0.0
0.0
0.006108951043310934
0.0
0.0
0.0
0.0
0.0
0.003054475521655467
0.0
0.008578625433347744
0.0
0.0
0.0
0.02144656358336936
0.007063531489276621
0.0
0.0
0.0
0.0
0.0
0.0
0.003267271559157438
0.0
0.0
0.0
0.003878159053337013
0.0
0.0
0.0008829414361595776
0.0
0.0
0.0
0.0008829414361595776
0.0
0.0
0.0
0.0
0.0
0.0
0.003994040290037807
0.0
0.0
0.0
0.0
0.0
0.0
0.0
0.0
0.0020501265267591196
0.0
0.0
0.0
0.0
0.0
0.0
0.0
0.0
0.0
0.0
0.0
0.0
0.0
0.0
0.0027988581332916264
0.0
0.0
0.0
0.0
0.0
0.0
0.0
0.0
0.002933067962918697
0.0
0.0
0.0
0.0
0.0
0.0034495555934049332
0.0
0.0
0.0
0.0
0.0
0.0
0.0
0.0008829414361595776
0.0
0.0
0.0
0.0
0.005597716266583253
0.0
0.0
0.0
0.0013994290666458132
0.0
0.0
0.0
0.009333401251606503
0.0013994290666458132
0.0
0.0
0.0
0.0
0.0008829414361595776
0.0
0.0
0.0
0.0008829414361595776
0.0
0.0
0.0008829414361595776
0.0
0.0
0.0
0.0
0.0
0.0
0.0
0.0
0.005597716266583253
0.0
0.005866135925837394
0.003361671422850777
0.0
0.0
0.02528709156179926
0.0
0.0
0.0
0.0017658828723191551
0.0
0.0
0.0
0.0
0.0
0.0
0.0
0.003361671422850777
0.0
0.0
0.0
0.0
0.0
0.0
0.0
0.0
0.0
0.0
0.002933067962918697
0.0
0.0
0.0
0.0
0.0
0.0013994290666458132
0.0
0.0
0.05560335186697488
0.0
0.0017658828723191551
0.0
0.0
0.0
0.0
0.0
0.0
0.0
0.0
0.0
0.0
0.0
0.0
0.0
0.0
0.0
0.0
0.0
0.0
0.0
0.0
0.0
0.0
0.0
0.0
0.0
0.0024787299866912
0.0
0.0
0.0
0.0
0.0
0.0
0.0
0.0
0.0
0.0
0.0
0.0
0.0
0.023805502447482956
0.0
0.0017658828723191551
0.0
0.0
0.0
0.0
0.0
0.0038160093990782747
0.0
0.0
0.0
0.0
0.0
0.0
0.0
0.022504027316529975
0.0
0.004150212995317016
0.0
0.0
0.0
0.0
0.0
0.0
0.0
0.0
0.0
0.0
0.0
0.0
0.0
0.0
0.005866135925837394
0.0
0.0
0.0
0.002933067962918697
0.0008829414361595776
0.0
0.0
0.0052976486169574654
0.0
0.0
0.0
0.0
0.0
0.0
0.015264037596313099
0.0
0.0
0.0
0.003267271559157438
0.0013994290666458132
0.007063531489276621
0.0013994290666458132
0.0
0.0
0.0
0.0
0.0
0.0
0.0
0.0
0.0
0.0
0.0031653119389649684
0.0
0.0
0.0
0.0
0.0
0.0
0.0
0.0
0.04374265205309468
0.0
0.0
0.0
0.0
0.0
0.0
0.0
0.0
0.0
0.010826970933907446
0.015002684877686651
0.0017658828723191551
0.0
0.0
0.0
0.0027988581332916264
0.0
0.0
0.0
0.0
0.0
0.0
0.0017658828723191551
0.0
0.0
0.0
0.0
0.003054475521655467
0.0
0.0
0.0
0.0026488243084787327
0.0
0.0
0.0
0.0
0.0035317657446383103
0.0
0.0
0.003937416957815045
0.0
0.0
0.0
0.0
0.0
0.0
0.0
0.0
0.0
0.002282370502805391
0.0
0.0
0.0
0.0
0.0
0.0
0.0
0.003054475521655467
0.0
0.0
0.005081228636097017
0.0
0.027173139080701923
0.0
0.0
0.0
0.0
0.0
0.0
0.002282370502805391
0.0
0.0
0.0
0.0
0.0
0.0
0.0
0.0
0.0
0.0
0.0
0.0
0.0008829414361595776
0.0
0.0
0.0
0.0
0.0
0.0
0.0
0.0
0.0
0.0
0.0
0.0
0.0
0.002282370502805391
0.0
0.0031653119389649684
0.0
0.0
0.0
0.0
0.0068991111868098665
0.0
0.0008829414361595776
0.0
0.0
0.0
0.0
0.0
0.0
0.0
0.0
0.0
0.0
0.0
0.0
0.0
0.0
0.0
0.0
0.0
0.0
0.0
0.0
0.0
0.0
0.0
0.0
0.0
0.0
0.0
0.0
0.0
0.0
0.0
0.0
0.0
0.0008829414361595776
0.0
0.0
0.0
0.0
0.007363599138902408
0.0
0.0
0.0
0.0
0.0
0.0
0.0
0.0
0.0
0.0
0.0
0.0
0.0034495555934049332
0.0017658828723191551
0.0
0.0
0.0
0.0
0.0
0.0
0.0035317657446383103
0.0
0.0008829414361595776
0.0
0.0
0.0
0.0
0.0
0.0
0.0
0.0
0.0
0.0
0.0
0.008200506107036478
0.0
0.0
0.0
0.0
0.0
0.0
0.0
0.0
0.0
0.0
0.0
0.0
0.003267271559157438
0.0
0.0
0.0
0.0
0.0
0.0
0.0
0.0024787299866912
0.0
0.0
0.0
0.0
0.0
0.0
0.0
0.0
0.0
0.0
0.0
0.0
0.0
0.0
0.0
0.0
0.0
0.0
0.029587168867704742
0.0
0.0
0.0
0.0
0.0
0.0
0.0
0.0
0.0
0.011812250873445134
0.0013994290666458132
0.0
0.0
0.0
0.0
0.0
0.0
0.0
0.0
0.0
0.0
0.0
0.0017658828723191551
0.0
0.0
0.0
0.0
0.0
0.0
0.0
0.0
0.0
0.0
0.0
0.0
0.0
0.0
0.003681799569451204
0.0
0.0
0.0036089903113024823
0.0
0.0
0.0
0.0
0.0035317657446383103
0.0
0.0
0.0013994290666458132
0.0
0.0
0.0
0.002282370502805391
0.0
0.0
0.0013994290666458132
0.0
0.00419828719993744
0.0
0.004374265205309468
0.0
0.0
0.0
0.0
0.0
0.0076320187981565495
0.0026488243084787327
0.0
0.0
0.17946440033094768
0.0
0.0
0.0
0.0024787299866912
0.0
0.0020501265267591196
0.0
0.0
0.0
0.0
0.0
0.019724779245136492
0.0
0.0
0.0013994290666458132
0.0
0.0
0.06899463354382156
0.0
0.0
0.0
0.0
0.003750671219421663
0.0
0.0
0.02819370501142712
0.0
0.010085014268552331
0.005866135925837394
0.0
0.0
0.002282370502805391
0.0
0.0
0.0
0.0
0.0
0.0
0.003054475521655467
0.0
0.0
0.0
0.0026488243084787327
0.0
0.006723342845701554
0.014713129973928698
0.011982120870113421
0.0
0.0
0.0
0.0
0.0
0.0
0.0
0.0
0.0
0.0
0.0
0.0
0.0
0.0
0.0
0.0
0.0
0.0
0.0
0.0
0.0
0.0
0.0
0.0
0.0
0.0
0.0
0.0
0.0
0.0
0.0
0.0
0.0
0.003054475521655467
0.0
0.0173511099068384
0.0
0.0
0.0
0.0
0.0
0.0
0.0
0.0
0.0
0.014283301468489771
0.0
0.0
0.0008829414361595776
0.0
0.0
0.0
0.0
0.014546953980152239
0.008300425990634032
0.0
0.0
0.011448028197234825
0.0
0.0
0.0
0.0
0.0
0.02759785341752862
0.0
0.0
0.0
0.0
0.0
0.0
0.0
0.0
0.0
0.0
0.0
0.0052976486169574654
0.0
0.0
0.0024787299866912
0.0
0.002282370502805391
0.007363599138902408
0.0
0.0013994290666458132
0.0
0.0
0.0
0.0
0.0
0.0013994290666458132
0.0
0.0
0.0
0.0
0.0
0.0013994290666458132
0.002933067962918697
0.0
0.0
0.004150212995317016
0.0
0.0
0.0
0.0
0.0
0.0
0.0013994290666458132
0.0
0.0
0.0
0.004100253053518239
0.0
0.0
0.0
0.0
0.0
0.0
0.0
0.0
0.0017658828723191551
0.0
0.0
0.0
0.0
0.0
0.0
0.0
0.002282370502805391
0.011448028197234825
0.0024787299866912
0.0017658828723191551
0.0020501265267591196
0.0
0.0
0.0
0.0408368163873167
0.0
0.0
0.0
0.0
0.0
0.0
0.0
0.0
0.0
0.0
0.0
0.0
0.0008829414361595776
0.0
0.007946472925436198
0.009801814677472315
0.0
0.003937416957815045
0.0
0.0049574599733824
0.0
0.004048253375124546
0.050969739211393646
0.0020501265267591196
0.0
0.004289312716673872
0.0
0.0
0.0
0.0
0.0
0.0
0.0
0.0
0.0035317657446383103
0.0
0.0
0.0
0.0027988581332916264
0.0
0.010595297233914931
0.0
0.0
0.0
0.0
0.0
0.0
0.007946472925436198
0.0
0.0
0.0
0.0
0.0
0.0
0.0
0.0
0.0008829414361595776
0.0
0.0017658828723191551
0.0
0.0
0.0
0.0
0.0
0.003267271559157438
0.0
0.0008829414361595776
0.014793584433852371
0.0
0.004666700625803251
0.0
0.0
0.0008829414361595776
0.0
0.0
0.0013994290666458132
0.0024787299866912
0.002282370502805391
0.003681799569451204
0.0
0.0024787299866912
0.0020501265267591196
0.0
0.0
0.0
0.0
0.0
0.0
0.0
0.0
0.0
0.0
0.0
0.0
0.0
0.0
0.0
0.0
0.0
0.0
0.0
0.0
0.0
0.0
0.0
0.0
0.0
0.0
0.0
0.0
0.0
0.0
0.0
0.0
0.0
0.0
0.0
0.0
0.0017658828723191551
0.0
0.0
0.0
0.0
0.0
0.0008829414361595776
0.0
0.0
0.0
0.0
0.051046020484145874
0.0
0.0
0.0
0.002933067962918697
0.0
0.021653941867814892
0.0
0.0
0.0017658828723191551
0.0
0.002933067962918697
0.010085014268552331
0.0
0.0
0.0
0.0
0.0
0.0
0.0008829414361595776
0.014630945178592154
0.0024787299866912
0.0
0.0
0.0
0.0
0.0
0.0
0.0
0.0027988581332916264
0.0
0.0038160093990782747
0.0
0.0
0.0
0.0
0.0
0.0027988581332916264
0.0
0.0
0.0
0.0035317657446383103
0.002933067962918697
0.0
0.0
0.0
0.0
0.0
0.0
0.0
0.0
0.007063531489276621
0.0076320187981565495
0.0
0.0
0.0
0.0
0.0
0.0
0.015264037596313099
0.0008829414361595776
0.0
0.0
0.0
0.0
0.0
0.0
0.0
0.0
0.0
0.0027988581332916264
0.0
0.0
0.0
0.0
0.0
0.0
0.0
0.0
0.0035317657446383103
0.0
0.0
0.0
0.0
0.0
0.013798222373619733
0.0
0.0
0.0
0.0
0.0
0.0
0.0
0.0
0.0
0.0
0.002282370502805391
0.0013994290666458132
0.0
0.0
0.0
0.0
0.002282370502805391
0.0
0.0
0.0
0.0027988581332916264
0.0
0.0
0.0008829414361595776
0.0
0.0
0.0
0.0
0.0
0.0
0.0
0.0020501265267591196
0.0
0.0
0.004414707180797888
0.0
0.0
0.0
0.0
0.0
0.0816736327746334
0.0
0.005597716266583253
0.0
0.0
0.0
0.0
0.0
0.003267271559157438
0.0026488243084787327
0.0
0.0
0.0
0.0
0.0
0.0
0.0
0.0
0.0
0.0
0.0
0.0031653119389649684
0.0
0.0
0.0
0.0
0.0
0.0
0.0
0.0
0.0
0.0
0.0
0.0048489846600507465
0.0026488243084787327
0.0
0.0
0.0
0.0
0.0
0.0
0.0
0.0
0.0
0.0
0.0052976486169574654
0.0
0.0
0.0
0.0
0.0
0.0
0.0
0.0
0.0
0.0
0.0
0.0
0.0017658828723191551
0.0
0.0
0.0024787299866912
0.0
0.0
0.0
0.003361671422850777
0.0
0.0024787299866912
0.0
0.0
0.0
0.0
0.0
0.0
0.0
0.0
0.0
0.0
0.0
0.0
0.0
0.0020501265267591196
0.0
0.0
0.004198287199937439
0.0
0.0
0.0
0.0
0.0
0.0
0.0
0.0
0.0
0.0
0.0
0.0
0.0
0.0
0.0
0.0
0.0
0.0
0.0
0.0
0.0
0.02833777362587182
0.0
0.0017658828723191551
0.0008829414361595776
0.0
0.0
0.004048253375124546
0.0
0.0
0.0
0.0
0.0
0.0
0.0
0.0
0.0
0.0
0.0
0.0
0.0008829414361595776
0.0
0.0
0.0
0.0
0.0
0.0
0.0013994290666458132
0.0297447598402944
0.003994040290037807
0.0
0.0
0.0
0.0
0.0
0.0
0.0
0.0
0.0
0.0
0.0
0.0
0.0
0.0
0.0
0.0
0.0
0.0
0.0
0.0013994290666458132
0.0
0.0
0.0
0.0
0.0
0.0
0.0026488243084787327
0.0
0.0
0.0
0.0
0.0
0.0
0.0
0.0
0.0
0.0
0.0
0.0
0.0
0.0
0.0
0.0
0.0
0.0
0.0
0.0
0.0
0.0
0.01697845143604142
0.003750671219421663
0.0048489846600507465
0.0
0.0
0.0
0.08597611131011748
0.0
0.0
0.0
0.0
0.0
0.04006735502358636
0.0036089903113024823
0.0
0.008096506750249092
0.0
0.0
0.0
0.0024787299866912
0.0
0.0
0.0
0.0
0.0
0.0
0.0
0.0
0.0
0.0
0.0
0.0020501265267591196
0.0013994290666458132
0.0
0.0
0.0
0.002282370502805391
0.0
0.0
0.0
0.0
0.0
0.0
0.0
0.0026488243084787327
0.0017658828723191551
0.0
0.0
0.0
0.0
0.0
0.0
0.0
0.0
0.0
0.0
0.0
0.0
0.0
0.0
0.003937416957815045
0.0
0.0017658828723191551
0.0
0.0013994290666458132
0.0013994290666458132
0.0
0.0
0.0
0.0
0.0013994290666458132
0.0
0.0
0.0
0.0
0.00787483391563009
0.0
0.0
0.016401012214072957
0.0
0.0
0.0
0.0
0.0013994290666458132
0.009495935816894906
0.08928006586951921
0.017658828723191553
0.0
0.0
0.0049574599733824
0.0
0.0
0.0
0.0026488243084787327
0.0
0.02516577215738297
0.09369270141439834
0.0
0.0
0.0
0.3230359205957058
0.0
0.0
0.10209204096829175
0.0
0.02032491454438807
0.0
0.0
0.02424492330025373
0.0396596797870592
0.0
0.0
0.019932777958711265
0.12137803949663645
0.0
0.039235013263809855
0.00848922571802071
0.0
0.0
0.0
0.0008829414361595776
0.0020501265267591196
0.1999746175116274
0.0
0.060689019748318224
0.003054475521655467
0.006108951043310934
0.01379892670876431
0.0
0.014127062978553241
0.0
0.0
0.0
0.0026488243084787327
0.01379892670876431
0.0
0.0
0.002282370502805391
0.0
0.0008829414361595776
0.009862389622568246
0.0
0.0
0.0
0.0
0.0
0.0
0.0
0.0
0.0
0.0
0.0
0.0
0.04594141843573129
0.0
0.0
0.0027988581332916264
0.0
0.0
0.0
0.0
0.0
0.0
0.029093907960304477
0.01001683875589659
0.0
0.0
0.0
0.0
0.0
0.0
0.0024787299866912
0.0
0.0
0.0
0.0
0.0
0.0
0.0
0.0224596587373103
0.00787483391563009
0.0027988581332916264
0.0
0.0
0.0
0.0
0.0
0.0
0.0
0.0
0.0
0.0
0.012144760125373638
0.0
0.0038160093990782747
0.0
0.0
0.003267271559157438
0.0
0.0017658828723191551
0.0017658828723191551
0.0
0.0
0.0027988581332916264
0.0
0.0
0.0
0.0
0.0
0.0
0.0
0.0
0.0
0.004876981726197385
0.0
0.0
0.0
0.004100253053518239
0.0
0.0
0.0
0.0
0.0
0.0
0.0
0.0
0.0008829414361595776
0.0
0.0
0.0
0.0
0.0
0.0
0.0
0.0
0.0
0.0
0.0
0.0
0.0
0.0
0.0
0.0
0.0
0.0
0.0
0.0
0.0
0.0
0.0
0.0
0.0
0.003267271559157438
0.0
0.0
0.0
0.0076320187981565495
0.0
0.0
0.0
0.0
0.0
0.0091634265649664
0.0
0.0
0.0
0.0
0.0
0.0
0.0
0.0
0.0
0.0
0.0
0.0
0.0013994290666458132
0.0
0.0
0.004904376657976232
0.0
0.0
0.0
0.00839657439987488
0.0
0.0
0.0
0.0
0.0
0.0
0.0
0.0
0.0
0.0
0.0017658828723191551
0.00866499405912902
0.0
0.007217980622604965
0.0
0.0
0.0
0.0
0.0
0.0
0.002282370502805391
0.0008829414361595776
0.0
0.0
0.03032747920695157
0.0
0.07146442867780423
0.0
0.0
0.0008829414361595776
0.0
0.0
0.0020501265267591196
0.0
0.0
0.0
0.0
0.0
0.015892945850872395
0.0
0.0
0.0
0.0
0.0
0.0
0.0
0.0
0.0
0.0049574599733824
0.0
0.0
0.0
0.0
0.0
0.0
0.0024787299866912
0.0
0.0
0.0
0.0
0.0
0.0
0.0
0.0
0.0
0.0
0.0
0.0
0.0
0.0
0.0
0.0
0.0
0.0
0.0
0.0
0.0
0.0
0.0
0.0
0.0
0.0
0.0
0.0
0.0
0.0
0.03505893564563806
0.0
0.0
0.0
0.002282370502805391
0.0
0.0
0.0
0.0
0.0
0.003267271559157438
0.0
0.0027988581332916264
0.0020501265267591196
0.0
0.0
0.0
0.0
0.0
0.0
0.0
0.0
0.0
0.0
0.0
0.0
0.0
0.0
0.0
0.0
0.0
0.0
0.0
0.0
0.0
0.0
0.0035317657446383103
0.0
0.0
0.0
0.0
0.0
0.0
0.0
0.0
0.006330623877929937
0.0
0.0
0.0
0.0
0.0
0.0
0.0
0.0
0.0
0.016600851981268063
0.013122795615928405
0.0
0.0
0.0
0.003267271559157438
0.0
0.0
0.0
0.0
0.0
0.0
0.0
0.0
0.0
0.0020501265267591196
0.0
0.0
0.0
0.0
0.0008829414361595776
0.015512636213348053
0.0
0.0
0.0
0.0
0.0
0.0
0.0
0.019044401957986363
0.0
0.0
0.0
0.0
0.0
0.0
0.0
0.0
0.0
0.0
0.104744210768925
0.0
0.0
0.0
0.0
0.0
0.0
0.0035317657446383103
0.0
0.0
0.0
0.005866135925837394
0.0038160093990782747
0.0
0.0
0.0
0.003994040290037807
0.0
0.0
0.006108951043310934
0.0
0.0
0.0
0.0
0.0
0.0
0.0013994290666458132
0.0
0.0024787299866912
0.01749706082123787
0.003681799569451204
0.0
0.0
0.0
0.0
0.0026488243084787327
0.0
0.01443596124520993
0.0
0.0
0.0
0.0
0.0
0.0
0.0027988581332916264
0.0
0.0
0.0
0.011045398708353612
0.0
0.0
0.0
0.0
0.0
0.0
0.0
0.0
0.003878159053337013
0.0
0.0
0.0
0.161060941807251
0.0
0.0
0.0
0.0
0.0
0.0
0.0
0.0
0.0
0.0
0.0
0.0
0.0
0.0
0.0
0.0
0.03556860045267912
0.006330623877929937
0.0
0.042446128590103556
0.0
0.006847111508416172
0.0
0.0
0.0
0.0
0.0013994290666458132
0.0017658828723191551
0.004198287199937439
0.0
0.0
0.0
0.0
0.0
0.0
0.0
0.0
0.0
0.0
0.0
0.0
0.0
0.0
0.0
0.0
0.0
0.0
0.0
0.0008829414361595776
0.0
0.0
0.0
0.0
0.06375689655369102
0.0
0.0
0.0
0.0
0.0
0.0
0.0
0.0049574599733824
0.0
0.0
0.007363599138902408
0.0
0.0
0.0
0.0
0.00839657439987488
0.0
0.0
0.0
0.0
0.0
0.002933067962918697
0.012594861599812318
0.007501342438843326
0.09213070854096418
0.003361671422850777
0.0
0.0
0.0
0.0
0.08597611131011748
0.0
0.0
0.01494958346903345
0.0
0.03289265584666497
0.0
0.0
0.0
0.06149526059634249
0.013586569540350962
0.0
0.0
0.0
0.10767864019856858
0.0
0.0
0.00433249702956451
0.0020501265267591196
0.0
0.003681799569451204
0.009333401251606503
0.0
0.0
0.0
0.0
0.0
0.0
0.0
0.0
0.0
0.0
0.0
0.27176037764400646
0.0
0.0
0.0
0.0
0.0
0.0
0.0
0.0
0.0
0.0008829414361595776
0.0020501265267591196
0.0
0.0
0.0
0.0
0.0
0.002282370502805391
0.13331641167441827
0.0
0.0017658828723191551
0.0
0.003681799569451204
0.0076320187981565495
0.0
0.0
0.0
0.0
0.0
0.028382427967542687
0.012450638985951046
0.0
0.0
0.003681799569451204
0.0
0.0
0.009640716787949245
0.019724779245136492
0.0
0.004761100489496591
0.0
0.0
0.05008419377948295
0.0
0.0
0.0
0.0
0.016401012214072957
0.0
0.016193013500498184
0.0
0.0
0.08093870832144204
0.006534543118314876
0.0
0.01854177015935113
0.0008829414361595776
0.0
0.0
0.0
0.0
0.0036089903113024823
0.0
0.0
0.0
0.0
0.0
0.0
0.0
0.0
0.0
0.0
0.0
0.04006735502358636
0.0
0.0
0.0
0.0
0.0
0.0
0.0
0.0
0.012733838577031068
0.0
0.1582426635008522
0.0044919317474620595
0.0
0.0
0.01001683875589659
0.0
0.0
0.0
0.0
0.0
0.0
0.0
0.0
0.0
0.0
