0.0
0.0
0.0
0.0
0.0
0.0
0.0
0.0
0.0
0.0
0.0
0.0
0.0
0.0
0.0
0.0
0.0
0.0
0.0
0.0
0.0
0.0
0.0
0.0
0.0
0.0
0.0
0.0
0.006469087956782359
0.0
0.0
0.0
0.0
0.0
0.0
0.0
0.0
0.0
0.0
0.0
0.0
0.0
0.0
0.0
0.0
0.0
0.0
0.0
0.0
0.0
0.0
0.0
0.0
0.0
0.0
0.0
0.0
0.0
0.0
0.006677467340484076
0.0
0.0
0.0
0.0
0.0
0.0
0.0
0.0
0.0
0.0
0.0
0.0
0.0
0.007375853062565879
0.0
0.0
0.0
0.0
0.0
0.0
0.0
0.0
0.0
0.0
0.0
0.0
0.0
0.006469087956782359
0.0
0.0
0.0
0.0059944406747936335
0.0
0.0
0.0
0.0
0.0
0.0
0.0
0.0
0.0
0.0
0.0
0.0
0.0
0.0
0.0
0.0
0.0
0.0
0.0
0.0
0.0
0.0
0.0
0.0
0.0
0.0
0.0
0.007375853062565879
0.005065890065249839
0.0
0.0
0.0
0.0
0.0
0.0
0.0
0.0
0.0
0.0
0.0
0.0
0.0
0.0
0.00180450645034112
0.0
0.0
0.0
0.0
0.0
0.0
0.0
0.0
0.0
0.0
0.0
0.0
0.0
0.0
0.0
0.0
0.0
0.0
0.0
0.008379868448905028
0.0
0.0
0.0
0.0
0.0
0.0
0.0
0.0
0.0
0.0
0.0
0.0
0.0
0.0
0.0
0.0
0.0
0.0
0.0
0.0
0.0
0.0
0.005720150112200236
0.0
0.0
0.0
0.0
0.0
0.005720150112200236
0.00180450645034112
0.0
0.0
0.0
0.0
0.0
0.0
0.0
0.0
0.0
0.0
0.0
0.0
0.0
0.0
0.0
0.0
0.0
0.0
0.0
0.0
0.0
0.0
0.0
0.0
0.0
0.0
0.0
0.0
0.0
0.01632559345644515
0.0
0.0
0.006242566670345024
0.0
0.0
0.0
0.0
0.0
0.0
0.0
0.0
0.008766258041342278
0.00360901290068224
0.0
0.0
0.0
0.00541351935102336
0.0
0.0
0.0
0.0
0.0
0.0
0.0
0.0
0.0
0.0
0.0
0.0
0.0
0.0
0.0
0.0
0.0
0.0
0.0
0.0
0.00721802580136448
0.0
0.0
0.0
0.0
0.0
0.0
0.0
0.0
0.0
0.0
0.0
0.004189934224452514
0.006469087956782359
0.0
0.0
0.0
0.0
0.0
0.0
0.0
0.0
0.0
0.0
0.0
0.0
0.0
0.0
0.01443605160272896
0.0
0.0
0.0
0.006242566670345024
0.0
0.0
0.006677467340484076
0.006242566670345024
0.0
0.0
0.0
0.0
0.0
0.0
0.0
0.0
0.0
0.0
0.0
0.0
0.0
0.0
0.0
0.0
0.0
0.0
0.0
0.0059944406747936335
0.0
0.0
0.0
0.0
0.0
0.0
0.0
0.0
0.0
0.0
0.0
0.0
0.0
0.0
0.0
0.0
0.0
0.027067596755116805
0.0
0.00541351935102336
0.0
0.0
0.0
0.0
0.0
0.0
0.0
0.0
0.0
0.0
0.0
0.0
0.0
0.0
0.0
0.0
0.0
0.004189934224452514
0.0
0.0
0.00360901290068224
0.0
0.0
0.010336069407300134
0.0
0.0
0.0
0.0
0.0
0.0
0.0
0.0
0.0
0.0
0.0
0.0
0.0
0.0
0.0
0.0
0.0
0.0
0.0
0.009180359512906999
0.0
0.0
0.00541351935102336
0.0
0.0
0.0
0.0
0.0
0.0
0.0
0.0
0.0
0.0
0.0
0.0
0.0
0.0
0.0
0.0
0.0
0.0
0.0
0.0
0.0
0.018658326025764956
0.0
0.0
0.008379868448905028
0.0
0.0
0.0
0.0
0.0
0.0
0.0
0.0
0.0
0.0
0.0
0.005065890065249839
0.0
0.0
0.0
0.0
0.0
0.0
0.0
0.0
0.0
0.0
0.0
0.0
0.0
0.0
0.0
0.0
0.0
0.0
0.0
0.004189934224452514
0.0
0.0
0.01082703870204672
0.0
0.0
0.0
0.0
0.0
0.0
0.0
0.0
0.0
0.0
0.0
0.0
0.0
0.0
0.0
0.0
0.0
0.0
0.0
0.0
0.0
0.0
0.0
0.0
0.0
0.0
0.0
0.0
0.0
0.0
0.006469087956782359
0.0
0.036721438051627996
0.010184374899246146
0.0
0.0
0.0
0.07235248585110093
0.0
0.007524656562541357
0.0
0.0
0.008939879198349293
0.0
0.0
0.0
0.0
0.0
0.008273594407123478
0.0
0.0
0.0
0.0
0.0
0.0
0.0
0.0
0.004664581506441239
0.004189934224452514
0.0
0.0
0.0
0.0
0.0
0.0
0.0
0.0
0.0
0.0
0.0
0.0
0.0
0.012938175913564718
0.0
0.0
0.0
0.0
0.0
0.0
0.0
0.0
0.007925965121349958
0.0
0.0
0.0
0.0
0.0
0.0
0.0
0.0
0.09389250805317785
0.0
0.0
0.0
0.0
0.0
0.0
0.0
0.008939879198349293
0.0
0.0
0.0
0.0
0.008854515730893752
0.13623232241155162
0.12519001073757047
0.0
0.018658326025764956
0.0
0.0
0.0
0.0
0.020865001789595078
0.0
0.0
0.0
0.0
0.0
0.0
0.0
0.0
0.0
0.0
0.0
0.0
0.0
0.0
0.0
0.007375853062565879
0.0
0.0
0.0
0.006870396515590958
0.0
0.0
0.0
0.0198201686733055
0.0
0.0
0.0
0.0
0.0
0.0
0.0
0.0
0.02900321145111399
0.0
0.006870396515590958
0.018205283452890287
0.008379868448905028
0.0
0.0
0.0
0.0
0.0
0.0
0.0
0.0
0.0
0.0
0.0
0.0
0.0
0.0
0.0
0.0
0.0
0.0
0.0
0.0
0.0
0.0
0.0
0.0
0.009255824289702353
0.0
0.0
0.0
0.0
0.0
0.0
0.0
0.0
0.0
0.0
0.0
0.0
0.0
0.006242566670345024
0.0
0.0
0.0
0.0
0.0
0.0
0.0
0.0
0.0
0.0
0.0
0.0
0.009180359512906999
0.0
0.0
0.0
0.0
0.0
0.0
0.0
0.007524656562541357
0.0
0.0
0.0
0.0
0.0
0.0
0.0
0.0
0.0
0.0
0.0
0.0
0.0
0.0
0.0
0.0
0.0
0.0
0.0
0.0
0.0
0.0
0.0
0.0
0.0
0.0
0.0
0.0
0.0
0.0
0.0
0.0
0.0
0.0
0.0
0.0
0.0
0.0
0.0
0.004664581506441239
0.0
0.0
0.0
0.0
0.0
0.0
0.0
0.0
0.0
0.0
0.0
0.0
0.0
0.0
0.0
0.0
0.0
0.0
0.0
0.0
0.0
0.0
0.0
0.0
0.0
0.0
0.0
0.0
0.0
0.0
0.0
0.0
0.0
0.0
0.0
0.0
0.006870396515590958
0.0
0.0
0.0
0.0
0.0
0.0
0.0
0.0
0.0
0.0
0.0
0.0
0.09212335306799398
0.0
0.0
0.0076654125985904644
0.0
0.008047073120686145
0.0
0.0
0.0
0.0
0.0
0.0
0.0
0.0
0.0
0.0
0.0
0.0
0.0
0.0
0.0
0.0
0.0
0.0
0.0
0.0
0.0
0.0
0.0
0.0
0.0
0.0
0.0
0.0
0.0
0.0
0.0
0.0
0.0
0.0
0.0
0.004664581506441239
0.0
0.0
0.0
0.0
0.0
0.0
0.0
0.0
0.0
0.0
0.0
0.0
0.0
0.0
0.0
0.0
0.0
0.0
0.01920690715095175
0.0
0.0
0.0
0.0
0.0
0.0
0.0
0.041538926474565904
0.02036874979849229
0.0
0.0
0.0180450645034112
0.008273594407123478
0.0
0.0
0.0
0.0
0.0
0.0
0.0
0.00360901290068224
0.0384138143019035
0.0
0.0
0.0
0.02544592137247559
0.0
0.0
0.0
0.0
0.0
0.0
0.0
0.0
0.0
0.0
0.0
0.0
0.0
0.0
0.0
0.0
0.0
0.0
0.0
0.0
0.006677467340484076
0.0
0.0
0.0
0.0
0.0
0.0
0.0
0.0
0.0
0.0
0.019460943143382155
0.0
0.0
0.0
0.0
0.0
0.0
0.0
0.0
0.0
0.007925965121349958
0.017879758396698586
0.0
0.06628943334252109
0.018511648579404707
0.0
0.0
0.0
0.0
0.0
0.0
0.005065890065249839
0.0
0.0
0.0
0.0
0.0
0.0
0.0
0.0
0.0
0.0
0.0
0.0
0.0
0.007524656562541357
0.0
0.0
0.0
0.0
0.0
0.0
0.0
0.0
0.0
0.0
0.0
0.0
0.0
0.0
0.0
0.0
0.0
0.0
0.0
0.0
0.0
0.0
0.0
0.0
0.0
0.0
0.0
0.0
0.0
0.0
0.0
0.0
0.006870396515590958
0.005065890065249839
0.005065890065249839
0.0
0.0
0.0
0.0
0.0
0.0
0.0
0.0
0.0
0.0
0.0
0.0
0.04865235785845539
0.0
0.0
0.0
0.0
0.0
0.0
0.0
0.0
0.0059944406747936335
0.0
0.0
0.0
0.0
0.0
0.0
0.0
0.0
0.0
0.0
0.0
0.0
0.0
0.0
0.0
0.0
0.0
0.0
0.0
0.0
0.0
0.0
0.0
0.0
0.0
0.0
0.0
0.0
0.0
0.0
0.0
0.0
0.0
0.0
0.0
0.0
0.0
0.0
0.0
0.0
0.0
0.0
0.0
0.04009316564738069
0.0
0.0
0.0
0.0
0.0
0.0
0.0
0.0
0.0
0.0
0.0
0.0
0.0
0.0
0.0
0.0
0.0
0.0
0.0
0.0
0.0
0.0
0.0
0.0
0.0076654125985904644
0.0
0.0
0.0
0.0
0.009180359512906999
0.0
0.0
0.0
0.0
0.0
0.0
0.0
0.0
0.0
0.0
0.0
0.0
0.0
0.0
0.0
0.0
0.0
0.039869212714254774
0.0
0.0
0.0
0.002860075056100118
0.0
0.0419176376650928
0.0
0.0
0.0
0.0733558659139124
0.0
0.018360719025813998
0.0
0.0
0.0
0.0
0.0
0.017879758396698586
0.0
0.0
0.0
0.0
0.0
0.0
0.0
0.0
0.0
0.002860075056100118
0.0
0.0
0.0
0.006870396515590958
0.0
0.0
0.0
0.0
0.0
0.0
0.0
0.0
0.0
0.0
0.0
0.0
0.0
0.0
0.0
0.007524656562541357
0.0
0.0
0.018360719025813998
0.0
0.0
0.0
0.0
0.0
0.0
0.0
0.0
0.006677467340484076
0.0
0.0
0.004664581506441239
0.00541351935102336
0.0
0.0
0.0
0.0
0.0
0.0
0.0
0.0
0.0
0.0
0.0
0.006677467340484076
0.0
0.0
0.0
0.004664581506441239
0.0
0.0
0.0
0.0
0.0
0.0
0.0
0.0
0.0
0.0
0.0
0.0
0.0
0.0
0.0
0.0
0.0
0.0
0.0
0.0
0.0
0.0
0.009730471571691077
0.0
0.0
0.0
0.0
0.0
0.0
0.0
0.0
0.0
0.0
0.0
0.0
0.0
0.0
0.0
0.006870396515590958
0.0
0.017349805931864158
0.040527120521998715
0.0
0.0
0.0
0.0
0.0
0.0
0.0
0.0
0.0
0.0
0.0
0.0
0.0
0.0
0.0
0.0
0.0
0.0
0.0
0.0
0.0
0.00541351935102336
0.0
0.0
0.0
0.0
0.0
0.0
0.0
0.0
0.0
0.0
0.0
0.0
0.0
0.0
0.0
0.008047073120686145
0.0
0.029730253009958255
0.0
0.01893983809786317
0.0
0.0
0.00991008433665275
0.0
0.0
0.0
0.0
0.0
0.0
0.0
0.0
0.0
0.0
0.0
0.0
0.0
0.002860075056100118
0.0
0.0
0.0
0.0
0.0
0.0
0.0
0.039640337346611
0.0
0.04009316564738069
0.0
0.0
0.0
0.0
0.0
0.0
0.0
0.0
0.0
0.0
0.0
0.0
0.0
0.0
0.0
0.0
0.0
0.0
0.0
0.0
0.0
0.0
0.0
0.0
0.0
0.0
0.0
0.0
0.0
0.0
0.1757131799241023
0.0
0.0
0.0
0.0
0.0
0.0
0.00541351935102336
0.0
0.0
0.0
0.0
0.0
0.0
0.0
0.0
0.0
0.0
0.0
0.0
0.0
0.0
0.0
0.0
0.0
0.0
0.0
0.0
0.0
0.0
0.0
0.0
0.0
0.0
0.0
0.0
0.0
0.0
0.0
0.0
0.0
0.0
0.0
0.0
0.0
0.0
0.0
0.0
0.0
0.0
0.0
0.0
0.0
0.030553124697738437
0.004189934224452514
0.0
0.0
0.0
0.008162796728222574
0.0
0.0
0.0
0.0
0.0
0.0
0.0
0.0
0.004664581506441239
0.0
0.0
0.0
0.009255824289702353
0.0
0.0
0.0
0.0
0.0
0.0
0.010078100857464599
0.0
0.0
0.018658326025764956
0.0
0.0
0.0
0.0
0.0
0.0
0.0
0.0
0.0
0.0
0.0
0.0
0.0
0.0
0.0
0.0
0.0
0.0
0.0
0.0
0.0
0.0
0.0
0.0
0.0
0.0
0.0
0.0
0.0
0.0
0.0
0.0
0.0
0.0
0.0
0.0
0.0
0.0
0.0
0.0
0.0
0.0
0.00360901290068224
0.0
0.0
0.0
0.0
0.0
0.0
0.0
0.0
0.0
0.0
0.0
0.0
0.0
0.0
0.0
0.0
0.0
0.0
0.0
0.0
0.0
0.0
0.0
0.0
0.0
0.0
0.0
0.0
0.0
0.0
0.009469919048931585
0.008481973790825197
0.0
0.0
0.0
0.0
0.0
0.0
0.0
0.0
0.00180450645034112
0.0
0.0
0.0
0.0
0.0
0.0
0.0
0.0
0.0
0.0
0.0
0.0
0.0
0.0
0.0
0.0
0.0
0.0090225322517056
0.0
0.0
0.0
0.0
0.0
0.0
0.0
0.0
0.0
0.0
0.0
0.0
0.0
0.0
0.0
0.0
0.0
0.0
0.0
0.00360901290068224
0.0
0.0
0.0
0.0
0.0
0.0
0.0
0.0
0.0
0.0
0.0
0.0
0.0
0.0
0.0
0.006469087956782359
0.0
0.0
0.0
0.0
0.00360901290068224
0.0
0.0
0.0
0.0
0.0
0.0
0.0
0.0
0.0
0.008580225168300357
0.0
0.0
0.0
0.0
0.0
0.0
0.0
0.0
0.0
0.008939879198349293
0.0
0.008854515730893752
0.008939879198349293
0.0
0.009851579571027265
0.0
0.0
0.0
0.0
0.0
0.0
0.0
0.0
0.25038002147514093
0.0
0.0
0.0
0.0
0.0
0.008674902965932079
0.0
0.0
0.005065890065249839
0.0
0.0
0.0
0.0
0.0
0.0
0.0
0.0
0.0
0.004189934224452514
0.002860075056100118
0.0
0.0
0.0
0.0
0.0
0.0
0.0
0.0
0.0
0.0
0.0
0.0
0.009791729751118613
0.0
0.04469939599174647
0.0
0.0
0.0
0.0
0.0
0.0
0.0
0.0
0.0
0.0
0.0
0.0
0.0
0.0
0.0
0.0
0.0
0.0
0.0
0.0
0.0
0.0
0.0
0.0
0.002860075056100118
0.0
0.0
0.0
0.0
0.0
0.0
0.0
0.0
0.0
0.0
0.0
0.006469087956782359
0.0
0.0
0.0
0.0
0.0
0.018511648579404707
0.0
0.0
0.0
0.0
0.0
0.0
0.0
0.0
0.028409757146794754
0.0
0.0
0.0
0.0
0.0
0.0
0.0
0.0
0.0
0.0
0.0
0.0
0.0
0.0
0.0
0.0
0.0
0.0
0.0
0.0
0.0
0.0
0.0
0.0
0.07165149683066198
0.0
0.0
0.0
0.0
0.0
0.0
0.00360901290068224
0.0
0.11025620553029689
0.0
0.0
0.0
0.0
0.0
0.008162796728222574
0.0
0.0
0.0
0.008162796728222574
0.0
0.0
0.0
0.0
0.0
0.0
0.0
0.0
0.0
0.0
0.0
0.0
0.0
0.0
0.0
0.0
0.0
0.0
0.0
0.0
0.0
0.0
0.0
0.0
0.0
0.0
0.0
0.0
0.0
0.0
0.0
0.0
0.0
0.0
0.0
0.0
0.0
0.0
0.0
0.0
0.0
0.0
0.0090225322517056
0.0
0.0
0.0
0.0
0.0
0.0
0.0
0.0
0.0
0.008273594407123478
0.0
0.0
0.0
0.0
0.0
0.0
0.0
0.0
0.0
0.0
0.0
0.0
0.0
0.0
0.0
0.0
0.0
0.0
0.0
0.0
0.0
0.0
0.0
0.0
0.0
0.02602470889779624
0.0
0.0
0.0
0.0
0.0
0.0
0.0
0.0
0.0
0.008379868448905028
0.0076654125985904644
0.0
0.0
0.0
0.0
0.0
0.0
0.0
0.0
0.0
0.0
0.0
0.0
0.009329163012882478
0.0
0.0
0.0
0.0
0.008273594407123478
0.0
0.0
0.0
0.0
0.0
0.0
0.0
0.0
0.0
0.0
0.0
0.006242566670345024
0.0
0.0
0.0
0.0
0.0
0.0
0.0
0.0
0.0
0.0
0.0
0.0
0.0
0.0
0.0
0.0
0.0
0.0
0.0
0.0
0.0
0.0
0.0
0.0
0.0
0.0
0.0
0.0
0.0
0.008162796728222574
0.008580225168300357
0.0
0.0
0.0
0.0
0.0
0.0
0.0
0.0
0.0
0.0
0.0
0.0
0.0
0.0
0.0
0.0
0.0
0.0
0.0
0.0
0.00360901290068224
0.0
0.0
0.0
0.0
0.0
0.0
0.0
0.0
0.0
0.0
0.0
0.0
0.0
0.0
0.0
0.0
0.0
0.0
0.007524656562541357
0.005720150112200236
0.0
0.0
0.008162796728222574
0.0
0.0
0.0
0.0
0.0
0.0
0.0
0.0
0.0
0.0
0.0
0.0
0.0
0.0
0.0
0.0
0.0
0.0
0.0
0.0
0.0
0.0
0.0
0.0
0.0
0.0
0.0
0.0
0.0
0.0
0.0
0.0
0.0
0.0
0.009400492201028697
0.008379868448905028
0.0
0.0
0.0
0.0
0.0
0.0
0.0
0.0
0.0
0.0
0.0
0.0
0.0
0.0
0.0
0.0
0.0
0.0
0.0
0.0
0.0
0.0
0.0
0.0
0.0
0.0
0.0
0.0
0.0
0.0
0.0
0.0
0.0
0.0
0.0
0.0
0.0
0.0
0.0
0.0
0.0
0.0
0.0
0.004664581506441239
0.0
0.0
0.0
0.0
0.0
0.0
0.0
0.0
0.0
0.0
0.0
0.0
0.0
0.0
0.0
0.0
0.0
0.0
0.0
0.0
0.0
0.0
0.0
0.0
0.0
0.0
0.0
0.0
0.016547188814246955
0.0
0.0
0.0
0.010078100857464599
0.0
0.0
0.0
0.0
0.0
0.0
0.029191414715073232
0.0
0.008674902965932079
0.0
0.0
0.0
0.0
0.0
0.0
0.0
0.0
0.0
0.0
0.013740793031181916
0.0
0.0
0.0
0.0
0.010078100857464599
0.0
0.0
0.0
0.0
0.0
0.0
0.0
0.0
0.0
0.0
0.0
0.0
0.0
0.0
0.0
0.0
0.0
0.0
0.0
0.0
0.0
0.0
0.0
0.0
0.0
0.0
0.0
0.0
0.0
0.0
0.0
0.0
0.0
0.0
0.0
0.0
0.0
0.0
0.0
0.0
0.0
0.006870396515590958
0.0
0.0
0.0
0.0
0.0
0.0
0.0
0.0
0.0
0.0
0.0
0.0
0.00721802580136448
0.0
0.0
0.0
0.0
0.0
0.0
0.0
0.0
0.0
0.0
0.0
0.01920690715095175
0.0
0.0
0.0
0.0
0.0
0.0
0.0
0.0
0.0
0.0
0.0
0.00360901290068224
0.0
0.0
0.0
0.0
0.0
0.0
0.0
0.0
0.0
0.0
0.0
0.0
0.0
0.0
0.0
0.0
0.0
0.0
0.0
0.017349805931864158
0.004189934224452514
0.0
0.0
0.0
0.0
0.002860075056100118
0.008481973790825197
0.0
0.0
0.0
0.0
0.0
0.0
0.0
0.0
0.0
0.0
0.0
0.01907508479316839
0.0
0.0
0.0
0.0
0.0
0.0
0.0
0.0
0.0
0.0
0.0
0.0
0.0
0.0
0.0
0.0
0.0
0.0
0.0
0.0
0.0
0.0
0.0
0.0
0.0
0.0
0.0
0.0
0.0
0.0
0.0
0.0
0.0
0.0
0.0
0.0
0.0
0.0
0.0
0.030234302572393797
0.0
0.0
0.0
0.0
0.0
0.004664581506441239
0.007524656562541357
0.0
0.0
0.0
0.0
0.0
0.009667737150371331
0.006677467340484076
0.0
0.045513208632225716
0.0
0.0
0.0
0.0
0.0
0.0
0.0
0.0
0.0
0.0
0.00180450645034112
0.0
0.0
0.0
0.0
0.0
0.0
0.0
0.0
0.0
0.0
0.0
0.0
0.0
0.0
0.0
0.0059944406747936335
0.0
0.00541351935102336
0.0
0.0
0.0
0.00541351935102336
0.0
0.0
0.0
0.0
0.0
0.0
0.0
0.0
0.0
0.0
0.0
0.0
0.0
0.0
0.0
0.0
0.0
0.0
0.0
0.0
0.0
0.0
0.0
0.0
0.0
0.0
0.0
0.0
0.0
0.0
0.0
0.004189934224452514
0.0
0.0
0.0
0.0
0.0
0.0
0.0
0.008580225168300357
0.0
0.0
0.0
0.0
0.0
0.0
0.0
0.0
0.00541351935102336
0.0
0.0
0.0
0.0
0.019934606357127387
0.0
0.0
0.0
0.0
0.04009316564738069
0.0
0.0
0.07302750626358277
0.0
0.0
0.0
0.0
0.0
0.0
0.0
0.0
0.0
0.0
0.0
0.0
0.0
0.0
0.0
0.0
0.0
0.0
0.0
0.0
0.0
0.0
0.0
0.0
0.0
0.0
0.0
0.0
0.0
0.0
0.0
0.0
0.0
0.008162796728222574
0.0
0.0
0.0
0.0
0.0
0.0
0.0
0.0
0.0
0.018727700011035072
0.0
0.0
0.0
0.0
0.0
0.0
0.0
0.00721802580136448
0.0
0.0
0.002860075056100118
0.0
0.0
0.0
0.0
0.0
0.0
0.0
0.0
0.0
0.0
0.0
0.0
0.0
0.0
0.0
0.0
0.0
0.0
0.0
0.0
0.0
0.0
0.0
0.0
0.0
0.0
0.01082703870204672
0.0
0.0
0.0
0.0
0.0
0.0
0.0
0.0
0.0
0.0
0.0
0.0
0.0
0.0
0.0
0.0
0.0
0.0
0.0
0.024141219362058434
0.0
0.0
0.0
0.0
0.017879758396698586
0.0
0.026298774124026834
0.0
0.0
0.009603453575475875
0.008580225168300357
0.005065890065249839
0.008674902965932079
0.0
0.0
0.0
0.0
0.0
0.0
0.0
0.0
0.0
0.0
0.0
0.0
0.0
0.0
0.0
0.0
0.008481973790825197
0.0
0.0
0.0
0.0
0.0
0.0
0.0
0.0
0.0
0.0
0.0
0.0
0.0
0.0
0.0
0.0
0.0
0.0
0.0090225322517056
0.0
0.0
0.0
0.0
0.0
0.0
0.009667737150371331
0.0
0.0
0.0
0.0
0.0
0.0
0.0
0.0
0.0
0.0
0.0
0.0
0.0
0.0
0.0
0.0
0.0
0.0
0.004189934224452514
0.00360901290068224
0.0
0.0
0.004189934224452514
0.0
0.006469087956782359
0.0
0.0384138143019035
0.0
0.0
0.0
0.0
0.0
0.0
0.0
0.0
0.0
0.0
0.0
0.0
0.0
0.0
0.0
0.0
0.0
0.0
0.0
0.0
0.0
0.0
0.0
0.0
0.0
0.0
0.0
0.0
0.0
0.0
0.041145920964665274
0.0
0.0
0.0
0.0
0.0
0.0
0.025740675504901066
0.006469087956782359
0.0076654125985904644
0.008939879198349293
0.0
0.0
0.0
0.0
0.0
0.0
0.0
0.0
0.0
0.0
0.004664581506441239
0.0
0.0
0.0
0.0
0.0
0.0
0.0
0.0
0.0
0.0
0.0
0.0
0.0
0.0
0.0
0.0
0.0
0.0
0.0
0.0
0.0
0.0
0.0
0.0
0.0
0.0
0.0
0.0
0.0
0.0
0.0
0.0
0.0
0.0
0.0
0.0
0.0
0.0
0.006242566670345024
0.030234302572393797
0.0
0.0
0.0
0.0
0.0
0.0
0.007524656562541357
0.0
0.0
0.0
0.0
0.0
0.0
0.0
0.0
0.0
0.0
0.0
0.0
0.0
0.0
0.0
0.0
0.0
0.008273594407123478
0.0
0.0
0.0
0.0
0.0
0.0
0.0
0.0
0.0
0.0
0.0
0.0
0.0
0.0
0.0
0.0
0.0
0.0
0.0
0.008379868448905028
0.00180450645034112
0.0
0.0
0.0
0.0
0.0
0.0
0.0
0.0
0.0
0.0
0.11527350357900519
0.0
0.0
0.0
0.0
0.0
0.0
0.0
0.0
0.0
0.008273594407123478
0.0
0.0
0.0
0.0
0.0
0.0
0.0
0.0
0.0
0.0
0.0
0.009667737150371331
0.0
0.0
0.0
0.0
0.0
0.0
0.0
0.0
0.0
0.0
0.0
0.0
0.0
0.008580225168300357
0.0
0.0
0.0
0.0
0.0
0.0
0.0
0.0
0.0
0.0
0.0
0.0
0.031008208221900403
0.026819637595047883
0.0
0.0
0.0
0.0
0.0
0.0
0.0
0.0
0.0
0.0
0.0
0.0
0.0
0.0
0.0
0.0
0.0
0.0
0.0
0.0
0.0
0.009537542396584196
0.0
0.009469919048931585
0.0
0.310082082219004
0.0
0.0
0.0
0.0
0.0
0.0
0.0
0.0
0.0
0.0
0.0
0.0
0.0
0.0
0.018205283452890287
0.0
0.0
0.0
0.0
0.0
0.020865001789595078
0.0
0.0
0.0
0.0
0.0
0.0
0.0
0.0
0.0
0.0
0.0
0.0
0.0
0.0
0.0
0.0
0.0
0.00541351935102336
0.0
0.0
0.0
0.0
0.0
0.0
0.0
0.0
0.0
0.0
0.0
0.020769463237282952
0.0
0.018658326025764956
0.0
0.0
0.0
0.0
0.0
0.0
0.0
0.0
0.0
0.0
0.0
0.0
0.0
0.0
0.0
0.0
0.0
0.0
0.0
0.0
0.0
0.0
0.0
0.0
0.0
0.0
0.0
0.0
0.0
0.0
0.0
0.0
0.0
0.0
0.0
0.0
0.0
0.0
0.0
0.0
0.0
0.0
0.0
0.009329163012882478
0.0
0.0
0.0
0.0
0.0
0.0
0.0
0.0
0.0
0.0
0.0
0.0
0.0
0.0
0.004664581506441239
0.0
0.0
0.0
0.0
0.008047073120686145
0.0
0.0
0.0
0.0
0.0
0.00541351935102336
0.0
0.0
0.0
0.0
0.0
0.0
0.0
0.0
0.0
0.0
0.0
0.0
0.0
0.0
0.0
0.0
0.0
0.0
0.0
0.0
0.0
0.0
0.0
0.0
0.0
0.0
0.0
0.0
0.0
0.0
0.0
0.0
0.0
0.0
0.0
0.005720150112200236
0.0
0.0
0.0
0.0
0.0
0.0
0.0090225322517056
0.0
0.0
0.0
0.0
0.0
0.0
0.007375853062565879
0.0
0.0
0.0
0.0
0.0
0.0
0.0
0.0
0.0
0.0
0.0
0.0
0.0
0.0
0.0
0.0
0.0
0.0
0.0
0.0
0.028612627189752587
0.0
0.0
0.0
0.0
0.0
0.0
0.0
0.05143240120583159
0.0
0.0
0.0
0.004189934224452514
0.0
0.0
0.0
0.0
0.0
0.0
0.0
0.0
0.0
0.0
0.0
0.008379868448905028
0.0
0.0
0.0
0.0
0.0
0.0
0.0
0.15429720361749477
0.0
0.0
0.0
0.0
0.0
0.0
0.0
0.0
0.0
0.027987489038647433
0.0
0.0
0.0
0.0
0.0
0.0
0.0
0.0
0.0
0.0
0.0
0.0
0.00721802580136448
0.0
0.0
0.0
0.0
0.0
0.0
0.0
0.0
0.0
0.0
0.0
0.0
0.0
0.0
0.0
0.0
0.0
0.0
0.0
0.0
0.0
0.0
0.0
0.0
0.0
0.0
0.0
0.0
0.0
0.00721802580136448
0.009255824289702353
0.0
0.0
0.0
0.0
0.0
0.0
0.0
0.0
0.0
0.00541351935102336
0.0
0.0
0.0
0.0
0.0
0.0
0.0
0.0
0.0
0.008162796728222574
0.0
0.0
0.0
0.0
0.0
0.0
0.0
0.0
0.0
0.0
0.0
0.1467117318278248
0.026709869361936305
0.0
0.0
0.0
0.0
0.0
0.0
0.0
0.0
0.0
0.0
0.030859440723498957
0.0
0.0
0.0
0.0
0.0
0.0
0.0
0.0
0.0
0.0
0.002860075056100118
0.05597497807729487
0.0
0.0
0.0
0.0
0.018800984402057394
0.0
0.0
0.009255824289702353
0.0
0.0
0.0
0.0
0.004189934224452514
0.04189934224452514
0.0
0.0
0.058382829430146464
0.0
0.005720150112200236
0.0
0.0
0.0
0.0
0.0
0.0
0.0
0.0
0.004664581506441239
0.0
0.0
0.0
0.0
0.009180359512906999
0.0
0.0
0.0
0.0
0.0
0.0
0.0
0.0
0.0
0.0
0.0
0.0
0.0
0.0
0.0
0.0
0.0
0.0
0.0
0.0
0.0
0.0
0.0
0.0
0.0
0.0
0.0
0.0
0.0
0.0
0.0090225322517056
0.0
0.0
0.0
0.0
0.0
0.027541078538721
0.0
0.0
0.0
0.0
0.0
0.0
0.0
0.0
0.0
0.0
0.0
0.0
0.007050009280552633
0.0
0.0
0.0
0.0
0.0
0.0
0.0
0.0
0.0
0.0
0.00360901290068224
0.0
0.0
0.0
0.0
0.0
0.006469087956782359
0.0
0.0
0.0
0.0
0.0
0.008047073120686145
0.0
0.0
0.0
0.0
0.0
0.0
0.0
0.0
0.018511648579404707
0.006469087956782359
0.0
0.0
0.0
0.0
0.0
0.0
0.007050009280552633
0.0
0.0
0.0
0.0
0.0
0.0
0.0
0.00541351935102336
0.0
0.0
0.0
0.0
0.0
0.0
0.0
0.0
0.0
0.0
0.005720150112200236
0.0
0.0
0.0
0.0
0.0
0.0
0.0
0.0
0.0
0.0
0.0
0.0
0.0
0.0
0.0
0.0
0.00180450645034112
0.0
0.0
0.0
0.0
0.0
0.0
0.0
0.0
0.0
0.0
0.0
0.0
0.0
0.04073749959698458
0.0
0.0
0.0
0.0
0.0
0.0
0.0
0.0
0.0
0.0
0.0
0.0
0.0
0.0
0.0
0.0
0.0
0.0
0.0
0.0
0.0
0.0
0.0
0.0
0.0
0.0
0.0
0.0
0.0
0.0
0.0
0.0
0.0
0.0
0.0
0.0
0.0
0.0
0.0
0.0
0.0
0.0
0.0
0.009329163012882478
0.0
0.0
0.0
0.0
0.0
0.0
0.0
0.0
0.006242566670345024
0.1886293694929176
0.0
0.0
0.0
0.0
0.0
0.009329163012882478
0.0
0.0
0.0
0.0
0.0
0.0
0.0
0.004664581506441239
0.0
0.0
0.0
0.0
0.0
0.0
0.0
0.005065890065249839
0.0
0.0
0.0
0.0
0.0
0.0
0.0
0.17401077801732195
0.0
0.0059944406747936335
0.0
0.0
0.0
0.0
0.0
0.0
0.0
0.0
0.0
0.0
0.0
0.0
0.0
0.0
0.0
0.0
0.0
0.0
0.0
0.0
0.0
0.0
0.0
0.0
0.0
0.0
0.0
0.0
0.0
0.03129750268439262
0.0384138143019035
0.0
0.0
0.0
0.0
0.0
0.0
0.0
0.0
0.0
0.029730253009958255
0.0
0.0
0.0
0.0
0.0
0.0
0.0
0.0
0.0
0.0
0.0
0.0
0.0
0.0076654125985904644
0.0
0.008481973790825197
0.0
0.0
0.0
0.0
0.0
0.0
0.0
0.0
0.0
0.0
0.0
0.0
0.0
0.0
0.0
0.0
0.00721802580136448
0.0
0.0
0.0
0.0
0.0
0.0
0.0
0.0
0.0
0.0
0.0
0.0
0.0
0.0
0.0
0.0
0.0
0.006870396515590958
0.0
0.0
0.0
0.0
0.0
0.0
0.004664581506441239
0.0
0.0
0.0
0.007925965121349958
0.010131780130499679
0.0
0.0
0.0
0.0
0.0
0.0
0.018727700011035072
0.0
0.0
0.0
0.0
0.0
0.0
0.0
0.0
0.0
0.0
0.0
0.0
0.04009316564738069
0.0
0.0
0.0
0.0
0.0
0.0
0.0
0.0
0.0
0.0
0.0
0.0
0.0076654125985904644
0.0
0.0
0.0
0.0
0.0
0.0
0.0
0.0
0.007524656562541357
0.0
0.0
0.0
0.0
0.015330825197180929
0.0
0.0
0.0
0.009400492201028697
0.0
0.0
0.0
0.0
0.0
0.0
0.004664581506441239
0.0
0.0
0.0
0.0
0.0
0.0
0.002860075056100118
0.0
0.0
0.0
0.010078100857464599
0.0
0.0
0.008162796728222574
0.0
0.0
0.0
0.0
0.0
0.0
0.0
0.0
0.0
0.0
0.0
0.0
0.0
0.0
0.0
0.0
0.0
0.007798947125134754
0.020263560260999357
0.0
0.0
0.0
0.008481973790825197
0.0
0.0
0.0
0.041538926474565904
0.0
0.0
0.0
0.0
0.0
0.0
0.0
0.0
0.0
0.0
0.0
0.0
0.0
0.0
0.0
0.0
0.0
0.0
0.0
0.0
0.0
0.0
0.0
0.008854515730893752
0.0
0.0
0.0
0.0
0.0
0.0
0.0
0.0
0.0
0.0
0.0
0.0
0.0
0.0
0.0
0.0
0.0
0.0
0.009255824289702353
0.0
0.0
0.019934606357127387
0.0
0.0
0.0
0.0
0.0
0.0
0.0
0.0
0.008766258041342278
0.0
0.0
0.0
0.00541351935102336
0.028612627189752587
0.0
0.0
0.0
0.0
0.0
0.0
0.0
0.0
0.0
0.0
0.0
0.008273594407123478
0.008854515730893752
0.0
0.0
0.0
0.0
0.0
0.0
0.0
0.0
0.0
0.0
0.0
0.0
0.0
0.0
0.0
0.0
0.0
0.0
0.03940631828410906
0.0
0.0
0.0
0.0
0.0
0.006242566670345024
0.0
0.006677467340484076
0.0
0.0
0.0
0.0
0.0
0.0
0.0
0.0
0.0
0.08307785294913181
0.017879758396698586
0.0
0.0
0.00721802580136448
0.008162796728222574
0.0
0.0
0.0
0.0
0.0
0.0
0.0
0.0
0.0
0.0
0.0
0.0
0.0
0.0
0.0
0.0
0.0
0.0
0.008939879198349293
0.03070778435599799
0.0
0.0
0.0
0.0
0.0
0.0
0.0
0.0
0.0
0.0
0.0
0.0
0.0
0.0
0.0
0.0
0.0
0.0
0.0
0.0
0.0
0.004664581506441239
0.01907508479316839
0.006242566670345024
0.0
0.0
0.0
0.0
0.0
0.0
0.0
0.0
0.0
0.00360901290068224
0.0
0.0
0.0
0.0
0.0
0.0
0.0
0.0
0.04009316564738069
0.0
0.0
0.0
0.0
0.0
0.0
0.0
0.0
0.0
0.0
0.0
0.0
0.0
0.0
0.006242566670345024
0.0
0.004664581506441239
0.0
0.0
0.0
0.0
0.0
0.0
0.0
0.0
0.0
0.009400492201028697
0.0
0.0
0.0
0.0
0.0
0.0
0.0
0.0
0.0
0.0
0.0
0.0
0.0
0.0
0.0
0.0
0.0
0.0
0.0
0.0
0.0
0.0
0.0
0.016547188814246955
0.0
0.0
0.006677467340484076
0.0
0.0
0.0
0.0
0.0
0.0
0.0
0.0
0.0
0.0
0.0
0.0
0.0
0.009603453575475875
0.0
0.0
0.0
0.0
0.04094371247466399
0.0
0.0
0.0
0.0
0.0
0.0
0.0059944406747936335
0.0
0.0
0.0
0.0
0.0
0.0
0.0
0.006242566670345024
0.0
0.0
0.0
0.0
0.0
0.0
0.0
0.0
0.0
0.0
0.002860075056100118
0.0
0.0
0.0
0.0
0.0
0.0
0.0
0.0
0.0
0.00360901290068224
0.0
0.0
0.0
0.0
0.0
0.0
0.0
0.0
0.0
0.0
0.0
0.0
0.0
0.0
0.019460943143382155
0.0
0.0
0.0
0.0
0.0
0.0
0.0
0.0
0.0
0.0
0.0
0.0
0.062308389711848856
0.0
0.0
0.0
0.0
0.0
0.029730253009958255
0.0
0.002860075056100118
0.0
0.0
0.0
0.0
0.00360901290068224
0.0
0.0
0.0
0.0
0.0
0.007925965121349958
0.0
0.01443605160272896
0.0
0.0
0.0
0.028612627189752587
0.0
0.0
0.0
0.0
0.0
0.0
0.0
0.0
0.0
0.0
0.0
0.0
0.0
0.0
0.019335474300742662
0.0
0.0
0.0
0.0
0.0
0.027541078538721
0.0
0.0
0.0
0.0
0.0
0.0
0.0
0.0
0.0
0.07200536168816422
0.009537542396584196
0.0
0.0
0.0
0.0
0.005720150112200236
0.0
0.0
0.0
0.0
0.0
0.0
0.0
0.0
0.0
0.0
0.009180359512906999
0.0
0.0
0.0
0.0
0.0
0.039869212714254774
0.0
0.0
0.0
0.0
0.0
0.0
0.0
0.0
0.0
0.0
0.0
0.0
0.0
0.0
0.0
0.0
0.0
0.0
0.0
0.0
0.0
0.00721802580136448
0.010078100857464599
0.0
0.09257832217049686
0.0
0.0
0.0
0.0
0.0
0.0
0.0
0.0
0.0
0.0
0.0
0.0
0.0
0.0
0.0
0.0
0.0
0.0
0.0
0.0
0.0
0.0
0.0
0.0
0.0
0.0
0.006242566670345024
0.0
0.0
0.0
0.0
0.0
0.0
0.007925965121349958
0.0
0.0419176376650928
0.0
0.0
0.0
0.0
0.0
0.019335474300742662
0.0
0.04094371247466399
0.0
0.0
0.0
0.0
0.008481973790825197
0.0
0.0
0.0
0.0
0.0
0.0
0.0
0.007798947125134754
0.03892188628676431
0.05640295320617219
0.0
0.0
0.0
0.0
0.0
0.0
0.0
0.0
0.0
0.0
0.0
0.0
0.0
0.0
0.0
0.0
0.0
0.0
0.0
0.0
0.0
0.0
0.005720150112200236
0.0
0.0
0.0
0.0
0.004189934224452514
0.0
0.0
0.0
0.0
0.0
0.01893983809786317
0.04290112584150178
0.0
0.0
0.0
0.0
0.0
0.0
0.0
0.0
0.0
0.006677467340484076
0.0
0.0
0.0
0.0
0.0
0.0
0.0
0.0
0.0
0.0
0.0
0.0
0.0733558659139124
0.0
0.00360901290068224
0.031008208221900403
0.0
0.0
0.027987489038647433
0.0
0.0
0.0
0.0
0.0
0.0
0.0
0.0
0.0
0.0
0.0
0.0
0.0
0.0
0.0
0.0
0.0
0.0
0.0
0.0
0.0
0.0
0.0
0.0
0.0
0.05168034703650067
0.0
0.0
0.0
0.0
0.0
0.009102641726445143
0.0
0.0
0.0
0.0
0.006469087956782359
0.0
0.0
0.0
0.03070778435599799
0.007798947125134754
0.0
0.0
0.0
0.0
0.3772587389858352
0.0
0.0
0.0
0.0
0.07269312133049033
0.0
0.0
0.0
0.0
0.0
0.0
0.0
0.0
0.0
0.0
0.0
0.0
0.0
0.0
0.0
0.0
0.0
0.0
0.0
0.0
0.0
0.006242566670345024
0.020263560260999357
0.0
0.0
0.0
0.0
0.00721802580136448
0.0
0.0
0.0
0.0
0.0
0.0
0.0
0.0
0.0
0.0
0.0
0.0
0.0
0.0
0.002860075056100118
0.0
0.0
0.0
0.0
0.0
0.0059944406747936335
0.0
0.0360901290068224
0.0
0.002860075056100118
0.0
0.0
0.0
0.0
0.0
0.0
0.0
0.0
0.0
0.0
0.0
0.0
0.0
0.0
0.0
0.0
0.0
0.0
0.0
0.0
0.0
0.0
0.0
0.0
0.0
0.0
0.0
0.0
0.0
0.0
0.0
0.0
0.0
0.0
0.0
0.0
0.0
0.0
0.0
0.0
0.0
0.0
0.0
0.0
0.0
0.0
0.0
0.0
0.008047073120686145
0.0
0.0
0.0
0.0
0.0
0.0
0.0
0.0
0.0
0.0
0.0
0.0
0.0
0.0
0.0
0.0
0.0
0.0
0.0
0.0
0.0
0.0
0.0
0.0
0.0
0.0
0.0
0.0
0.0
0.0
0.0
0.0
0.0
0.0
0.0
0.0
0.0
0.0
0.0
0.0
0.0
0.0
0.00721802580136448
0.0
0.0
0.0
0.06287645649763919
0.0
0.009180359512906999
0.0
0.0
0.0
0.0
0.0
0.0
0.0
0.0
0.0
0.0
0.0
0.0
0.0
0.0
0.0
0.0
0.0
0.0
0.0
0.0
0.008766258041342278
0.0
0.0
0.0
0.0
0.0
0.0
0.0
0.0
0.0
0.0
0.0
0.0
0.0
0.0
0.0
0.0
0.0
0.0
0.0
0.0
0.0
0.0
0.0
0.0
0.0
0.0
0.0
0.0
0.0
0.0
0.0
0.0
0.0
0.0
0.0
0.0
0.0
0.0
0.0
0.0
0.0
0.0
0.0
0.0
0.0
0.0
0.0
0.0
0.030234302572393797
0.0
0.0
0.0
0.0
0.006242566670345024
0.00360901290068224
0.0
0.0
0.0
0.0
0.0
0.0
0.005065890065249839
0.0
0.0
0.0
0.0
0.0
0.0
0.0
0.0
0.0
0.0
0.0
0.0
0.0
0.0
0.010131780130499679
0.0
0.0
0.008047073120686145
0.0
0.0
0.0
0.0
0.0
0.0
0.0
0.00360901290068224
0.0
0.0
0.009667737150371331
0.0
0.009329163012882478
0.0
0.0
0.0
0.0
0.0
0.0
0.0
0.0
0.0
0.0
0.0
0.0
0.0
0.0
0.0
0.0
0.0
0.0
0.0
0.0
0.0
0.0
0.0
0.0
0.0
0.0
0.0
0.0
0.0
0.0
0.0
0.013740793031181916
0.018658326025764956
0.0
0.0
0.0
0.0
0.0
0.0
0.0
0.0
0.0
0.0
0.0
0.0
0.0
0.0
0.0
0.0
0.0
0.0
0.0
0.0
0.0
0.0
0.0
0.0
0.0
0.0
0.0
0.0
0.0
0.0
0.0
0.006242566670345024
0.0
0.0
0.0
0.0
0.0
0.0
0.0
0.0
0.0
0.0
0.0
0.0
0.0
0.0
0.0
0.0
0.0
0.0
0.1131512826528295
0.0
0.0
0.0
0.0
0.0
0.0
0.0
0.0
0.0
0.0
0.0
0.0
0.0
0.0
0.0
0.0
0.0
0.0
0.0
0.0
0.0
0.0
0.0
0.0
0.0
0.0
0.0
0.0
0.0
0.0
0.0
0.00360901290068224
0.0
0.007524656562541357
0.0
0.0
0.008766258041342278
0.0
0.0
0.0
0.008766258041342278
0.0
0.0
0.0
0.0
0.0
0.0
0.0
0.0
0.007524656562541357
0.0
0.0
0.0
0.006677467340484076
0.0
0.0
0.0
0.0
0.0
0.0
0.0
0.0
0.0
0.0
0.0
0.0
0.0
0.0
0.0
0.0
0.0
0.0
0.0
0.005720150112200236
0.0
0.0
0.0
0.0
0.0
0.0
0.0
0.0
0.0
0.0
0.0
0.0
0.0
0.0
0.0
0.0
0.005720150112200236
0.0
0.0
0.00180450645034112
0.0
0.0
0.0
0.0
0.0
0.0
0.0
0.0
0.0
0.0
0.01907508479316839
0.0
0.0
0.0
0.0
0.0
0.0
0.0
0.0
0.0
0.0
0.0
0.0
0.0
0.0
0.017879758396698586
0.0
0.0
0.0
0.0
0.0
0.0
0.009537542396584196
0.0
0.0
0.0
0.0
0.0
0.0
0.0
0.0
0.0
0.0
0.0
0.0
0.0
0.0
0.0
0.0
0.0
0.0
0.0
0.0
0.0
0.0
0.0
0.0
0.0
0.0
0.0
0.04134427762920054
0.0
0.0
0.0
0.0
0.0
0.0
0.0
0.0
0.0
0.0
0.0
0.0
0.0
0.0
0.0
0.006242566670345024
0.0
0.0
0.0
0.0
0.0
0.0
0.0179833220243809
0.0
0.0
0.0
0.0
0.0
0.0
0.0
0.0
0.028409757146794754
0.0
0.0
0.0
0.0
0.0
0.0
0.0
0.0
0.0
0.0
0.0
0.0
0.0
0.0
0.007798947125134754
0.0
0.0
0.0
0.0
0.0
0.0
0.0
0.0
0.0
0.0
0.0
0.0
0.0
0.0
0.0
0.0
0.0
0.0
0.0
0.0
0.007375853062565879
0.0
0.0
0.0
0.0
0.0
0.04865235785845539
0.0
0.0
0.0
0.0
0.007375853062565879
0.0
0.0
0.007798947125134754
0.018205283452890287
0.0
0.0
0.0
0.0
0.0
0.0
0.0076654125985904644
0.0
0.0
0.0
0.0
0.0
0.0
0.009667737150371331
0.0
0.004189934224452514
0.0
0.0
0.0
0.0
0.0
0.0
0.0
0.0
0.0
0.0
0.0
0.0
0.0
0.0
0.0
0.0
0.0
0.0
0.0
0.0
0.0
0.0
0.0
0.0
0.0
0.0
0.006677467340484076
0.0
0.0
0.0
0.0
0.0
0.0
0.0
0.0
0.0
0.007798947125134754
0.0
0.0
0.0
0.0
0.0
0.0
0.0
0.0
0.0
0.009180359512906999
0.0
0.0
0.03575951679339717
0.0
0.0
0.006469087956782359
0.0
0.0
0.0
0.0
0.0
0.0
0.0
0.0076654125985904644
0.0
0.00360901290068224
0.0
0.0
0.0
0.0
0.0
0.0
0.01907508479316839
0.0
0.0059944406747936335
0.0
0.0
0.0
0.0
0.0
0.0
0.0
0.0
0.0
0.0
0.0
0.0
0.0
0.0
0.0
0.0
0.0059944406747936335
0.0
0.0
0.0
0.0
0.0
0.0
0.0
0.0
0.0
0.0
0.0
0.0
0.0
0.0
0.0
0.0
0.0
0.0
0.0
0.0
0.0
0.010384731618641476
0.0
0.018511648579404707
0.0
0.0
0.0
0.0
0.0
0.0
0.0
0.0
0.0
0.0
0.015851930242699916
0.0
0.0
0.0
0.0
0.0
0.0
0.0
0.0
0.0
0.0
0.0
0.0
0.0
0.0
0.0
0.0
0.0
0.0
0.018205283452890287
0.0
0.0
0.0
0.0
0.018511648579404707
0.006469087956782359
0.0
0.0
0.0
0.0
0.0
0.0
0.0
0.0
0.0
0.0
0.0
0.0
0.0
0.0
0.005720150112200236
0.0
0.0
0.0
0.0
0.0
0.0
0.0
0.0
0.0
0.0
0.0
0.0
0.0
0.0
0.0
0.0
0.0
0.0
0.0
0.0
0.0
0.0
0.0
0.0
0.0
0.0
0.0
0.0
0.0
0.006870396515590958
0.0
0.0
0.0
0.0
0.0
0.0
0.0
0.0
0.0
0.0
0.0
0.00721802580136448
0.0
0.0
0.0
0.0
0.0
0.0
0.0
0.007798947125134754
0.0
0.00721802580136448
0.0
0.0
0.0
0.0
0.0
0.0
0.0
0.0
0.0
0.0
0.0
0.0
0.0
0.0
0.0
0.0
0.0
0.0
0.0
0.0
0.0
0.0
0.0
0.0
0.0
0.0
0.0
0.0
0.0
0.0
0.0
0.0
0.005065890065249839
0.0
0.0
0.0
0.0
0.0
0.0
0.0
0.017879758396698586
0.0
0.0
0.0
0.0
0.0
0.0
0.0
0.0
0.0
0.0
0.0
0.0
0.040312403429858396
0.006469087956782359
0.0
0.00541351935102336
0.0
0.0
0.0
0.0
0.0
0.0
0.0
0.0
0.006677467340484076
0.007524656562541357
0.0
0.0
0.0
0.0
0.0
0.0
0.0
0.0
0.0
0.0
0.0
0.0
0.0
0.0
0.0
0.0
0.0
0.0
0.0
0.0
0.0
0.0
0.0
0.0
0.007524656562541357
0.0
0.0
0.0
0.0
0.0
0.0
0.0
0.0
0.0
0.0
0.0
0.0
0.0
0.0
0.0
0.0
0.0
0.0
0.0
0.008580225168300357
0.0
0.017879758396698586
0.0
0.0
0.0
0.0
0.0
0.0
0.0
0.0
0.0
0.1886293694929176
0.0
0.0
0.0
0.0
0.0
0.0
0.0
0.0
0.0
0.0
0.0
0.010078100857464599
0.0
0.0
0.0
0.0
0.0
0.028201476603086095
0.0
0.0
0.0
0.0
0.015330825197180929
0.0
0.008766258041342278
0.009603453575475875
0.0
0.006870396515590958
0.0
0.006870396515590958
0.0
0.0
0.0
0.0
0.0
0.0
0.0
0.0
0.006242566670345024
0.0
0.0
0.009469919048931585
0.0
0.0
0.0
0.020046582823690345
0.008162796728222574
0.0
0.0
0.0
0.0
0.0
0.0
0.0
0.0
0.0
0.0
0.0
0.0
0.0
0.0
0.0
0.020046582823690345
0.0
0.0
0.0
0.0
0.0
0.0
0.0
0.0
0.0
0.0
0.0
0.0
0.0
0.0
0.0
0.0
0.0
0.006242566670345024
0.0
0.0
0.0
0.0
0.0
0.0
0.0
0.0
0.0
0.008674902965932079
0.0
0.009730471571691077
0.0
0.0
0.0
0.008580225168300357
0.0
0.0
0.0
0.0198201686733055
0.0
0.0
0.0
0.0
0.0
0.0
0.0
0.0
0.0
0.009400492201028697
0.0
0.0
0.0
0.0
0.0
0.0
0.0
0.0
0.0
0.0
0.0
0.0
0.0
0.008854515730893752
0.0
0.0
0.0
0.007524656562541357
0.0
0.0
0.0
0.0
0.0
0.0
0.0
0.0
0.0
0.0
0.0
0.0
0.0
0.0
0.0
0.0
0.0
0.0
0.0
0.007925965121349958
0.0090225322517056
0.0
0.0
0.0
0.0
0.0
0.0
0.0
0.0
0.0
0.00541351935102336
0.0
0.0
0.0
0.0
0.0
0.0
0.0
0.0
0.0
0.0
0.0
0.0
0.0
0.0
0.0
0.0
0.0
0.0
0.0
0.0
0.0
0.0
0.09389250805317785
0.0
0.0
0.0
0.0
0.0
0.0
0.0
0.0
0.0
0.0
0.0
0.0
0.0
0.0
0.01624055805307008
0.0
0.0
0.0
0.0
0.005065890065249839
0.0
0.008273594407123478
0.0
0.0
0.0
0.017532516082684555
0.0
0.0
0.0
0.0
0.0
0.0
0.0
0.0
0.00721802580136448
0.0
0.0
0.0
0.0
0.0
0.00721802580136448
0.0
0.0
0.0
0.0
0.0
0.0
0.0
0.0
0.0
0.00360901290068224
0.0
0.0
0.0
0.0
0.0
0.0
0.0
0.0
0.008481973790825197
0.0
0.0
0.0
0.0
0.0
0.0
0.0
0.06046860514478759
0.0
0.009537542396584196
0.0
0.0
0.0
0.0
0.0
0.0
0.0
0.0
0.0
0.0
0.005065890065249839
0.0
0.0
0.0
0.0
0.0
0.0
0.0
0.0
0.006870396515590958
0.0
0.0
0.0
0.0
0.0
0.0
0.0
0.0
0.0
0.0
0.0
0.0
0.0
0.0
0.0
0.0
0.0
0.0
0.0
0.0
0.0
0.0
0.0
0.027067596755116805
0.0
0.0
0.0
0.0
0.0
0.0
0.0
0.0
0.0
0.0
0.0
0.0
0.0
0.0
0.0
0.03129750268439262
0.0
0.0
0.0
0.0059944406747936335
0.0
0.0
0.0
0.0
0.0
0.0
0.0
0.0
0.0
0.0
0.0
0.0
0.0
0.0
0.0
0.009967303178563694
0.0
0.0
0.0
0.0
0.0
0.0
0.00541351935102336
0.0
0.005720150112200236
0.0
0.0
0.0
0.0
0.0
0.0
0.0
0.0
0.0
0.0
0.0
0.00721802580136448
0.0
0.0
0.0
0.0
0.0
0.0
0.0
0.0
0.0
0.0
0.0
0.0
0.0
0.0
0.0
0.0
0.0
0.0
0.0
0.0
0.0
0.0
0.0
0.0
0.0
0.0
0.0
0.0
0.0
0.0
0.0
0.0
0.0
0.0
0.0
0.0
0.0
0.0
0.0
0.0
0.0
0.0
0.0
0.0
0.0
0.0
0.0
0.0
0.0
0.0
0.0
0.0
0.0
0.004189934224452514
0.0
0.0
0.0
0.0
0.0
0.005065890065249839
0.0
0.002860075056100118
0.0
0.0
0.0
0.0
0.0
0.0
0.0
0.0
0.0
0.008162796728222574
0.0
0.0
0.0
0.0
0.0
0.0180450645034112
0.0090225322517056
0.007798947125134754
0.0
0.0
0.0
0.0
0.135622511632368
0.0
0.005720150112200236
0.0
0.0
0.0
0.0
0.0
0.0
0.0
0.0
0.0
0.0
0.0
0.0
0.0
0.0
0.0
0.0
0.004664581506441239
0.0
0.0
0.0
0.0
0.0
0.0
0.0
0.0
0.0
0.0
0.0
0.0
0.0
0.029730253009958255
0.0
0.0
0.0
0.0
0.0
0.0
0.0
0.0
0.0
0.0
0.0
0.0
0.0
0.0
0.0
0.0
0.0
0.0
0.0
0.0
0.0
0.0
0.006870396515590958
0.0
0.0
0.0
0.0
0.0
0.0
0.0
0.009603453575475875
0.006870396515590958
0.0
0.0
0.0
0.0
0.0
0.0
0.0
0.0
0.0
0.0
0.0
0.0
0.0
0.0
0.0
0.0
0.0
0.0
0.0
0.0
0.0
0.0
0.0
0.008273594407123478
0.0
0.0
0.0
0.0
0.0
0.004189934224452514
0.0
0.0
0.0
0.0
0.0
0.0
0.0
0.0
0.0
0.0
0.0
0.0
0.0
0.0
0.0
0.0
0.008273594407123478
0.0
0.0
0.0
0.0
0.004664581506441239
0.0
0.007050009280552633
0.0
0.0
0.0
0.0
0.0
0.0
0.0
0.0
0.0
0.0
0.0
0.0
0.0
0.03039534039149903
0.008162796728222574
0.006469087956782359
0.0
0.0
0.0
0.0
0.0
0.0
0.008580225168300357
0.0
0.0
0.0
0.0
0.0
0.005720150112200236
0.0
0.0
0.0
0.0
0.0
0.0
0.0
0.0
0.0
0.0
0.0
0.0
0.0
0.0
0.0
0.0
0.0
0.0
0.0
0.0
0.0
0.0
0.0
0.0
0.0
0.0
0.0
0.0
0.0
0.0
0.0
0.0
0.0
0.0
0.0
0.0
0.015330825197180929
0.00991008433665275
0.0
0.0
0.0
0.0930246246657012
0.0
0.0
0.0
0.0
0.0
0.04094371247466399
0.0
0.0
0.0
0.0
0.0
0.0
0.005065890065249839
0.0
0.0
0.0
0.0
0.0
0.0
0.0
0.0
0.0
0.0
0.0
0.0
0.0
0.0
0.0
0.0
0.0
0.029730253009958255
0.0
0.0
0.0
0.0059944406747936335
0.002860075056100118
0.0
0.0
0.0
0.0
0.0
0.0
0.0
0.0
0.0
0.0
0.0
0.0
0.0
0.0
0.0
0.0
0.0
0.0
0.0
0.0
0.0
0.0
0.0
0.0
0.0
0.0
0.0
0.0
0.0
0.0
0.0
0.0
0.0
0.0
0.0
0.0
0.0
0.0
0.0
0.0
0.0
0.0
0.009603453575475875
0.027067596755116805
0.0
0.0
0.0
0.0
0.0
0.0
0.0
0.0
0.041145920964665274
0.010078100857464599
0.0
0.0
0.0
0.13623232241155162
0.0
0.0
0.09389250805317785
0.0
0.041538926474565904
0.0
0.0
0.00991008433665275
0.050658900652498395
0.0
0.0
0.010184374899246146
0.02067213881460027
0.0
0.060139748471071036
0.0
0.0
0.01443605160272896
0.0
0.0
0.0
0.1467117318278248
0.0
0.010336069407300134
0.0
0.0
0.03760196880411479
0.0
0.0
0.0
0.0
0.0
0.0
0.009400492201028697
0.0
0.00360901290068224
0.0
0.0
0.0
0.010078100857464599
0.0
0.0
0.0
0.0
0.0
0.0
0.0
0.0
0.0
0.0
0.0
0.0
0.020865001789595078
0.0
0.0
0.0
0.0
0.0
0.0
0.0
0.0
0.0
0.0
0.04094371247466399
0.0
0.0
0.0
0.006677467340484076
0.0
0.0
0.0
0.0
0.0
0.0
0.0
0.0
0.0
0.0
0.036721438051627996
0.008047073120686145
0.0
0.01632559345644515
0.0
0.0
0.0
0.00180450645034112
0.0
0.0
0.0
0.0
0.0
0.016547188814246955
0.0
0.0
0.0
0.0
0.0
0.0
0.0
0.0
0.0
0.0
0.0
0.0
0.0
0.0
0.0
0.0
0.0
0.0
0.0
0.0
0.04983651589281847
0.0
0.0
0.0
0.0
0.0
0.0
0.0
0.0
0.0
0.0
0.0
0.0
0.0
0.0
0.0
0.0
0.0
0.0
0.0
0.0
0.0
0.0
0.0
0.0
0.0
0.0
0.006677467340484076
0.0
0.0
0.0
0.0
0.0
0.0
0.0
0.0
0.0
0.0
0.0
0.0
0.0
0.0
0.0
0.0
0.0
0.0
0.0
0.0
0.0
0.0
0.0
0.0
0.017532516082684555
0.0
0.0
0.0
0.0
0.0
0.0
0.00541351935102336
0.0
0.0
0.0
0.0
0.0
0.020046582823690345
0.0
0.006242566670345024
0.0
0.0
0.0
0.0
0.0
0.0
0.0
0.0
0.0
0.0
0.0
0.0
0.0
0.008854515730893752
0.00360901290068224
0.0
0.0
0.0
0.0
0.0
0.0
0.0
0.0
0.0
0.0
0.0
0.008854515730893752
0.0
0.041730003579190156
0.0
0.0
0.0
0.0
0.0
0.0
0.0
0.0
0.0
0.0
0.0
0.0
0.0
0.0
0.0
0.0
0.0
0.0
0.0
0.0
0.0
0.050658900652498395
0.0
0.0
0.0
0.015330825197180929
0.0
0.0
0.0
0.0
0.0
0.0
0.0
0.0
0.0
0.0
0.0
0.0
0.0
0.0
0.0
0.0
0.006469087956782359
0.0
0.0
0.0
0.0
0.0
0.0
0.0
0.0
0.0
0.0
0.0
0.0
0.0
0.0
0.0
0.0
0.09212335306799398
0.0
0.0
0.0
0.0
0.0
0.0
0.0
0.0
0.0
0.0
0.0
0.0
0.0
0.0
0.0
0.0
0.0
0.0
0.0
0.008379868448905028
0.0
0.0
0.0
0.0
0.0
0.0
0.0
0.0
0.0
0.0
0.0
0.0
0.0
0.0
0.0
0.0
0.0
0.0
0.00360901290068224
0.0
0.0
0.0
0.008481973790825197
0.0
0.0
0.0
0.0
0.0
0.0
0.0
0.0
0.0
0.0
0.0
0.0
0.0
0.0
0.0
0.0
0.0
0.0
0.0
0.0
0.0
0.0
0.0
0.0
0.002860075056100118
0.0
0.0
0.0
0.0
0.0
0.0
0.0
0.0
0.0
0.0
0.0
0.0
0.0
0.0
0.0
0.029191414715073232
0.0
0.0
0.0
0.0
0.0
0.0
0.006870396515590958
0.0
0.0
0.0
0.009730471571691077
0.0
0.007375853062565879
0.008047073120686145
0.0
0.0
0.0
0.0
0.0
0.0
0.0
0.0
0.0
0.0
0.0
0.0
0.0
0.0
0.0
0.006242566670345024
0.0
0.0
0.0
0.0
0.0
0.0
0.0
0.0
0.0
0.0
0.0
0.0
0.0
0.004664581506441239
0.0
0.00541351935102336
0.0
0.022127559187697637
0.0
0.0
0.0
0.0
0.0
0.0
0.0
0.0
0.0
0.0
0.0
0.0
0.0
0.0
0.0
0.0
0.10703518728860185
0.0
0.008854515730893752
0.03962982560674978
0.0
0.0
0.0
0.041145920964665274
0.0
0.0
0.0
0.0
0.0
0.00721802580136448
0.0
0.0
0.0
0.0
0.0
0.0
0.0
0.0
0.009603453575475875
0.0
0.031154194855924428
0.0
0.0
0.0
0.0
0.0
0.0
0.0
0.0
0.0
0.0
0.0
0.0
0.0
0.0
0.0
0.0
0.0
0.0
0.01920690715095175
0.0
0.0
0.0
0.0
0.0
0.0
0.0
0.006677467340484076
0.0
0.0
0.0
0.00541351935102336
0.0
0.0
0.0
0.0
0.0
0.030069874235535518
0.0
0.0
0.0
0.0
0.0
0.0
0.0
0.0
0.008481973790825197
0.008273594407123478
0.0
0.0
0.0
0.0
0.0
0.008580225168300357
0.0
0.0
0.0
0.0
0.0
0.0059944406747936335
0.0
0.0
0.0198201686733055
0.0
0.0
0.0
0.0
0.0
0.05168034703650067
0.0
0.0
0.02036874979849229
0.0
0.009603453575475875
0.0
0.0
0.0
0.0
0.009255824289702353
0.0
0.009329163012882478
0.0
0.0838352753301856
0.0
0.0
0.017709031461787504
0.0
0.0
0.0
0.0
0.0
0.0
0.0
0.0
0.0
0.0
0.0
0.0
0.0
0.0
0.0
0.13623232241155162
0.0
0.0
0.0
0.0
0.0
0.01907508479316839
0.004664581506441239
0.0
0.0
0.0
0.0
0.0
0.0
0.0
0.0
0.0
0.0
0.0943146847464588
0.004664581506441239
0.0
0.0
0.007524656562541357
0.0
0.0
0.0
0.0
0.0
0.0
0.019335474300742662
0.0
0.0
0.0
0.0
0.0
0.0
0.009851579571027265
0.020156201714929198
0.0
0.019460943143382155
0.0
0.009730471571691077
0.07165149683066198
0.0
0.0
0.0
0.0
0.016759736897810056
0.0
0.008273594407123478
0.0
0.0
0.009730471571691077
0.006677467340484076
0.0
0.0
0.0
0.0
0.0
0.0
0.0
0.0
0.0
0.0
0.0
0.0
0.0
0.0
0.0
0.0
0.0
0.0
0.0
0.10235928118665996
0.0
0.0
0.0
0.0
0.0
0.0
0.0
0.0
0.008674902965932079
0.008674902965932079
0.12519001073757047
0.0
0.0
0.0
0.08188742494932798
0.0
0.0
0.00360901290068224
0.007050009280552633
0.0
0.0
0.0
0.0
0.0
0.0
