0.039783691153815595
0.017040044811416515
0.017040044811416515
0
0.005375535636856807
0
0
0
0
0
0
0
0
0
0
0
0
0
0
0
0
0.008520022405708257
0
0
0
0
0
0.06816017924566606
0.019271093679421872
0
0
0
0
0
0
0
0
0
0.005375535636856807
0
0
0
0
0
0.013895558042565065
0
0
0
0
0.03225321382114084
0
0.010751071273713613
0
0.0
0
0
0
0
0
0.019891845576907798
0
0
0
0
0
0
0
0.005375535636856807
0
0.0
0.0
0
0
0.04394460433493835
0.0
0
0
0
0
0
0
0
0.10106952485505842
0
0
0.02431656850031416
0.021502142547427227
0
0
0
0
0
0
0
0
0
0
0
0
0
0
0
0.018596297949254017
0
0
0
0
0
0
0
0
0
0
0.015091036428826015
0
0
0
0
0
0
0.015091036428826015
0
0
0
0
0
0
0
0
0
0
0.019271093679421872
0
0
0
0
0
0
0
0
0
0
0
0
0
0
0.005375535636856807
0
0
0
0
0
0
0
0
0.1248160722028605
0
0
0
0
0.03018207285765203
0
0
0
0
0
0
0
0
0
0
0
0
0.01248160722028605
0
0
0
0
0
0
0.0
0
0
0
0
0
0
0.0
0
0
0
0
0
0.0
0.04093314413136564
0
0
0
0
0
0
0
0
0
0
0
0
0
0
0
0
0
0.025267381213764605
0
0.11417442865650258
0
0.005375535636856807
0
0
0
0
0
0
0
0
0.005375535636856807
0.0
0
0.010751071273713613
0
0
0
0.04837982073171126
0
0
0
0
0
0
0
0
0.05168421540507926
0.02779111608513013
0.038542187358843745
0
0
0
0
0
0
0
0
0
0
0
0
0
0
0
0
0
0
0
0
0.024646629316278677
0.03744482166085815
0
0
0
0
0
0
0.005375535636856807
0
0
0
0
0
0
0
0
0
0
0
0
0
0
0
0.039783691153815595
0
0
0
0
0
0
0
0
0
0
0
0
0
0
0
0.05578889384776205
0
0
0
0
0
0
0
0
0
0
0
0
0.019271093679421872
0
0.005375535636856807
0.005375535636856807
0
0
0
0
0
0
0
0
0
0
0
0.005375535636856807
0
0
0
0
0
0
0
0.018596297949254017
0
0
0
0
0
0
0
0
0.07191550075833247
0
0
0
0.03079064052858552
0.02100162962599431
0
0
0
0
0
0
0
0
0.013895558042565065
0
0
0
0
0
0
0
0
0
0.027347837804325984
0.008520022405708257
0
0
0.04200325925198862
0.04200325925198862
0
0
0
0
0
0.005375535636856807
0
0
0
0
0
0.02046657206568282
0
0
0
0
0
0
0
0.02779111608513013
0
0
0.0249632144405721
0
0
0
0.039783691153815595
0
0
0.02100162962599431
0
0
0
0.09298148974627009
0.015091036428826015
0
0
0
0
0.037192595898508034
0
0
0
0
0
0
0
0.028608214130856475
0
0
0.0
0
0
0
0
0
0
0
0
0
0
0
0
0
0
0
0.015091036428826015
0
0
0
0
0
0.008520022405708257
0
0
0
0
0
0
0
0
0
0
0
0
0
0
0
0
0
0
0.030338750077428905
0
0
0
0.1539532026429276
0.028003602215482055
0
0.0
0.010751071273713613
0
0
0
0
0
0
0
0
0
0.019271093679421872
0
0
0
0
0
0
0
0
0
0
0
0
0
0
0
0.022415580448273322
0
0
0
0
0
0
0
0
0
0
0
0
0.022834885731300516
0
0
0
0
0.06591690650240753
0.03571428571428571
0
0
0
0.12431162067816028
0
0
0
0
0
0
0
0.05326291763693831
0
0
0.0
0
0.026377165262851113
0.4058293634121537
0.9634150602557421
0.01612660691057042
0
0
0.04093314413136564
0
0
0.15538952584770035
0
0
0
0
0
0
0
0
0
0
0
0
0
0
0
0.021972302167469177
0
0
0
0.04093314413136564
0
0.005375535636856807
0.005375535636856807
0.14760826015851283
0
0
0
0
0
0
0
0
0.057599423454276266
0
0
0
0
0
0
0
0
0
0
0
0
0
0
0
0
0
0
0
0
0
0
0
0
0
0
0.03018207285765203
0
0.027572643649112067
0
0
0
0
0
0
0
0
0
0
0
0
0
0
0
0
0
0
0
0
0
0
0
0
0
0
0.08204351341297796
0
0
0
0
0
0
0
0
0
0
0
0
0
0
0
0
0
0
0
0
0
0
0
0
0
0
0
0
0
0
0
0
0
0
0
0
0
0
0
0
0
0
0
0
0
0.0
0
0
0
0
0
0
0
0
0
0
0
0
0
0
0
0
0
0
0
0
0
0
0
0
0
0
0
0
0
0
0
0
0
0
0
0
0
0
0.08186628826273128
0.0
0
0
0
0
0
0.026377165262851113
0
0
0
0
0
0.21344627201224203
0
0
0
0
0
0
0
0
0.021502142547427227
0
0
0
0
0
0
0
0
0
0
0
0
0
0
0
0
0
0
0
0
0
0
0
0
0
0
0
0
0.017857142857142856
0.019271093679421872
0
0
0
0
0
0
0
0
0
0
0
0
0
0
0
0
0
0
0
0
0.05721642826171295
0.07393988794883603
0
0
0
0
0
0
0.1856136171238895
0.06067750015485781
0
0
0.026877678184284038
0
0
0
0
0.010751071273713613
0
0
0
0
0.028608214130856475
0
0
0
0.025267381213764605
0
0
0
0
0
0
0
0
0
0
0
0
0
0
0.07393988794883603
0
0
0
0
0
0
0
0
0
0
0
0
0
0
0
0
0.05797318894278216
0.023971833586110824
0.018596297949254017
0
0
0
0
0
0
0.026877678184284038
0
0.026631458818469154
0
0.08463126410447197
0.1654358618946724
0
0
0
0
0
0
0
0
0.015091036428826015
0
0
0
0
0
0
0
0
0
0
0
0
0
0
0
0
0.02431656850031416
0
0
0
0
0
0
0
0
0
0
0
0
0
0
0
0
0
0
0
0
0
0
0
0
0
0
0
0.04093314413136564
0
0
0
0
0
0
0
0.017040044811416515
0
0
0
0
0
0
0
0
0
0
0
0
0
0
0
0
0.022834885731300516
0
0
0
0
0
0
0
0
0
0.010751071273713613
0
0
0
0.010751071273713613
0
0
0.017040044811416515
0
0
0
0
0
0
0
0
0
0
0
0
0
0.047222117669068545
0
0
0
0
0
0
0
0
0
0
0
0.11943556128112268
0
0
0
0
0
0
0.018596297949254017
0
0
0
0
0
0
0
0
0
0
0
0
0
0
0
0
0
0.022834885731300516
0
0
0
0
0.027347837804325984
0
0
0
0
0
0
0
0.01248160722028605
0
0.01612660691057042
0
0
0
0
0
0
0
0.1781526248230258
0
0
0
0
0
0.1873058600363786
0
0
0
0.5306999367697395
0
0
0
0
0
0
0.026114249962481358
0.07989437645540746
0
0
0
0
0.05833815912784238
0
0
0
0.01248160722028605
0
0
0
0
0
0
0
0
0
0
0
0
0
0.010751071273713613
0
0
0
0
0
0
0.08966232179309329
0
0
0.10939135121730394
0
0
0
0
0
0
0
0
0
0
0
0
0
0
0
0
0
0
0
0.019271093679421872
0
0
0
0
0
0
0
0
0
0
0
0
0
0
0
0
0.005375535636856807
0
0
0.0
0.005375535636856807
0
0
0
0
0
0
0
0
0
0
0
0.02779111608513013
0
0
0
0
0
0
0
0
0
0
0
0
0
0
0
0
0
0.03018207285765203
0
0
0
0
0
0
0.015091036428826015
0
0
0
0
0
0
0
0
0
0
0
0
0
0
0
0
0.017857142857142856
0
0
0
0
0
0
0
0
0
0
0
0
0
0
0
0.14760826015851283
0.11207790224136661
0.2256833709452586
0
0
0
0
0
0
0
0
0
0
0
0
0
0
0
0
0
0
0
0
0
0
0.005375535636856807
0
0.0885649560951077
0
0.11943556128112268
0
0
0
0
0
0
0
0
0
0
0
0
0
0.10445699984992543
0
0
0
0
0.017857142857142856
0
0
0
0
0
0
0
0
0
0
0
0.2771157647572697
0
0.022415580448273322
0.01248160722028605
0
0
0
0
0.019891845576907798
0.01248160722028605
0
0
0
0
0
0
0.01612660691057042
0
0
0.015091036428826015
0
0
0
0
0
0
0
0
0.0
0
0
0
0
0
0
0
0
0
0
0
0
0
0
0
0
0
0
0
0
0
0
0.005375535636856807
0
0.12135500030971562
0
0
0
0
0.02431656850031416
0
0
0
0.017040044811416515
0.01248160722028605
0.015091036428826015
0
0
0
0
0
0
0.027572643649112067
0
0
0
0
0
0
0.12008865981254194
0
0
0
0
0
0
0
0.005375535636856807
0
0
0
0
0
0
0
0
0
0
0
0
0.019271093679421872
0
0.03571428571428571
0
0
0
0
0
0
0.005375535636856807
0.005375535636856807
0
0
0
0
0
0
0
0.0
0
0
0
0
0
0
0
0
0
0
0
0
0
0
0
0
0
0
0
0
0
0
0
0
0
0
0
0
0
0
0
0
0
0
0
0
0
0.028210421368157323
0
0
0
0
0
0
0
0
0
0
0
0
0
0.008520022405708257
0
0.005375535636856807
0
0
0
0
0
0
0
0
0
0
0
0.026877678184284038
0
0
0
0
0
0
0
0
0
0
0
0
0
0
0
0
0
0
0
0
0
0
0
0
0.01248160722028605
0
0
0.02046657206568282
0
0
0.02584210770253963
0
0
0
0
0
0
0
0
0
0
0
0
0
0
0
0
0
0.017857142857142856
0
0
0
0
0
0
0
0
0
0
0
0
0
0
0.15978875291081493
0
0.029347369222967632
0.022415580448273322
0
0
0
0
0.0
0
0.019271093679421872
0.6837139137298816
0
0.0249632144405721
0
0
0.019891845576907798
0.02584210770253963
0
0
0
0
0
0
0
0
0
0.0
0
0
0
0
0.15978875291081493
0.022415580448273322
0
0.02046657206568282
0.017040044811416515
0
0
0
0
0
0.019891845576907798
0
0.02916907956392119
0
0
0
0
0
0
0
0
0
0
0
0
0
0
0
0
0
0
0
0
0
0
0
0
0
0
0
0.0
0.01248160722028605
0
0
0
0
0
0
0
0
0
0.05781328103826562
0.038542187358843745
0.03225321382114084
0
0
0
0.027572643649112067
0
0
0
0
0
0
0.008520022405708257
0
0
0.018596297949254017
0
0
0
0
0
0.013895558042565065
0
0
0
0
0
0
0
0
0
0
0
0
0.01612660691057042
0
0
0
0
0.030492324573177434
0
0
0
0
0
0
0
0
0.23887112256224535
0
0
0
0
0
0
0
0
0
0.07294970550094247
0
0.023971833586110824
0.005375535636856807
0
0
0
0
0
0
0
0
0
0
0
0
0
0
0.022834885731300516
0
0
0
0
0
0
0.005375535636856807
0.0
0
0
0
0
0.010751071273713613
0
0.03225321382114084
0
0
0
0
0
0
0
0
0
0
0
0
0
0
0.04200325925198862
0
0
0
0
0.0985865172651147
0
0
0
0
0
0
0
0
0
0
0
0
0
0
0
0
0
0
0
0
0
0
0
0
0
0
0
0
0
0
0
0
0
0
0
0
0
0
0
0
0
0
0
0
0
0
0
0
0
0
0
0
0.005375535636856807
0
0.04929325863255735
0.043004285094854454
0
0
0
0
0
0
0
0
0
0
0.018596297949254017
0
0
0
0
0
0.013895558042565065
0
0
0
0
0
0
0
0
0
0
0
0
0
0
0.0
0
0
0
0
0
0
0
0
0
0
0
0
0
0
0.010751071273713613
0
0
0.01612660691057042
0
0
0
0
0
0
0
0
0
0
0
0.018596297949254017
0
0
0.0
0
0
0
0
0
0
0
0
0
0
0
0
0
0
0
0.026631458818469154
0
0
0
0
0
0
0.01612660691057042
0
0
0
0
0
0
0
0.010751071273713613
0
0
0
0
0
0
0.013895558042565065
0
0
0.008520022405708257
0
0
0
0
0
0
0
0
0
0
0
0
0
0
0
0.0499264288811442
0
0
0
0
0
0
0
0
0
0
0
0
0
0
0
0
0.010751071273713613
0
0
0
0
0
0
0
0
0
0
0
0
0
0
0
0
0
0
0
0
0
0
0
0.0
0
0
0
0
0
0
0
0
0
0
0
0
0
0
0
0
0
0
0
0.008520022405708257
0
0
0
0
0
0
0
0
0
0
0.09726627400125663
0
0
0
0
0.3302438144844903
0
0
0
0
0
0
0.02898659447139108
0
0
0
0
0
0
0
0
0.028003602215482055
0
0
0
0.04093314413136564
0
0
0
0
0.12008865981254194
0
0
0
0
0.0
0
0
0
0
0
0
0
0
0.025560067217124775
0
0
0
0
0
0.0249632144405721
0
0
0
0
0.005375535636856807
0
0
0
0
0
0.026377165262851113
0
0
0.005375535636856807
0
0
0.015091036428826015
0
0
0
0
0.04093314413136564
0
0
0.0
0
0.005375535636856807
0
0.017040044811416515
0.02431656850031416
0
0
0
0
0
0.010751071273713613
0.03225321382114084
0
0
0
0
0
0
0
0
0
0.28608214130856474
0
0
0
0.23004060495412298
0
0
0
0
0
0
0
0
0
0
0
0
0
0
0.019271093679421872
0
0
0
0
0.04093314413136564
0
0
0
0.005375535636856807
0
0
0
0
0
0
0.010751071273713613
0.0
0
0
0.05053476242752921
0
0
0.0
0
0
0
0
0
0.024646629316278677
0
0
0
0
0
0
0
0
0
0
0
0
0
0
0
0.023232678493999664
0
0
0
0
0
0
0
0
0
0
0
0
0
0
0
0
0
0
0
0
0
0
0
0
0
0
0.09006649485940646
0
0
0
0
0
0
0
0
0
0
0
0
0.28799711727138133
0.019891845576907798
0
0
0.008520022405708257
0
0
0
0
0
0
0
0
0
0
0
0
0.010751071273713613
0
0
0
0
0.0
0
0
0
0
0
0
0
0
0
0
0
0
0.023232678493999664
0.03225321382114084
0
0.03225321382114084
0
0.01612660691057042
0
0
0.019271093679421872
0
0
0
0
0.010751071273713613
0
0
0
0
0
0
0
0.017857142857142856
0
0
0
0
0
0
0
0
0
0
0
0
0
0.025560067217124775
0
0
0
0
0.01612660691057042
0
0
0.010751071273713613
0
0
0
0
0
0
0
0
0
0
0
0.05938420827434193
0
0
0
0
0.02985889032028067
0
0
0.37293486203448084
0
0
0
0.07294970550094247
0
0
0
0
0
0
0
0
0
0
0
0.005375535636856807
0
0
0
0
0
0
0
0
0
0.0
0
0
0
0
0
0
0
0
0
0
0
0
0
0
0
0
0
0
0.02779111608513013
0
0
0
0
0
0
0.06450642764228168
0
0.018596297949254017
0
0
0.015091036428826015
0
0
0
0
0
0
0
0
0
0
0
0.0
0
0
0
0
0
0
0
0
0
0
0
0
0
0
0
0
0
0
0
0
0
0
0
0
0
0
0
0
0
0
0
0
0
0
0
0
0
0.05326291763693831
0
0.026114249962481358
0
0
0
0.05112013443424955
0
0.02584210770253963
0
0
0
0
0
0
0
0
0
0
0
0.11667631825568477
0
0
0
0
0
0
0
0
0
0
0
0
0
0
0
0
0
0
0
0
0
0
0
0
0
0
0
0
0
0
0.11519884690855253
0
0
0
0
0
0
0
0
0
0
0
0
0
0
0
0
0
0
0
0
0
0
0
0
0
0
0.05721642826171295
0
0.022834885731300516
0
0
0
0
0
0
0
0
0
0.005375535636856807
0.04794366717222165
0
0
0
0.023232678493999664
0
0
0.01248160722028605
0
0
0
0
0
0.01248160722028605
0
0
0
0
0.09192875055186425
0
0
0
0
0
0
0
0.019271093679421872
0
0
0
0
0
0
0
0
0
0
0
0.05558223217026026
0.013895558042565065
0
0
0
0.010751071273713613
0.0
0
0
0
0
0
0
0
0
0
0
0
0
0
0
0.023611058834534272
0
0.019891845576907798
0
0
0
0
0
0
0
0
0
0
0
0.026377165262851113
0
0
0
0
0.018596297949254017
0.06004432990627097
0
0
0
0
0
0
0.044831160896546644
0.019891845576907798
0
0
0
0
0.0
0
0
0
0
0.019271093679421872
0
0
0
0
0
0
0.04929325863255735
0
0
0
0
0
0
0
0
0
0
0
0
0
0
0
0
0
0
0
0.0249632144405721
0
0
0
0
0
0
0
0
0
0
0
0.4370470067515501
0
0
0
0
0
0
0
0.037192595898508034
0
0
0
0
0
0
0.017857142857142856
0
0
0
0
0.05578889384776205
0
0.0863991351814144
0.015091036428826015
0
0
0
0
0
0
0
0.023971833586110824
0
0
0.015091036428826015
0
0
0
0
0
0
0
0
0
0
0
0
0
0
0.06158128105717104
0
0
0
0
0
0
0
0.026877678184284038
0
0
0
0
0.005375535636856807
0
0.019271093679421872
0
0
0
0
0
0
0.005375535636856807
0.028411867982616055
0.04394460433493835
0.028210421368157323
0
0.6773940916288814
0
0
0
0
0
0
0
0.028411867982616055
0
0.005375535636856807
0
0
0
0
0
0
0
0
0
0
0.06215581033908014
0
0
0
0
0
0
0
0
0
0
0
0
0
0
0
0
0
0
0
0
0
0
0
0
0
0
0
0
0
0.27842042568583425
0
0.08337334825539039
0.01612660691057042
0
0
0
0
0
0
0.03018207285765203
0
0
0
0
0
0
0
0
0
0
0
0.04093314413136564
0
0.02779111608513013
0.3010299956639812
0
0
0
0
0
0
0
0
0
0
0
0
0
0
0
0
0
0
0
0
0
0
0
0
0
0
0
0
0
0
0
0
0
0
0
0
0
0
0
0
0.04794366717222165
0
0
0
0
0
0
0
0
0.02431656850031416
0
0
0
0
0
0
0
0
0
0
0.02100162962599431
0
0
0
0
0
0
0
0.07294970550094247
0
0
0
0.02100162962599431
0
0.013895558042565065
0
0
0
0
0
0.01612660691057042
0
0
0
0
0
0
0
0
0
0
0
0
0
0
0
0
0.0
0
0
0
0
0
0
0
0
0
0
0
0
0
0
0
0
0.017857142857142856
0
0
0
0
0
0
0
0
0
0
0.06128583370124283
0.01248160722028605
0
0
0
0
0
0
0
0
0
0
0
0
0
0
0
0
0
0
0.04200325925198862
0
0
0
0.1838575011037285
0
0
0
0.010751071273713613
0.019891845576907798
0
0.023971833586110824
0
0
0.02779111608513013
0
0
0
0
0.0
0
0
0.028003602215482055
0
0
0
0
0
0
0
0
0
0
0
0
0
0
0
0
0
0
0
0
0
0
0
0
0.021502142547427227
0
0
0
0
0
0
0
0
0
0
0
0.051120134434249544
0
0
0.11738947689187053
0
0
0
0
0
0
0
0
0
0
0
0
0
0
0
0
0
0
0
0
0
0
0
0
0
0
0
0.5931352234485323
0
0
0
0.019891845576907798
0
0
0.013895558042565065
0
0
0
0
0.2145004179543499
0
0
0
0
0
0
0
0.010751071273713613
0
0
0
0.05558223217026026
0
0
0
0
0.3080396243703026
0
0
0
0
0
0
0
0
0
0
0
0.02898659447139108
0
0
0
0
0
0
0
0
0
0
0
0
0
0
0
0
0
0
0
0.005375535636856807
0
0
0
0
0
0
0
0.005375535636856807
0
0
0
0
0
0
0
0
0
0
0
0
0
0
0
0.08204351341297796
0.11594637788556432
0
0.2687767818428404
0
0
0
0
0
0.05469567560865197
0
0
0
0.025560067217124775
0
0
0
0
0
0
0
0
0
0.0
0
0
0.051120134434249544
0
0
0
0
0
0
0
0
0
0
0
0
0
0
0
0
0
0
0.11985916793055412
0
0
0
0
0
0
0
0
0.027572643649112067
0
0
0.005375535636856807
0
0
0
0
0
0
0
0
0
0
0
0
0
0.07834274988744408
0
0.01248160722028605
0
0
0.02779111608513013
0
0
0
0
0
0
0
0
0.043004285094854454
0
0
0.005375535636856807
0
0
0
0
0.11876841654868386
0
0
0
0
0
0
0.04093314413136564
0
0
0
0
0
0
0
0
0
0
0
0.333726250851718
0
0
0
0
0
0.0
0
0
0
0
0
0
0
0
0.017040044811416515
0
0
0
0
0
0.017857142857142856
0
0
0
0
0
0
0
0
0
0
0
0
0
0
0.02100162962599431
0
0
0
0
0
0
0
0
0
0
0
0
0
0
0
0
0.018596297949254017
1.1238351602182717
0
0
0
0.019271093679421872
0.01612660691057042
0.11116446434052052
0
0
0
0.015091036428826015
0
0
0
0
0
0
0
0
0
0
0
0
0
0
0
0
0
0
0
1.2501853075002747
0.005375535636856807
0
0
0
0
0
0.017857142857142856
0
0
0
0
0
0
0
0
0
0
0
0
0
0
0
0
0
0
0
0
0
0
0
0
0.12431162067816028
0.028608214130856475
0
0
0
0
0
0
0
0
0
0.0885649560951077
0
0
0
0
0
0
0
0.010751071273713613
0
0
0
0
0
0
0
0.07580214364129381
0
0
0
0
0
0
0
0
0
0
0
0.057599423454276266
0
0
0
0
0.021502142547427227
0
0
0
0
0
0
0.005375535636856807
0
0
0.019271093679421872
0
0
0
0
0
0
0
0
0
0
0
0
0
0
0
0
0
0.008520022405708257
0
0.09054621857295608
0
0
0
0
0
0
0.018596297949254017
0
0
0
0
0
0
0
0
0
0
0
0
0.02985889032028067
0
0
0
0
0
0
0
0
0
0
0
0.07294970550094247
0.022834885731300516
0.047222117669068545
0
0
0.008520022405708257
0
0
0
0
0
0
0
0.021502142547427227
0
0.04566977146260103
0
0
0
0.08401080664644617
0
0
0
0
0
0
0
0
0
0
0
0
0
0
0
0
0
0
0
0
0
0
0
0
0
0
0
0
0
0
0
0
0
0
0
0
0
0.027347837804325984
0
0.03018207285765203
0
0
0
0.025267381213764605
0
0
0
0.09280680856194475
0
0
0
0
0
0
0.015091036428826015
0
0
0
0
0
0
0
0
0
0
0
0
0
0
0
0
0.026377165262851113
0
0.025560067217124775
0
0
0
0
0
0
0
0.019891845576907798
0
0
0
0
0
0
0
0
0
0.021972302167469177
0
0.05938420827434193
0
0.017040044811416515
0
0.010751071273713613
0
0
0
0
0
0
0
0
0
0.028411867982616055
0
0
0
0
0.053755356368568076
0
0
0
0
0
0
0.04929325863255735
0.05275433052570223
0.013895558042565065
0
0
0
0
0
0
0
0
0
0
0
0
0
0
0
0
0
0.058694738445935264
0
0
0
0
0.039783691153815595
0
0
0
0
0
0
0
0
0
0
0
0
0.1856136171238895
0.026631458818469154
0
0
0
0.02431656850031416
0
0
0
0
0
0
0
0
0
0
0
0.017040044811416515
0.005375535636856807
0
0
0
0
0.008520022405708257
0.05326291763693831
0.15246162286588716
0
0
0
0
0
0
0
0
0
0
0
0
0
0
0.010751071273713613
0
0
0
0
0
0
0
0.05682373596523211
0.018596297949254017
0
0
0.005375535636856807
0
0
0
0
0.005375535636856807
0
0
0
0
0
0
0
0
0
0
0
0
0.0885649560951077
0
0
0
0.013895558042565065
0.010751071273713613
0
0.005375535636856807
0
0
0
0
0
0
0
0
0
0.026114249962481358
0
0
0
0
0
0
0
0.05600720443096411
0
0
0
0
0
0
0
0.0
0
0
0
0
0
0
0
0.019271093679421872
0.005375535636856807
0
0
0
0
0
0
0.0985865172651147
0
0
0
0
0
0
0.11201440886192822
0
0
0
0
0
0
0
0
0
0.08582464239256943
0.008520022405708257
0
0
0
0.48787719317083894
0
0
0
0
0
0
0.05357142857142857
0
0
0.01612660691057042
0
0
0
0
0
0
0
0
0
0
0
0
0
0
0
0
0
0
0
0
0
0
0
0
0
0.010751071273713613
0.0
0
0
0
0
0
0
0
0
0
0.02100162962599431
0
0
0
0.11594637788556432
0
0
0
0
0
0
0
0
0.008520022405708257
0
0
0.005375535636856807
0.4021628371017606
0
0
0
0
0
0.1771299121902154
0
0
0
0
0
0
0
0
0
0
0
0.02779111608513013
0
0
0.021502142547427227
0
0
0
0.11364747193046422
0
0
0
0
0
0
0
0
0
0
0
0
0
0
0.057599423454276266
0.27970114652586064
0
0
0
0
0.10939135121730394
0
0
0
0
0
0
0
0
0
0.15321458425310708
0.05682373596523211
0
0
0
0
0
0
0
0
0
0
0
0
0
0
0
0.027347837804325984
0
0
0
0
0
0
0
0.017857142857142856
0
0
0
0
0.017857142857142856
0
0
0
0
0.005375535636856807
0
0
0
0
0.008520022405708257
0
0
0
0.0
0
0.09006649485940646
0
0.8580016718173996
0
0
0
0
0
0
0
0
0.1497792866434326
0
0
0
0
0
0
0
0
0
0
0
0
0
0
0
0
0
0.037192595898508034
0
0
0
0
0
0
0
0
0.2497411467151715
0
0
0
0
0
0
0
0.2744309211585969
0
0
0
0
0.05053476242752921
0
0
0
0
0
0
0
0
0.20290616129973757
0.028003602215482055
0
0
0
0
0
0
0
0
0
0
0
0
0
0
0
0
0
0
0
0
0
0
0
0
0.025560067217124775
0
0
0
0
0.04566977146260103
0
0
0
0
0
0
0
0
0
0
0
0
0
0
0
0
0
0
0
0.026377165262851113
0
0
0
0
0
0
0
0.2497411467151715
0
0
0.24632512422868416
0
0
0.02779111608513013
0
0
0
0
0
0
0
0
0
0.07834274988744408
0.05112013443424955
0
0
0
0
0.015091036428826015
0
0
0
0
0
0
0.005375535636856807
0
0
0.18474384317151313
0
0
0
0
0
0.054232640709924555
0
0
0
0
0
0
0
0
0.06098464914635487
0
0
0
0
0
1.9667115303819755
0
0
0
0
0.1856136171238895
0
0
0
0.0
0
0.015091036428826015
0.017040044811416515
0
0
0.0
0
0
0
0
0
0
0.019891845576907798
0
0
0
0
0
0.3018207285765203
0
0
0
0
0
0
0
0.0
0
0
0
0
0.005375535636856807
0
0
0.04794366717222165
0
0
0
0
0
0
0
0
0
0
0
0
0
0
0
0
0
0
0.038542187358843745
0
0
0
0
0
0
0.02100162962599431
0
0
0
0
0
0
0
0
0
0
0.010751071273713613
0
0
0
0
0
0
0
0
0
0
0
0
0.04863313700062832
0
0
0.005375535636856807
0.08750723869176358
0
0
0
0
0
0
0
0.04394460433493835
0
0.017857142857142856
0
0
0
0
0
0
0
0
0
0
0
0
0
0
0
0
0
0
0.02431656850031416
0
0
0
0
0
0
0.054232640709924555
0.0
0
0
0
0
0
0
0
0
0
0
0
0
0
0
0
0.01612660691057042
0
0
0.4682646500909466
0.05357142857142857
0.10939135121730394
0
0
0
0
0
0
0
0.039783691153815595
0
0.013895558042565065
0
0
0
0
0
0.005375535636856807
0
0
0
0
0.026114249962481358
0
0
0
0
0
0
0
0
0.005375535636856807
0
0
0
0
0
0
0
0
0
0
0
0
0
0
0
0
0
0
0
0
0
0
0
0
0
0
0
0
0
0
0
0
0
0.05275433052570223
0
0
0
0
0
0.6304654640158451
0.021972302167469177
0
0
0
0.018596297949254017
0
0
0
0
0
0
0
0
0
0
0
0
0
0
0
0
0
0
0
0
0
0
0
0
0
0
0
0
0
0
0
0
0
0
0.20543158456077343
0
0
0
0.05558223217026026
0
0
0
0
0
0
0
0.017040044811416515
0.010751071273713613
0
0
0
0
0
0
0
0
0
0
0.02100162962599431
0
0
0
0
0
0
0.021502142547427227
0
0
0
0
0.02046657206568282
0.02779111608513013
0.05600720443096411
0.015091036428826015
0
0
0
0
0
0.017857142857142856
0
0
0
0
0
0
0
0
0
0
0
0
0
0
0
0.005375535636856807
0
0
0.008520022405708257
0
0
0
0
0
0
0
0
0
0
0
0
0
0
0
0
0
0.01612660691057042
0
0
0
0
0
0.1838575011037285
0
0
0
0
0
0
0
0
0
0
0
0
0
0
0
0
0
0
0
0
0
0
0
0
0
0
0
0
0
0
0
0
0.015091036428826015
0
0
0
0
0
0.04837982073171126
0
0
0
0
0.051120134434249544
0
0
0
0
0.019891845576907798
0
0
0
0.023611058834534272
0.039783691153815595
0.0
0
0
0
0
0
0
0
0
0.0
0
0
0.02431656850031416
0
0.0
0.04200325925198862
0
0
0
0
0
0
0.0
0
0
0
0
0
0
0
0
0
0
0.06450642764228168
0
0
0.06816017924566606
0
0.04837982073171126
0
0.018596297949254017
0
0
0
0
0
0
0
0.07191550075833247
0.023232678493999664
0.028411867982616055
0
0
0.017857142857142856
0
0
0
0
0
0
0
0.008520022405708257
0
0
0.017040044811416515
0
0
0
0
0
0
0
0.028411867982616055
0
0
0
0
0
0
0
0
0
0
0
0
0
0
0
0
0
0
0
0
0
0
0
0
0
0
0
0.3079064052858552
0
0
0
0
0
0
0
0
0
0.010751071273713613
0
0
0
0
0
0
0
0
0
0
0
0
0
0
0
0
0.021502142547427227
0
0
0
0
0
0
0
0
0
0
0
0
0
0
0
0
0
0
0
0
0
0
0
0
0
0
0
0
0
0
0.008520022405708257
0
0
0
0
0
0
0
0
0
0.15380611517228424
0
0
0
0
0
0.08695978341417324
0.021502142547427227
0
0.005375535636856807
0
0
0
0
0.023232678493999664
0
0
0.010751071273713613
0
0
0
0
0
0
0
0
0
0
0.005375535636856807
0.11519884690855253
0
0
0
0
0
0.03225321382114084
0
0.01248160722028605
0
0
0
0
0
0
0
0
0
0
0
0
0
0
0
0
0
0
0
0
0.019891845576907798
0
0
0
0
0.0
0
0.0
0.0
0
0.11616339246999832
0.010751071273713613
0.005375535636856807
0
0.038542187358843745
0
0
0
0
0
0.1914348646302819
0
0
0
0
0
0
0
0
0
0
0
0
0
0
0
0
0
0
0
0
0
0.0
0.3125305478087766
0
0.017857142857142856
0
0
0
0
0
0.05578889384776205
0
0
0
0
0
0
0
0
0.010751071273713613
0
0
0
0
0
0
0
0
0
0
0.051120134434249544
0
0
0
0
0
0
0
0
0
0
0.0
0
0.030935602853981583
0
0.027572643649112067
0
0
0
0
0
0.037192595898508034
0
0
0
0
0.047222117669068545
0
0
0
0
0
0
0
0
0
0
0
0
0
0
0
0
0
0
0.027116320354962278
0
0
0
0
0.0827179309473362
0
0
0
0
0
0
0
0
0
0
0
0
0
0.017040044811416515
0
0
0
0
0
0
0
0
0
0
0
0
0
0
0
0
0
0
0
0
0
0
0
0
0
0
0
0
0
0
0
0.04093314413136564
0
0
0
0
0
0
0
0
0
0
0
0
0
0
0
0
0
0
0
0.04646535698799933
0
0
0
0
0
0
0
0
0
0
0
0
0
0
0
0.0499264288811442
0
0
0
0
0
0
0
0
0.010751071273713613
0
0
0
0
0
0
0
0
0
0.015091036428826015
0
0
0
0
0
0
0
0.026631458818469154
0
0
0
0
0.02100162962599431
0
0
0
0
0
0
0
0.06004432990627097
0
0
0
0
0
0
0
0
0
0.04794366717222165
0
0.019891845576907798
0
0
0
0.07191550075833247
0
0
0
0
0
0
0
0.0
0
0
0
0
0
0
0
0.010751071273713613
0
0
0
0
0
0
0
0
0.021972302167469177
0
0
0
0
0
0
0
0
0
0
0
0
0
0.10106952485505842
0
0
0
0
0.07989437645540746
0
0
0
0
0.018596297949254017
0
0
0
0
0.7180057968061181
0
0
0
0
0
0
0
0
0
0
0
0.030022164953135484
0
0
0
0.026877678184284038
0
0.028003602215482055
0
0
0
0
0
0
0
0.1144328565234259
0
0
0
0
0
0
0
0
0
0
0
0
0
0
0
0.1128416854726293
0.01612660691057042
0.1023328603284141
0
0.08957667096084201
0
0
0
0.0
0
0
0
0
0
0
0
0
0.015091036428826015
0
0
0
0.11943556128112268
0
0
0
0
0
0.005375535636856807
0.0
0.005375535636856807
0
0
0
0
0
0.0
0
0
0
0
0
0
0
0.019271093679421872
0
0
0
0
0
0.05168421540507926
0
0.05797318894278216
0
0
0
0
0
0
0
0
0.025267381213764605
0
0
0.023232678493999664
0
0.015091036428826015
0
0
0
0.028003602215482055
0
0
0
0
0
0
0
0
0
0
0
0
0
0.026377165262851113
0
0
0
0.022415580448273322
0
0
0
0
0
0
0
0
0
0
0
0
0
0
0
0
0
0
0
0
0
0
0
0
0
0
0
0
0
0
0.01612660691057042
0
0
0
0
0
0
0
0
0
0
0
0
0
0
0
0.023232678493999664
0
0
0
0
0.0
0
0.21754533618678049
0
0
0
0
0
0
0.02431656850031416
0
0
0
0
0
0.005375535636856807
0
0
0
0
0.023971833586110824
0
0
0
0
0.028210421368157323
0
0
0
0
0
0
0
0
0.010751071273713613
0
0
0.06450642764228168
0
0
0
0
0
0
0
0.008520022405708257
0
0
0
0
0
0
0
0
0.022415580448273322
0
0
0
0
0
0.008520022405708257
0
0.05053476242752921
0
0
0.005375535636856807
0.0
0
0
0
0.030022164953135484
0
0.11364747193046422
0
0
0
0
0
0
0
0
0
0
0
0
0
0
0
0
0.018596297949254017
0
0
0.02046657206568282
0
0
0
0
0
0
0
0
0
0
0
0
0
0
0
0
0
0
0
0
0.005375535636856807
0.0
0
0.026877678184284038
0
0
0
0
0
0
0
0
0
0
0
0
0
0
0
0.27970114652586064
0.018596297949254017
0
0
0
0
0
0
0
0
0
0
0.02046657206568282
0
0
0
0
0
0
0
0.05938420827434193
0
0
0
0.017857142857142856
0
0
0
0
0
0
0
0
0
0
0
0
0
0
0
0
0.043004285094854454
0.017857142857142856
0
0
0
0
0
0
0
0
0.021502142547427227
0
0
0.11667631825568477
0
0
0
0
0
0
0
0
0.04200325925198862
0
0.0499264288811442
0
0
0
0.018596297949254017
0
0
0
0
0
0
0
0
0
0
0
0
0
0
0
0
0
0
0
0
0
0
0
0
0
0
0
0
0
0
0
0
0
0
0
0
0
0
0
0
0
0
0
0
0.018596297949254017
0
0
0
0
0.08063303455285212
0
0
0
0
0
0
0.18646743101724042
0
0
0
0
0
0
0
0.019891845576907798
0.01612660691057042
0
0
0
0
0
0
0
0
0.06300488887798293
0.013895558042565065
0
0.019271093679421872
0
0
0
0
0.021972302167469177
0
0
0
0
0
0
0.11808660812681027
0
0
0
0
0
0
0
0
0
0
0
0
0
0
0
0.005375535636856807
0.0
0
0
0
0
0
0
0
0
0
0
0.015091036428826015
0
0
0.028608214130856475
0
0
0.015091036428826015
0
0
0
0
0
0
0
0
0
0
0
0
0
0
0
0
0
0
0
0
0
0
0
0
0
0
0
0.01248160722028605
0
0
0
0
0
0
0
0
0.021502142547427227
0
0
0
0
0
0
0
0
0
0
0
0
0
0
0
0
0
0
0
0
0
0
0
0
0
0
0
0
0
0
0
0
0
0
0
0
0
0.025560067217124775
0
0
0
0
0
0
0
0
0
0
0
0.017040044811416515
0
0
0
0
0
0
0
0
0
0
0
0
0
0
0
0
0
0
0
0
0
0
0
0
0
0
0
0
0
0
0
0.029521652031702567
0
0
0
0.12316256211434208
0
0
0
0
0
0.030492324573177434
0.021972302167469177
0
0
0
0
0
0
0
0
0
0
0.005375535636856807
0
0
0
0.0
0
0
0
0
0.013895558042565065
0
0
0
0.6494763446974565
0.01248160722028605
0
0.0
0.017857142857142856
0
0
0.01612660691057042
0
0.03744482166085815
0
0
0
0
0
0.01612660691057042
0
0
0
0
0
0
0
0
0
0
0
0
0
0.07294970550094247
0
0
0
0
0
0
0
0
0.023971833586110824
0
0.0
0.0249632144405721
0
0
0
0
0
0
0
0
0
0
0.015091036428826015
0
0
0
0
0
0.27578625165559273
0.06004432990627097
0
0
0
1.061399873539479
0
0.04394460433493835
0.3418569568649408
0
0.030935602853981583
0
0
0.05904330406340513
0.12072829143060812
0
0
0.24271000061943124
0.2771157647572697
0
0.08957667096084201
0.02584210770253963
0.018596297949254017
0
0
0
0
0.7804410834849109
0
0.06158128105717104
0
0
0
0
0
0
0
0
0
0
0
0
0
0
0
0.09006649485940646
0
0
0
0
0
0
0
0
0
0
0
0
0.12431162067816028
0
0
0
0
0
0
0
0
0
0.11808660812681027
0.030492324573177434
0
0
0
0
0
0
0
0
0
0
0
0
0
0
0.027347837804325984
0.04794366717222165
0.017040044811416515
0.04863313700062832
0
0
0
0
0
0
0
0
0
0.04929325863255735
0
0
0.021502142547427227
0
0
0
0
0
0
0
0
0
0
0.015091036428826015
0
0
0
0
0.01612660691057042
0
0.5344578744690773
0
0
0
0
0
0
0
0
0
0
0
0
0
0
0
0
0.038542187358843745
0
0
0
0
0.005375535636856807
0
0
0
0
0
0
0
0.019271093679421872
0
0
0.010751071273713613
0
0
0.010751071273713613
0.013895558042565065
0
0
0
0
0
0
0
0
0
0
0
0
0
0
0.39171374943722037
0
0
0
0
0
0
0
0
0
0
0
0.019271093679421872
0.02985889032028067
0
0.018596297949254017
0
0
0
0
0
0
0
0
0.02046657206568282
0
0
0
0
0.07913149578855334
0
0.021972302167469177
0
0
0
0
0
0
0
0
0
0
0.07913149578855334
0
0.21754533618678049
0
0
0
0
0
0
0
0
0
0
0
0
0
0
0
0
0
0
0
0
0
0.24145658286121624
0
0
0
0
0
0
0
0
0
0
0
0
0
0
0.005375535636856807
0.017040044811416515
0
0.02779111608513013
0
0
0
0
0
0
0
0
0
0
0
0
0
0.0
0
0
0
0
0
0.15246162286588716
0
0
0
0
0
0
0
0
0.06850465719390154
0
0
0
0
0
0
0.0
0
0
0
0.0249632144405721
0
0
0
0
0
0.0
0
0
0
0
0
0
0
0
0
0.043004285094854454
0
0
0
0
0
0
0
0
0.019271093679421872
0
0
0
0.01612660691057042
0
0
0
0
0
0.05053476242752921
0.05326291763693831
0
0
0
0.019891845576907798
0
0
0
0
0
0
0
0
0
0
0
0
0
0
0
0
0
0
0
0
0.021502142547427227
0
0
0.05797318894278216
0
0
0
0
0
0
0.02046657206568282
0
0
0
0
0
0.021972302167469177
0
0
0
0
0
0
0
0
0
0
0
0
0
0
0
0
0
0
0
0
0
0
0
0
0
0.015091036428826015
0
0
0
0
0
0
0.01612660691057042
0
0
0
0
0.01612660691057042
0.0249632144405721
0
0
0
0
0
0
0.044831160896546644
0
0
0
0
0
0
0
0
0
0
0
0
0
0
0
0.1248160722028605
0
0
0
0
0
0
0.0
0
0
0
0
0.028608214130856475
0
0.12374241141592633
0
0
0.05168421540507926
0
0
0
0
0
0
0
0
0
0
0
0
0
0
0
0
0
0
0
0
0
0
0
0.019891845576907798
0
0
0.05781328103826562
0
0
0
0
0
0
0.02985889032028067
0
0
0
0
0
0
0.0
0
0.20213904971011684
0.04929325863255735
0
0
0
0.018596297949254017
0
0
0
0
0
0
0
0.03571428571428571
0.05112013443424955
0
0.0885649560951077
0.02046657206568282
0
0
0
0
0.06158128105717104
0
0
0.030338750077428905
0
0.05721642826171295
0
0
0
0.11519884690855253
0
0.0
0.02779111608513013
0
0.2497411467151715
0
0
0
0
0
0
0.028411867982616055
0
0
0
0
0
0
0
0
0
0
0
2.3101056071153363
0
0
0
0
0
0
0
0
0
0
0
0
0
0
0
0
0
0.3433940767333608
0
0
0
0
0
0
0
0
0
0
0.028799711727138133
0.05053476242752921
0
0
0.022415580448273322
0
0
0
0.12008865981254194
0.017040044811416515
0.26087935024251974
0.0249632144405721
0.1449329723569554
0.2744309211585969
0
0
0
0
0.0249632144405721
0
0
0
0
0.11594637788556432
0
0
0
0
0
0
0
0
0.021972302167469177
0
0
0
0.010751071273713613
0
0
0
0
0
0
0
0.5793541668903712
0
0
0
0.005375535636856807
0
0
0.022834885731300516
0
0
0.0775263231076189
0.3418569568649408
0.027347837804325984
0
0
0.12196929829270974
0
0
0
0
0
0
0
0
0
0
