0.0
0.0015173020637529583
0.0007586510318764792
0.0
0.0
0.0
0.0
0.0
0.0
0.0
0.0
0.0
0.0
0.0
0.0
0.0
0.0
0.0
0.0
0.0003793255159382396
0.0
0.0
0.0
0.0
0.0
0.0
0.0
0.0
0.0
0.0
0.0
0.0
0.0
0.0
0.0
0.0
0.0
0.0
0.0
0.0
0.0
0.0
0.0
0.0
0.001237306540465038
0.0
0.0
0.0
0.0
0.0
0.0
0.0
0.0
0.0
0.0
0.0
0.0
0.0
0.0
0.0
0.0
0.0
0.0
0.0
0.0
0.0
0.0
0.00023932775429427944
0.0
0.0
0.0
0.0
0.0
0.0
0.0
0.0
0.0
0.0
0.0
0.0
0.0
0.0
0.0
0.0
0.0
0.0
0.0
0.0025739430735803957
0.0
0.0003793255159382396
0.0
0.001590059181752933
0.0
0.0
0.0
0.0
0.0
0.0
0.0
0.0
0.0
0.0
0.0
0.0
0.0
0.0
0.0
0.0
0.0
0.0
0.0
0.0
0.0
0.0
0.0
0.0
0.0
0.0
0.0
0.002934729907673276
0.0
0.0
0.0
0.0
0.0
0.0005557018365821871
0.0
0.0
0.0
0.0018559598106975572
0.0
0.0
0.0
0.0
0.0
0.0
0.0
0.0
0.0
0.0
0.0
0.0
0.0
0.0
0.0
0.0
0.0
0.0
0.0
0.0
0.0
0.0
0.0
0.0
0.0
0.0
0.0
0.0007586510318764792
0.0
0.0004786555085885589
0.0
0.0
0.0
0.0
0.0
0.0
0.000618653270232519
0.0
0.0
0.0
0.0
0.0
0.0
0.0
0.0
0.0
0.0
0.0
0.0
0.0
0.0
0.0
0.0
0.0
0.0
0.0
0.0
0.0
0.0
0.0
0.0006718779490030383
0.0
0.0
0.0
0.0
0.0
0.0
0.0
0.0
0.0
0.0
0.0
0.0
0.0
0.0
0.0
0.0
0.0
0.0
0.0
0.0
0.0
0.0
0.0
0.0
0.004330455697416652
0.0
0.0
0.0
0.0009573110171771178
0.0
0.0
0.0
0.0
0.0
0.0
0.0
0.005813248409840853
0.0
0.0
0.0
0.000885617927644064
0.0
0.0
0.0
0.0003793255159382396
0.0
0.0
0.0
0.0
0.0007950295908764665
0.0011505334575915972
0.0
0.0042899051226339925
0.0
0.0
0.0
0.0
0.0
0.0
0.0
0.0
0.0
0.0
0.0
0.0
0.0
0.0
0.001237306540465038
0.0
0.0
0.0
0.0
0.0
0.001097308778821078
0.0
0.0
0.0
0.0
0.0
0.00023932775429427944
0.0
0.0
0.0
0.0
0.0
0.0
0.0
0.0
0.0
0.00023932775429427944
0.0
0.0
0.0
0.0
0.0
0.0
0.0
0.0
0.0008279380004230885
0.0
0.0
0.0
0.0
0.0
0.0
0.0
0.0
0.0
0.0
0.0
0.0
0.0
0.0
0.0
0.0
0.0
0.0
0.0
0.0
0.0
0.0
0.0
0.0
0.0
0.0
0.0
0.0
0.0
0.0
0.0
0.0
0.0
0.0
0.0
0.0
0.0
0.0
0.0
0.0
0.0
0.0
0.0
0.0
0.0
0.0
0.0
0.0
0.0
0.0
0.0
0.0
0.0
0.0
0.0
0.0
0.0
0.0
0.0
0.002134531509434736
0.0
0.0
0.0
0.06031741492334267
0.0
0.0
0.0
0.0
0.0
0.0
0.0
0.0024838140012692655
0.0
0.0
0.0
0.0
0.0007586510318764792
0.0
0.0
0.0005557018365821871
0.0
0.0011505334575915972
0.0
0.0
0.0
0.0
0.0
0.0009350273525204268
0.0
0.0
0.0007179832628828383
0.0
0.0
0.0
0.0
0.0
0.0
0.0
0.0
0.0
0.0
0.0
0.0
0.0
0.0
0.0
0.0
0.0
0.0
0.0006718779490030383
0.0
0.0
0.0
0.0
0.0
0.0
0.0
0.0
0.004675136762602133
0.0
0.0
0.0
0.0
0.0
0.0
0.0
0.0
0.0
0.0
0.0
0.0
0.0
0.0
0.0
0.0
0.0
0.0
0.0
0.0
0.0
0.0
0.0
0.0
0.0
0.0
0.0
0.0
0.0
0.0
0.0
0.0
0.0
0.0
0.0
0.0
0.002015633847009115
0.0
0.0
0.0005557018365821871
0.0
0.0
0.0
0.0
0.0
0.0
0.0004786555085885589
0.0
0.0005557018365821871
0.0
0.0
0.0
0.0
0.0
0.0
0.0013437558980060767
0.0009782433025577585
0.0
0.0
0.0
0.0
0.010805851419669228
0.0
0.0
0.0
0.0054834013566675156
0.007480600650580515
0.0
0.0
0.0
0.0
0.0
0.0
0.001237306540465038
0.0
0.0
0.014265014124674012
0.0009573110171771178
0.0
0.0008579810245267985
0.00023932775429427944
0.0
0.0
0.01794958157207096
0.0
0.0
0.0
0.0
0.0
0.0
0.0
0.0
0.0
0.0
0.0
0.0
0.0
0.0
0.0
0.0
0.0
0.0
0.0
0.0
0.0
0.0
0.0
0.0
0.002033293904394672
0.0010512034649412779
0.0007586510318764792
0.0
0.0
0.003912973210231034
0.0
0.005743866103062706
0.0
0.0009112057032973177
0.008301839022031654
0.0
0.0
0.0
0.0
0.0
0.0
0.0022228073463287485
0.0011856766772978958
0.0
0.0
0.0
0.0
0.0011743551068147061
0.0013898612118858767
0.008301839022031654
0.0
0.0
0.0
0.0
0.0
0.0
0.024905517066094965
0.0
0.0
0.0
0.0
0.0
0.0
0.0003793255159382396
0.0
0.0
0.0
0.0
0.0
0.0
0.0
0.0
0.003912973210231034
0.0
0.0
0.0
0.0
0.0
0.0
0.0
0.003943058605375999
0.0
0.001655876000846177
0.0
0.0
0.0
0.0
0.0
0.0
0.015386530677360732
0.003975147954382332
0.0009112057032973177
0.0
0.010002633058479368
0.0011379765478147187
0.0
0.0
0.0
0.0
0.0
0.0
0.0
0.0
0.0
0.0
0.0007586510318764792
0.0
0.0
0.0
0.0
0.000618653270232519
0.0
0.0
0.0
0.0
0.0
0.0
0.0
0.0
0.0
0.0
0.0
0.0
0.0
0.0
0.0
0.0004786555085885589
0.000618653270232519
0.0
0.0
0.0
0.0
0.0
0.0
0.0
0.0
0.0019146220343542355
0.0
0.0
0.0
0.0
0.0
0.0004786555085885589
0.0
0.0
0.001217571056852038
0.0
0.0
0.0
0.0
0.0
0.0
0.0
0.0
0.0
0.0
0.0
0.0
0.0
0.0
0.0
0.0
0.0
0.0
0.0
0.0
0.0
0.0
0.005813248409840853
0.003975147954382332
0.001715962049053597
0.0
0.0003793255159382396
0.0
0.0
0.0
0.0
0.0
0.0
0.0
0.0004786555085885589
0.0
0.0
0.0
0.0
0.0
0.0
0.0
0.0003793255159382396
0.0
0.0
0.0
0.0
0.0
0.0
0.0
0.0
0.0
0.0
0.0
0.003201797264152104
0.0004786555085885589
0.0
0.0
0.0
0.0
0.0
0.0
0.0
0.00023932775429427944
0.0
0.0
0.0
0.001237306540465038
0.0
0.0
0.0
0.0
0.0
0.0
0.0
0.0
0.0
0.0
0.0
0.0
0.0
0.00023932775429427944
0.0
0.0
0.0
0.0
0.0
0.0
0.0
0.0
0.0
0.0035230653204441184
0.0
0.0
0.0
0.0
0.0
0.01493325700345598
0.0
0.0
0.0
0.0
0.0
0.0
0.02084886679760048
0.0
0.0019146220343542355
0.0
0.00023932775429427944
0.0
0.0
0.0
0.0
0.0
0.0
0.002068714690341492
0.0
0.0
0.0
0.0
0.001016646952197336
0.0
0.00023932775429427944
0.0
0.0
0.0004786555085885589
0.0
0.0
0.0
0.0
0.0
0.0
0.0
0.0
0.0
0.0
0.0
0.0
0.0
0.0
0.002474613080930076
0.0
0.0
0.0
0.0
0.0
0.0
0.0
0.0
0.0011379765478147187
0.0008279380004230885
0.0
0.0
0.0
0.00023932775429427944
0.0
0.001237306540465038
0.07896847616683159
0.002194617557642156
0.0
0.0
0.0004786555085885589
0.0
0.0
0.0
0.04407373766748795
0.005402925709834614
0.0
0.0
0.0
0.001097308778821078
0.0
0.0
0.00023932775429427944
0.0
0.0
0.0
0.0
0.0
0.00891579569625518
0.0
0.001082613924354163
0.0
0.011249456819383434
0.0
0.0006718779490030383
0.0
0.0
0.0
0.0
0.0
0.0
0.0
0.0003793255159382396
0.0003793255159382396
0.0
0.0
0.0
0.0
0.0
0.0
0.0
0.0
0.0
0.001771235855288128
0.004330572891627633
0.0
0.0003793255159382396
0.0
0.0
0.0034139296434441565
0.0
0.0
0.0
0.0
0.011614780973120017
0.0
0.0
0.0
0.0
0.0
0.0
0.0
0.0007179832628828383
0.010769748943242577
0.0
0.01185676677297896
0.0
0.0
0.0036827393567556766
0.0
0.0
0.0
0.0
0.0
0.0
0.0026875117960121534
0.0
0.0
0.0
0.0
0.0
0.0011114036731643742
0.0007586510318764792
0.0
0.0
0.0
0.0
0.0
0.0
0.0
0.0
0.0
0.0
0.0
0.0
0.0
0.0
0.0
0.0
0.0
0.0
0.0
0.0
0.0
0.0
0.0
0.0
0.0
0.0
0.0
0.0
0.0011114036731643742
0.0
0.0
0.0
0.0
0.0
0.0
0.0
0.0
0.0
0.0
0.0
0.006718779490030384
0.0
0.0
0.0
0.0
0.0
0.0
0.0
0.0
0.0
0.0007586510318764792
0.0
0.0
0.0
0.0012905312192355574
0.0
0.0
0.0
0.0
0.0
0.0
0.0
0.0
0.0
0.001016646952197336
0.0
0.0022759530956294374
0.0
0.0
0.0
0.0
0.0
0.0
0.0
0.0
0.0
0.0
0.0
0.0
0.0
0.0
0.0
0.0
0.0
0.0
0.0
0.0
0.0
0.0
0.0
0.0
0.0
0.0
0.0
0.0
0.0
0.0
0.0
0.0011966387714713973
0.0
0.0
0.0
0.0005557018365821871
0.0
0.0
0.0
0.0
0.002658734551800099
0.0008279380004230885
0.0
0.0
0.0
0.0
0.0
0.001655876000846177
0.0
0.0
0.0
0.0
0.0
0.0
0.0
0.0
0.0
0.0
0.0
0.0
0.0
0.0
0.0
0.0
0.0
0.0
0.0
0.0
0.0
0.0
0.007305426341112229
0.00023932775429427944
0.0009112057032973177
0.0025739430735803957
0.0
0.0
0.0
0.0
0.0
0.0
0.0
0.0
0.0
0.0
0.0
0.0
0.0
0.0
0.0039658250359453275
0.0004786555085885589
0.0
0.0
0.0
0.0
0.11674834179841365
0.0
0.0
0.0007586510318764792
0.03474653029714692
0.0
0.0
0.0
0.0
0.0
0.0
0.0034879490459045126
0.0023713533545957916
0.000618653270232519
0.0019146220343542355
0.0
0.0
0.011687901821541473
0.0
0.0
0.0
0.0
0.0
0.0
0.0
0.0
0.0
0.0
0.001956486605115517
0.0
0.0
0.0
0.0003793255159382396
0.0
0.0
0.0
0.0
0.0
0.0
0.0
0.0
0.0
0.0
0.0
0.0
0.002435142113704076
0.0
0.0
0.0007586510318764792
0.0
0.0
0.0
0.0
0.0
0.0
0.0
0.0
0.0
0.0007179832628828383
0.0
0.0
0.0003793255159382396
0.0
0.0
0.0
0.006863848196214388
0.0
0.0009350273525204268
0.0
0.0
0.0
0.0
0.0
0.0
0.0
0.0
0.0
0.0
0.0
0.0
0.0014359665257656765
0.0
0.0
0.0
0.0
0.0
0.0
0.0
0.0
0.0
0.0
0.0
0.0
0.0
0.0
0.0
0.0
0.0012905312192355574
0.0
0.0
0.0
0.0
0.0007179832628828383
0.002153949788648515
0.0
0.0
0.0
0.0
0.0
0.0
0.0
0.0
0.0
0.0
0.0
0.0023010669151831945
0.010750047184048614
0.0005557018365821871
0.0
0.0
0.0
0.0
0.0018559598106975572
0.0
0.001771235855288128
0.0
0.0
0.0
0.0
0.0
0.0
0.0
0.0
0.0
0.0
0.0
0.0
0.0
0.0
0.0
0.0023850887726293993
0.0
0.0
0.0
0.0
0.0
0.0
0.0
0.0
0.0
0.0
0.0
0.0
0.0
0.0
0.0
0.0
0.0
0.025119494129832307
0.0
0.0
0.0026287057369173326
0.0
0.0
0.0
0.0
0.00023932775429427944
0.0005557018365821871
0.0
0.0
0.0
0.0
0.0
0.0
0.0
0.0
0.0
0.0
0.0
0.0
0.0
0.0
0.0
0.0
0.0
0.0
0.0
0.0
0.0
0.0
0.0
0.0
0.0
0.0
0.0
0.0
0.0
0.0
0.0
0.0
0.0
0.0
0.0
0.0
0.0
0.0
0.0009112057032973177
0.0
0.0
0.0
0.0
0.0
0.0
0.0
0.0
0.0
0.047979761870840756
0.0
0.001995957572341517
0.0
0.0
0.0007179832628828383
0.0003793255159382396
0.0
0.0
0.0
0.0
0.0
0.0
0.0004786555085885589
0.0
0.0
0.0
0.0
0.0
0.0
0.0
0.0
0.0
0.0
0.0
0.0
0.0
0.0
0.0
0.0
0.0
0.0
0.0
0.0
0.0
0.0
0.007721829220741187
0.0
0.0
0.0
0.0
0.0
0.0
0.0
0.0
0.0
0.0
0.0
0.0
0.0
0.0
0.0
0.0
0.01215658284712788
0.0
0.0
0.0
0.0
0.002165227848708326
0.0
0.0
0.0
0.0
0.0
0.0006718779490030383
0.0
0.0
0.0
0.0003793255159382396
0.0
0.0
0.0
0.0
0.0
0.0
0.0
0.0
0.0
0.00534654613246143
0.0
0.0
0.007423839242790229
0.0
0.0004786555085885589
0.0
0.0
0.0
0.0
0.0
0.0
0.0
0.0
0.0
0.0
0.0004786555085885589
0.0
0.00023932775429427944
0.0
0.0
0.001715962049053597
0.0
0.0
0.0
0.0
0.0
0.0
0.0
0.0
0.0
0.0
0.0
0.0
0.0
0.0
0.0005557018365821871
0.0
0.0
0.0
0.00023932775429427944
0.0
0.0
0.0
0.0
0.0
0.0
0.0
0.0
0.0
0.0
0.0
0.0
0.0
0.0
0.009741797204084704
0.0
0.0
0.0
0.0014359665257656765
0.0
0.0
0.0
0.0
0.0
0.0003793255159382396
0.0
0.0
0.0
0.0
0.0
0.0
0.0
0.0
0.0
0.0
0.0
0.0
0.0
0.0
0.0
0.0
0.0
0.0
0.0
0.0
0.0
0.0
0.0
0.0
0.0
0.0
0.0
0.0
0.0
0.0
0.0
0.0
0.0
0.0
0.0
0.0
0.0005557018365821871
0.0
0.0
0.0
0.0
0.0
0.0
0.0
0.0
0.0
0.0
0.0
0.0
0.0
0.0
0.0
0.0
0.0
0.0
0.0
0.0
0.0
0.0
0.0
0.0
0.0
0.0
0.0
0.0
0.0
0.0
0.0
0.0
0.0
0.0011505334575915972
0.0
0.0
0.0
0.0
0.00600586717168759
0.0019146220343542355
0.0
0.0
0.0
0.0
0.0
0.0
0.0
0.0
0.0
0.0
0.0
0.0007950295908764665
0.0
0.0
0.0
0.0
0.0
0.0
0.0
0.0
0.0
0.0
0.0
0.0
0.0
0.0
0.0011856766772978958
0.0003793255159382396
0.011759341581104827
0.001995957572341517
0.0
0.0
0.0
0.0
0.0
0.0
0.0
0.056729233317216306
0.0
0.0022228073463287485
0.0
0.0
0.002656853782932192
0.0
0.0
0.003201797264152104
0.0
0.0
0.0
0.0
0.0
0.0
0.0
0.0
0.0
0.0
0.0
0.0
0.0
0.0
0.0
0.0
0.0
0.0
0.0
0.0
0.0
0.0
0.001771235855288128
0.0
0.0
0.00023932775429427944
0.0
0.0
0.0
0.0
0.0
0.0
0.0
0.0
0.0
0.0
0.0003793255159382396
0.0
0.0
0.0007586510318764792
0.0
0.0
0.0
0.0
0.0
0.003829244068708471
0.0
0.0
0.0
0.0
0.0
0.0
0.0
0.0
0.0
0.0
0.0
0.0014359665257656765
0.0
0.0
0.0
0.0
0.0
0.001715962049053597
0.0008579810245267985
0.0
0.0
0.0
0.0
0.0
0.0
0.0
0.0
0.0
0.0
0.0
0.0
0.0
0.007535848238949692
0.0
0.0005557018365821871
0.0
0.0
0.0
0.0
0.000618653270232519
0.0
0.0
0.0
0.0
0.0
0.0003793255159382396
0.0
0.0
0.0
0.0
0.0
0.0011379765478147187
0.0
0.0
0.0023932775429427945
0.0
0.0
0.016290825821951977
0.0
0.0
0.0003793255159382396
0.0
0.0
0.0
0.0
0.0
0.009305570931300347
0.0
0.0
0.0
0.0
0.0
0.002165227848708326
0.000885617927644064
0.0
0.0
0.002165227848708326
0.0
0.001067265754717368
0.0
0.0
0.0
0.0
0.0
0.0
0.0
0.0
0.0
0.0
0.0005557018365821871
0.0
0.0
0.0
0.0
0.0
0.0
0.0
0.0
0.0
0.0
0.0
0.0
0.0
0.0
0.0
0.0
0.0
0.0
0.0
0.0
0.0
0.0
0.0
0.0
0.0
0.0
0.0
0.0
0.0
0.002393277542942795
0.0
0.0
0.0
0.0
0.0
0.0
0.0
0.0
0.0
0.001097308778821078
0.0
0.0
0.0
0.0
0.0
0.0
0.0
0.0
0.00023932775429427944
0.0
0.0
0.0
0.0003793255159382396
0.0
0.0
0.0
0.000618653270232519
0.0010512034649412779
0.0
0.0
0.0
0.0
0.0
0.0
0.0
0.0
0.0
0.0
0.0
0.0
0.0
0.0
0.0
0.0
0.0009112057032973177
0.0011114036731643742
0.00508323476098668
0.0
0.0
0.0
0.0
0.0
0.0
0.0
0.0
0.0
0.0
0.0
0.0
0.0
0.0
0.0
0.0
0.0004786555085885589
0.002194617557642156
0.0
0.0
0.0
0.0
0.0
0.0
0.0
0.0
0.0
0.0
0.0
0.0
0.0
0.0
0.0
0.0
0.0
0.0
0.0
0.0
0.0
0.0
0.0
0.0
0.0
0.0
0.0
0.0
0.0
0.0
0.0
0.0
0.0
0.0
0.0
0.0
0.0
0.0015173020637529583
0.0
0.0
0.0
0.0
0.002275953095629438
0.0
0.0
0.0
0.0
0.0
0.0
0.0
0.0
0.0
0.0
0.0
0.0
0.0
0.0
0.0
0.0
0.0
0.0
0.0
0.0
0.0004786555085885589
0.0
0.0
0.0
0.0
0.0
0.0
0.0
0.0007950295908764665
0.0011379765478147187
0.0
0.00023932775429427944
0.0
0.0
0.0
0.0
0.0
0.0
0.02371353354595792
0.015967660578732137
0.0
0.0
0.0008579810245267985
0.01082613924354163
0.0
0.0
0.0
0.0
0.0
0.0
0.0
0.0
0.0
0.0
0.0
0.0
0.00023932775429427944
0.0
0.0
0.0
0.0
0.0
0.0
0.0
0.0
0.0007179832628828383
0.0
0.0
0.0
0.0
0.0
0.0
0.0
0.0
0.0
0.0
0.0
0.0
0.011220900975870774
0.0
0.0
0.0
0.0
0.0
0.0
0.0
0.0
0.0
0.0
0.0
0.0
0.0
0.0007950295908764665
0.0
0.0
0.0
0.0
0.0
0.0
0.0014359665257656765
0.0
0.0007586510318764792
0.0
0.0007586510318764792
0.0
0.0
0.0
0.0
0.0
0.0
0.0
0.0
0.0
0.0
0.0
0.0
0.0
0.0
0.0
0.0
0.0
0.0
0.0
0.0
0.0
0.0
0.00023932775429427944
0.0
0.0
0.0
0.0
0.0
0.0
0.0
0.0
0.0
0.0
0.0
0.0
0.0
0.0
0.0
0.0
0.0
0.0
0.00023932775429427944
0.0
0.0013437558980060767
0.00023932775429427944
0.0
0.0
0.009743525319187468
0.014265014124674012
0.00023932775429427944
0.021946175576421558
0.0
0.0013366365331153574
0.0
0.0005557018365821871
0.0
0.0
0.0
0.0
0.08001293559260456
0.0
0.1254081468774841
0.0
0.0
0.0
0.005813248409840853
0.0
0.0
0.0
0.0
0.0
0.0007179832628828383
0.0018224114065946355
0.0
0.0
0.0
0.0
0.00534654613246143
0.0
0.0
0.0
0.0
0.0
0.0
0.0
0.0
0.0
0.0
0.0
0.0
0.0
0.0
0.0
0.0
0.0
0.0
0.0
0.0
0.0
0.0
0.0
0.0
0.0
0.0
0.0
0.00023932775429427944
0.0
0.0
0.0
0.0
0.0
0.0
0.0
0.0
0.0
0.0
0.0
0.004137429380682984
0.0
0.0
0.0
0.0
0.0
0.0006718779490030383
0.0
0.0
0.012897067541900146
0.0
0.0
0.0
0.0
0.0
0.0
0.0
0.0
0.0
0.0
0.0
0.0
0.0
0.0034516003727747924
0.0
0.0
0.0
0.0012736850994650257
0.0
0.0
0.0
0.0
0.0
0.0
0.0
0.0011966387714713975
0.0
0.0
0.0
0.0
0.0
0.0
0.0
0.0
0.0
0.0
0.0008579810245267985
0.00023932775429427944
0.0
0.0
0.0
0.0018224114065946355
0.0
0.0
0.0
0.0
0.0
0.001995957572341517
0.0
0.0034516003727747924
0.0
0.0
0.0
0.0
0.0
0.0
0.0
0.0
0.0
0.0
0.0
0.0
0.0
0.0
0.0
0.001097308778821078
0.0
0.0
0.0
0.0
0.0
0.0
0.0
0.0
0.0
0.0
0.0
0.0
0.0
0.0
0.0
0.0
0.0
0.0
0.0
0.0
0.0
0.0
0.0
0.0
0.0
0.0
0.00023932775429427944
0.0
0.0
0.0
0.0
0.0
0.0
0.0
0.0
0.0
0.0
0.0
0.0
0.0
0.0
0.0
0.004009909599346073
0.0
0.0
0.0
0.0
0.0
0.0
0.0
0.0
0.0
0.0
0.0
0.002194617557642156
0.001282210889780061
0.0
0.0
0.0
0.0
0.0
0.0
0.0
0.0
0.0
0.0
0.0
0.0
0.0
0.0
0.0
0.0
0.0
0.001097308778821078
0.0
0.0
0.0
0.0
0.0
0.0
0.0
0.0
0.0
0.0
0.0
0.0
0.0
0.0
0.0
0.0
0.001034357345170746
0.0
0.0
0.0
0.0
0.0
0.0
0.0
0.0
0.0
0.0
0.0
0.0
0.0
0.0
0.0
0.0
0.0
0.0
0.0
0.0
0.0
0.0
0.0
0.0
0.0
0.0
0.0
0.0
0.0
0.0
0.0
0.0
0.0
0.0
0.0
0.0
0.0
0.0
0.001237306540465038
0.0
0.0
0.0
0.0
0.0
0.0
0.0
0.0
0.0
0.0
0.0
0.0
0.0
0.0
0.0
0.026438833572968848
0.0
0.0
0.0
0.0
0.005317469103600198
0.0
0.0
0.011069118696042206
0.005313707565864384
0.0
0.004551906191258876
0.011908753167895792
0.0
0.0
0.0
0.0005557018365821871
0.0
0.0
0.0
0.0004786555085885589
0.0
0.004066587808789344
0.0
0.0
0.0
0.0007586510318764792
0.0
0.0
0.0
0.0
0.0
0.0
0.0
0.0
0.0
0.0
0.004330572891627633
0.0
0.0
0.0
0.0
0.0
0.0
0.0
0.0
0.0
0.0
0.0
0.0
0.0
0.0
0.0
0.0
0.0
0.0
0.000618653270232519
0.0
0.0
0.0
0.0
0.0014359665257656765
0.0
0.0
0.0
0.0
0.0
0.0
0.0004786555085885589
0.0
0.0
0.0
0.0
0.0
0.0
0.0
0.0
0.0
0.0
0.0
0.0
0.0
0.0
0.0
0.0
0.0
0.0
0.0
0.0
0.0
0.0
0.0004786555085885589
0.0
0.0
0.0
0.0
0.0
0.0
0.0
0.0
0.0
0.0
0.0
0.0016671055097465613
0.0
0.0
0.0
0.0
0.0
0.0
0.0
0.0
0.0
0.0
0.0
0.010671090095681063
0.0
0.0
0.0
0.0
0.0
0.0
0.0
0.0
0.0
0.0
0.0
0.0
0.0
0.0
0.0
0.0
0.0
0.0
0.0
0.0
0.0
0.0
0.0
0.0004786555085885589
0.005624728409691717
0.0
0.0
0.0
0.0
0.0
0.0
0.0
0.0
0.0015173020637529583
0.0
0.0
0.0
0.0
0.0
0.0
0.002194617557642156
0.0
0.0
0.0011966387714713975
0.0
0.0
0.0
0.0
0.0
0.0
0.003846632669340183
0.0
0.0
0.0
0.0
0.0022759530956294374
0.00023932775429427944
0.0
0.0
0.0
0.0
0.0
0.00023932775429427944
0.0
0.0
0.0
0.0
0.001016646952197336
0.0
0.0
0.0
0.0
0.0
0.0
0.0
0.0
0.0
0.0
0.000618653270232519
0.0
0.0
0.00023932775429427944
0.0
0.0
0.0
0.0
0.0
0.0
0.0
0.0
0.0
0.0
0.0
0.0
0.002068714690341492
0.0
0.0018559598106975572
0.0
0.00023932775429427944
0.0
0.0
0.0
0.0004786555085885589
0.0
0.0
0.0
0.0
0.00023932775429427944
0.012278460926093608
0.0
0.0
0.0
0.000618653270232519
0.0
0.0010512034649412779
0.001137976547814719
0.0008579810245267985
0.0
0.00592838338648948
0.0
0.0
0.0
0.0
0.0
0.0
0.0
0.0
0.0
0.0
0.0
0.0
0.0016671055097465613
0.001590059181752933
0.0
0.0
0.0
0.0
0.0
0.0
0.0
0.0
0.0
0.0
0.0003793255159382396
0.0
0.0
0.0
0.0009573110171771178
0.0
0.0
0.0
0.000885617927644064
0.0
0.0
0.0
0.0
0.0
0.0
0.0
0.0
0.0
0.0
0.0
0.0
0.0013437558980060767
0.0
0.0
0.0
0.0008279380004230885
0.008019819198692145
0.0
0.0
0.000885617927644064
0.0
0.0
0.0
0.0
0.0
0.0
0.0
0.0
0.0
0.0
0.0
0.0
0.0
0.0
0.0
0.0
0.0
0.0
0.0
0.0
0.0013437558980060767
0.0
0.0
0.0
0.0
0.004989893930853794
0.0
0.0
0.0
0.0
0.0
0.00023932775429427944
0.007390657439033422
0.0
0.0
0.0
0.0
0.0005557018365821871
0.0
0.0
0.0004786555085885589
0.0
0.0004786555085885589
0.0
0.0
0.0
0.00023932775429427944
0.0
0.0
0.00478655508588559
0.0004786555085885589
0.0
0.0
0.019458056966402276
0.0024838140012692655
0.0
0.0
0.0
0.0
0.0
0.0
0.0
0.0
0.0
0.0
0.0
0.0
0.0
0.0
0.0
0.0
0.0
0.0
0.0
0.0
0.0
0.0
0.0
0.0
0.0
0.0
0.0
0.0
0.0
0.001067265754717368
0.002015633847009115
0.0
0.0
0.0
0.002275953095629438
0.0
0.0
0.0
0.0004786555085885589
0.0
0.0
0.0007179832628828383
0.0
0.0
0.0
0.0
0.0
0.05346316322750828
0.004742706709191583
0.0
0.0
0.0
0.0
0.0
0.0
0.01435966525765677
0.001082613924354163
0.00517178672585373
0.0
0.0
0.0
0.0
0.0
0.0
0.0
0.0
0.0
0.0
0.0
0.0
0.06198222873553287
0.0
0.0
0.0
0.12748908154251976
0.0
0.0
0.0
0.0
0.0
0.001995957572341517
0.00023932775429427944
0.01897415165373455
0.0
0.0
0.0
0.0
0.0
0.0
0.010865371647251954
0.0
0.0018559598106975572
0.0
0.0
0.0
0.00968547885903693
0.0
0.0022759530956294374
0.0
0.0
0.0
0.0
0.0
0.0
0.0
0.0
0.0
0.0
0.0
0.0
0.0
0.0
0.0
0.0
0.0
0.0
0.0
0.0
0.0
0.0
0.0
0.0
0.0
0.0
0.0
0.04407373766748795
0.0
0.0
0.0
0.0
0.0
0.0
0.0
0.0
0.0
0.0006718779490030383
0.0
0.0
0.0
0.0
0.0
0.0
0.0
0.0
0.0008579810245267985
0.0
0.0
0.0
0.0
0.0
0.0
0.0
0.0
0.0
0.0
0.0
0.0
0.0
0.0
0.0
0.0
0.0
0.0027785091829109353
0.0
0.0
0.0
0.0
0.0
0.0
0.0004786555085885589
0.0
0.0
0.0
0.0
0.0
0.0
0.0
0.0
0.0
0.011513033059372832
0.0
0.0
0.0
0.0014359665257656765
0.0033342110194931225
0.0003793255159382396
0.001237306540465038
0.0
0.0
0.0
0.0
0.001067265754717368
0.0
0.0
0.0
0.0
0.0
0.0014359665257656765
0.0
0.0
0.0
0.0
0.0
0.0
0.0
0.0
0.0
0.0
0.0
0.0
0.01435966525765677
0.007480218820163414
0.003644822813189271
0.0006718779490030383
0.0
0.0
0.0
0.0007179832628828383
0.0
0.004330455697416652
0.0
0.0
0.0
0.0
0.0
0.0
0.0
0.0
0.0
0.0
0.0
0.0
0.0
0.0
0.0
0.0
0.0
0.0
0.001237306540465038
0.0030346041275059166
0.1424000138050963
0.0
0.0
0.0
0.0
0.0
0.0006718779490030383
0.0
0.0
0.0030499408565920075
0.006378439923081224
0.0
0.0
0.0
0.0
0.0
0.0
0.0
0.0
0.0
0.0
0.0
0.0
0.0
0.0
0.0007950295908764665
0.0004786555085885589
0.0
0.0037948303307469107
0.0
0.0
0.0
0.0
0.0
0.0
0.0
0.015007007798558854
0.0
0.0
0.0
0.0
0.0
0.001655876000846177
0.0
0.0
0.0
0.0011379765478147187
0.0
0.0
0.0007950295908764665
0.0
0.0
0.0011114036731643742
0.0018700547050408535
0.001016646952197336
0.0
0.0
0.0
0.0
0.0
0.04502102339567656
0.026424965395622214
0.0
0.0
0.0
0.0
0.0
0.002134531509434736
0.0
0.0
0.008661145783255267
0.0008279380004230885
0.0007179832628828383
0.0
0.0
0.0
0.0
0.0
0.002493533550193505
0.0
0.0
0.0
0.0
0.0
0.0
0.0009350273525204268
0.002871933051531353
0.0
0.0
0.0
0.0
0.0
0.0
0.0
0.0
0.008409627719530223
0.0009573110171771178
0.0
0.0
0.005565207136135265
0.0
0.0007179832628828383
0.0
0.0
0.0
0.0
0.0
0.0
0.0
0.0
0.00023932775429427944
0.0
0.0
0.0009573110171771178
0.006137898927926128
0.0
0.0
0.0
0.016985715617151415
0.0
0.0
0.0
0.0
0.0
0.0
0.0
0.0
0.0
0.0
0.0
0.0
0.0
0.0
0.0
0.002165227848708326
0.0
0.0
0.0
0.0
0.0
0.0
0.0
0.002015633847009115
0.0
0.0
0.0
0.4753325344649699
0.0
0.0
0.005313707565864384
0.002656853782932192
0.0
0.0
0.0
0.0
0.0
0.0
0.0
0.05184239057683968
0.0
0.0
0.0
0.0
0.0
0.0
0.0
0.0
0.0
0.006623504003384708
0.0
0.0
0.0
0.0
0.0
0.0
0.06358510552993438
0.0
0.0
0.0
0.0
0.0
0.0
0.0010512034649412779
0.0
0.0
0.0
0.0
0.0012905312192355574
0.0
0.0
0.0005557018365821871
0.0
0.0
0.0
0.0
0.0
0.0
0.0
0.0
0.0
0.0
0.0
0.0
0.002435142113704076
0.0
0.0
0.0
0.0
0.0
0.0006718779490030383
0.0
0.0
0.0
0.0
0.0
0.0
0.0
0.0
0.0
0.0
0.0
0.0
0.015077648520539604
0.0
0.0
0.0
0.0003793255159382396
0.0
0.0
0.0
0.0
0.0
0.0051621248769422295
0.0
0.0
0.0
0.001237306540465038
0.0016671055097465613
0.0
0.0
0.007305426341112229
0.0
0.0
0.0
0.002275953095629438
0.0
0.0
0.0
0.0
0.0
0.0
0.0
0.0
0.0
0.0
0.0
0.0
0.0
0.0
0.0
0.0
0.0
0.0
0.0
0.0
0.0
0.0
0.0
0.0
0.0
0.0
0.0
0.0
0.0
0.001995957572341517
0.0
0.0
0.0
0.0
0.0
0.0
0.0
0.0
0.0
0.0
0.0012275797855852255
0.0
0.0
0.0
0.0
0.0
0.0
0.0
0.0
0.0
0.0
0.0
0.0
0.0
0.0
0.0
0.0
0.0011626496819681707
0.0
0.0
0.0
0.0
0.0
0.0
0.0
0.0
0.0
0.0
0.0
0.0
0.0
0.0
0.0
0.0
0.0
0.0
0.0
0.0016671055097465613
0.0
0.00528776671459377
0.000618653270232519
0.0018966275796911982
0.0
0.0
0.0
0.0
0.0
0.0
0.0
0.0
0.0
0.0
0.0
0.0
0.0
0.0
0.0
0.0
0.017559508556962495
0.0
0.0
0.0
0.0
0.0
0.0
0.0
0.0003793255159382396
0.0
0.0
0.0
0.0
0.0
0.0
0.0
0.0
0.0
0.0
0.0
0.0
0.0
0.0
0.0
0.0
0.0
0.0
0.0
0.002656853782932192
0.0
0.0
0.0
0.001097308778821078
0.0
0.002249891363876687
0.0
0.0
0.0
0.0
0.0
0.0
0.00939484085451765
0.0007586510318764792
0.0
0.001237306540465038
0.0
0.0
0.0
0.003975147954382332
0.0
0.00403126769401823
0.0
0.0
0.0
0.3627537763022139
0.0
0.0
0.0
0.0
0.0
0.02722074389023084
0.0
0.0
0.0
0.0
0.0
0.0
0.0
0.000618653270232519
0.0
0.0
0.0
0.0
0.0
0.0
0.0
0.002015633847009115
0.0
0.00023932775429427944
0.0
0.0
0.0005557018365821871
0.0
0.0
0.028508945188415964
0.0
0.0
0.0004786555085885589
0.010769748943242575
0.0
0.0
0.0
0.0
0.0
0.0007586510318764792
0.0
0.0
0.0
0.0004786555085885589
0.0
0.0
0.0
0.0
0.0
0.0
0.0
0.0
0.0
0.0
0.0
0.0
0.0
0.0
0.0
0.0
0.0
0.04704375445817937
0.0
0.0
0.0
0.0
0.0004786555085885589
0.0
0.0
0.0
0.0
0.0
0.0
0.001237306540465038
0.0
0.0
0.0
0.0
0.0
0.0
0.0
0.0
0.0
0.0
0.0
0.0005557018365821871
0.0
0.0
0.0
0.0024838140012692655
0.0
0.0
0.0
0.0
0.0
0.003359389745015192
0.0
0.0
0.0006718779490030383
0.00023932775429427944
0.08590812961526409
0.0
0.0
0.00023932775429427944
0.0
0.0
0.0
0.0
0.0
0.0
0.0003793255159382396
0.0
0.00023932775429427944
0.0
0.0
0.0
0.0007950295908764665
0.0
0.0
0.0
0.0005557018365821871
0.0
0.0
0.0
0.0
0.0
0.0
0.0
0.0
0.0003793255159382396
0.0
0.0
0.0
0.0
0.0
0.010750047184048614
0.0
0.0
0.0
0.000618653270232519
0.0
0.0
0.0
0.0
0.0
0.0
0.0
0.0
0.0011114036731643742
0.0
0.0
0.0
0.0
0.0
0.0
0.0013293672759000495
0.0
0.0
0.0
0.0
0.0
0.0
0.0
0.002015633847009115
0.0
0.00023932775429427944
0.0
0.002165227848708326
0.0
0.005256017324706389
0.007470860283021576
0.0015173020637529583
0.0
0.0
0.0
0.0
0.0
0.0
0.0
0.0
0.002871933051531353
0.0
0.001016646952197336
0.0
0.0
0.0009573110171771178
0.0037403003252902576
0.0
0.0
0.0
0.0
0.0
0.0
0.0
0.0
0.0
0.0
0.0
0.0
0.0
0.0
0.0
0.0
0.0
0.02539609412919179
0.0
0.0006718779490030383
0.0
0.0
0.0
0.0
0.0
0.0
0.0
0.0004786555085885589
0.0
0.0
0.0
0.0
0.0
0.0
0.001082613924354163
0.0
0.0
0.008522997397964267
0.00517178672585373
0.005375023592024307
0.0
0.0
0.0
0.0011249456819383435
0.0
0.0
0.0007586510318764792
0.04958295487592394
0.0
0.0
0.0011114036731643742
0.0
0.0
0.0
0.0
0.0
0.0
0.0
0.0
0.0
0.0
0.0
0.0
0.002153949788648515
0.0
0.0006718779490030383
0.0
0.0003793255159382396
0.0
0.0003793255159382396
0.005795566002961619
0.0035230653204441184
0.0
0.002275953095629438
0.019124076592951837
0.0
0.0007179832628828383
0.0
0.0
0.0
0.0009979787861707585
0.0
0.0
0.0
0.0
0.00023932775429427944
0.0
0.0
0.0
0.0
0.0036827393567556766
0.002934729907673276
0.0
0.03304854196621106
0.0014359665257656765
0.0022759530956294374
0.0
0.0
0.0
0.0
0.0
0.0003793255159382396
0.0
0.00023932775429427944
0.0
0.0007586510318764792
0.0
0.0025298868871646073
0.02201815339507371
0.0
0.0
0.0006718779490030383
0.00478655508588559
0.0
0.0
0.0
0.0
0.0
0.0
0.0
0.0023487102136294123
0.0
0.0
0.0
0.0
0.0
0.0009573110171771178
0.0
0.0
0.0
0.0
0.0
0.0011379765478147187
0.0
0.0
0.0
0.0
0.0
0.0
0.006532967545058238
0.0
0.0
0.0
0.0
0.0
0.0
0.0
0.015055504769949088
0.0
0.0
0.0
0.0
0.0
0.0
0.0
0.0036527131705561145
0.0
0.013773043021089983
0.003557030031893688
0.0
0.0
0.0
0.005413069621770815
0.0
0.0
0.0
0.0008279380004230885
0.0
0.0
0.0
0.0
0.0003793255159382396
0.0
0.0
0.0007586510318764792
0.0
0.0
0.0
0.0
0.0
0.0
0.0011856766772978958
0.019005963458943974
0.0
0.0
0.0
0.0
0.0
0.0
0.0
0.0
0.0
0.00023932775429427944
0.0
0.0
0.0
0.0
0.00023932775429427944
0.0
0.0
0.0
0.0
0.0
0.0
0.0
0.0050597737743292145
0.0
0.0
0.0
0.0
0.0015173020637529583
0.0
0.0
0.0
0.0
0.0
0.0
0.0028050820575612804
0.0
0.0009112057032973177
0.005025882840179868
0.006461849365945544
0.0
0.0
0.0009573110171771178
0.06646836379500248
0.0
0.02891576310609066
0.0
0.0
0.0
0.0
0.0
0.0
0.0
0.0
0.0
0.0
0.0
0.0
0.0
0.0
0.0
0.0
0.0023252993639363414
0.0009350273525204268
0.0009112057032973177
0.0
0.0
0.0
0.0
0.0003793255159382396
0.0012467667750967525
0.0
0.0
0.0030932663511625954
0.0019146220343542355
0.0
0.0
0.0
0.0
0.0
0.0
0.0
0.002871933051531353
0.002733617109891953
0.0
0.0
0.0025739430735803957
0.0
0.0
0.0
0.0
0.0
0.0
0.0
0.006583852672926467
0.0
0.0
0.0
0.0
0.0
0.0
0.0037403003252902576
0.0
0.0
0.0027785091829109353
0.0
0.0
0.0003793255159382396
0.022843850266103305
0.0
0.0
0.003821055298395077
0.0
0.0
0.0
0.0
0.0027151376369919963
0.0
0.0006718779490030383
0.0
0.0
0.0007179832628828383
0.0
0.0
0.0
0.0
0.005743866103062706
0.0
0.0
0.0
0.0
0.0008279380004230885
0.0
0.0
0.002153949788648515
0.0
0.0
0.0
0.0
0.0
0.0
0.0
0.0
0.0
0.0
0.0
0.0018224114065946355
0.0
0.0
0.0007179832628828383
0.0
0.0
0.0
0.0
0.0
0.0
0.0
0.0
0.0
0.0
0.0
0.0
0.0
0.0
0.0
0.0
0.0
0.006452656096177787
0.0
0.0
0.0
0.0
0.0028050820575612804
0.0
0.0
0.0
0.0
0.0
0.0
0.0
0.013773043021089983
0.0
0.004139690002115443
0.0
0.0
0.0003793255159382396
0.01051482294766933
0.0
0.0
0.0
0.0
0.0
0.0
0.0
0.0
0.0
0.0
0.000885617927644064
0.000618653270232519
0.0
0.0
0.0
0.0
0.002153949788648515
0.0
0.016444264766569947
0.0
0.0
0.0
0.0
0.0
0.0
0.0
0.0009350273525204268
0.0
0.0
0.0
0.0
0.0003793255159382396
0.0
0.0
0.03320735608812662
0.002871933051531353
0.0
0.0
0.0011379765478147187
0.001217571056852038
0.0
0.0019146220343542355
0.0
0.0
0.0
0.0
0.0
0.0
0.0
0.0
0.0050597737743292145
0.0
0.0
0.0
0.007390657439033422
0.0
0.0
0.0
0.0
0.0
0.0
0.0
0.0
0.0
0.0
0.0
0.0
0.0
0.0
0.0
0.0
0.00023932775429427944
0.0039658250359453275
0.0
0.0
0.0
0.0
0.0
0.0004786555085885589
0.0
0.0
0.0
0.0
0.0
0.0
0.0
0.0
0.0
0.0
0.0
0.0
0.0
0.0
0.0
0.0
0.044109005592806796
0.0
0.015007007798558854
0.0
0.0
0.0
0.0
0.0
0.009741797204084704
0.000618653270232519
0.0
0.006668422038986245
0.0
0.005375023592024307
0.0
0.010285300877724694
0.0
0.0
0.0003793255159382396
0.0
0.0
0.0
0.008745325499641132
0.0
0.0
0.0
0.0
0.0011114036731643742
0.001237306540465038
0.0
0.0011114036731643742
0.0
0.0
0.00023932775429427944
0.0
0.0
0.0
0.0
0.07644236665372323
0.0
0.016327671184391
0.0
0.0
0.0
0.003846632669340183
0.0
0.03393922046239995
0.0
0.0
0.0
0.0
0.014624293865198463
0.0
0.00023932775429427944
0.0
0.0
0.0
0.0
0.0
0.0
0.016776905850062244
0.006233833875483763
0.0
0.0
0.0
0.0
0.0
0.0
0.0
0.0004786555085885589
0.0
0.0
0.0
0.0
0.0
0.0
0.0
0.0
0.0006718779490030383
0.0
0.0
0.0
0.0
0.0
0.0
0.0
0.036415249530071005
0.0
0.0
0.0
0.0
0.0
0.0
0.0
0.0
0.0
0.0034139296434441565
0.0
0.0
0.0
0.0
0.0
0.0
0.0009112057032973177
0.0
0.005375023592024307
0.000885617927644064
0.0008279380004230885
0.018140704623082038
0.0
0.0
0.0035230653204441184
0.0
0.0
0.0
0.0
0.0
0.0
0.0
0.05281472605166332
0.0
0.0
0.006854251695834395
0.0
0.0
0.001237306540465038
0.0
0.0
0.0
0.0
0.0
0.0
0.0037119196213951143
0.0
0.0
0.0
0.0
0.0
0.0013437558980060767
0.0
0.0
0.0
0.0
0.0
0.0
0.0
0.0
0.0
0.0
0.0003793255159382396
0.0
0.04249636051417325
0.0
0.0
0.0023713533545957916
0.0
0.0
0.0024145270327226563
0.0
0.0
0.0
0.0
0.0008579810245267985
0.0
0.0
0.0
0.025793807551423964
0.0
0.0
0.00023932775429427944
0.0
0.0
0.06393361574675034
0.0
0.0
0.0
0.0
0.04820565057381494
0.0
0.0003793255159382396
0.0
0.0
0.0
0.0
0.0
0.0
0.0
0.0
0.0
0.0
0.0
0.0
0.0
0.0
0.0
0.0
0.0
0.0
0.0
0.0
0.017468826674078997
0.0
0.0
0.0
0.0
0.0
0.0
0.0
0.0
0.0
0.0
0.0
0.0
0.0
0.0
0.0
0.0
0.0
0.0
0.0
0.0
0.0
0.0
0.0
0.0
0.0
0.0007950295908764665
0.0
0.002393277542942795
0.0
0.0
0.0
0.0
0.0
0.0
0.0
0.0
0.0
0.0
0.0
0.002015633847009115
0.0
0.003740109410081707
0.0
0.0
0.0
0.0
0.0
0.0
0.0
0.0
0.0
0.0004786555085885589
0.0
0.0
0.0
0.0
0.0
0.0
0.0
0.00023932775429427944
0.0
0.0
0.0
0.0
0.0
0.0
0.0
0.0
0.0
0.006493278789745262
0.0
0.0
0.0
0.0005557018365821871
0.0
0.0
0.0
0.0
0.004269063018869472
0.0007950295908764665
0.0
0.0
0.0
0.0
0.0
0.0
0.0
0.0
0.0
0.0
0.0
0.0
0.0
0.0
0.0
0.0
0.0
0.0
0.0
0.0
0.0
0.0018966275796911982
0.0
0.0
0.0
0.010865371647251954
0.0
0.0023010669151831945
0.0
0.0
0.0
0.0
0.0
0.0
0.00023932775429427944
0.0
0.0
0.0
0.0
0.0
0.0
0.0
0.00430789957729703
0.0
0.0
0.0833916727131526
0.0
0.004870284227408152
0.0
0.0
0.0
0.0
0.0
0.0
0.0
0.0
0.0
0.000618653270232519
0.0
0.0
0.0
0.0
0.0
0.0
0.0
0.0
0.0
0.0
0.009301197455745366
0.000885617927644064
0.0
0.0
0.0
0.0
0.0
0.0
0.0
0.0
0.0
0.0
0.0
0.0
0.0
0.0
0.0
0.0
0.0
0.0
0.0
0.0
0.0
0.00023932775429427944
0.0
0.0
0.0
0.0008279380004230885
0.0004786555085885589
0.0
0.0
0.0
0.0
0.0
0.0
0.0
0.0
0.0
0.0
0.0
0.0
0.0
0.0
0.005871775534073531
0.0
0.0
0.0
0.0
0.0
0.004009909599346073
0.0
0.0
0.0
0.0004786555085885589
0.004139690002115443
0.0
0.0
0.0
0.0
0.001034357345170746
0.0
0.0
0.0
0.0
0.0
0.0
0.0
0.0
0.0
0.0
0.0
0.0
0.0
0.0
0.0
0.0
0.0
0.0
0.0
0.0
0.008538126037738944
0.0
0.0
0.0
0.0
0.0
0.0098757790093897
0.0
0.0
0.002613187018023295
0.0
0.0
0.0004786555085885589
0.004949226161860152
0.003644822813189271
0.008200851329675858
0.0004786555085885589
0.00023932775429427944
0.0
0.0
0.0009979787861707585
0.0
0.0004786555085885589
0.0023932775429427945
0.0
0.0
0.0
0.0
0.0
0.0042899051226339925
0.0
0.0
0.0
0.004675136762602133
0.000618653270232519
0.0
0.0
0.0
0.0
0.0
0.0
0.0
0.0
0.0
0.0
0.0018224114065946355
0.0
0.002493533550193505
0.0
0.0009573110171771178
0.0
0.0
0.0
0.0
0.0
0.0
0.0
0.0
0.0
0.0
0.0
0.0
0.0
0.0
0.0
0.0
0.0
0.0
0.0
0.0
0.0
0.0
0.0
0.0
0.0
0.0
0.0
0.0
0.0
0.0
0.0027785091829109353
0.0
0.0
0.0
0.0
0.0
0.0
0.0
0.0
0.0
0.0
0.0
0.0
0.0
0.0
0.0
0.000885617927644064
0.04774957026814181
0.0
0.0037119196213951143
0.0
0.0015173020637529583
0.0
0.0
0.0
0.0
0.0
0.0
0.00023932775429427944
0.0
0.0
0.0
0.0
0.0
0.0
0.0006718779490030383
0.0
0.0
0.0
0.0
0.0
0.0
0.0011379765478147187
0.0
0.0
0.0
0.0
0.0
0.0
0.0
0.0
0.0
0.0
0.0
0.0
0.0
0.0
0.010517105593952825
0.01743974522952256
0.0
0.0
0.0
0.0
0.0
0.0
0.0
0.0
0.0
0.0
0.0
0.0010512034649412779
0.0
0.0
0.0
0.0
0.0
0.0
0.0
0.0
0.0
0.0
0.0
0.0
0.0
0.001082613924354163
0.0
0.0
0.0
0.0
0.0
0.0
0.0
0.0
0.0
0.0
0.0
0.0
0.0
0.0
0.0
0.0
0.0
0.0
0.0
0.0
0.0007179832628828383
0.0
0.0
0.0
0.0
0.0
0.0
0.0
0.0009573110171771178
0.0003793255159382396
0.0
0.0
0.0023850887726293993
0.0
0.0
0.0
0.0
0.0012649434435823036
0.0
0.001590059181752933
0.0
0.0
0.0
0.0
0.0
0.0
0.0
0.0
0.0
0.0004786555085885589
0.0
0.0015173020637529583
0.0
0.0
0.0
0.0
0.0
0.0
0.0
0.0
0.0
0.0
0.0
0.0
0.0
0.0
0.0
0.0
0.0
0.0
0.0
0.0
0.0
0.0
0.0
0.0
0.0
0.0
0.0
0.0
0.0
0.0
0.0
0.0
0.0
0.0
0.0015173020637529583
0.009595952374168153
0.007179832628828384
0.0
0.00023932775429427944
0.0
0.0
0.0
0.0
0.0
0.0009782433025577585
0.0
0.0
0.09294298173632641
0.0
0.0
0.0003793255159382396
0.0
0.0
0.0004786555085885589
0.0
0.0
0.0
0.0
0.0
0.0
0.0
0.0
0.005743866103062706
0.0
0.0
0.0
0.0
0.0012559747064916154
0.0
0.0
0.0
0.0
0.0
0.0
0.0
0.0
0.001956486605115517
0.0
0.0
0.0
0.0
0.0
0.0
0.0
0.0
0.0
0.0
0.0016671055097465613
0.0
0.0
0.0
0.0
0.0
0.0
0.0
0.0
0.0
0.0
0.0
0.0
0.0
0.0
0.0
0.0
0.0
0.0018559598106975572
0.0
0.0
0.0
0.07097921705795565
0.0
0.0
0.0
0.0
0.001956486605115517
0.0
0.0
0.0
0.0036217905490839846
0.0
0.0
0.0
0.0
0.0
0.0
0.009149822569776023
0.0
0.00674967409163006
0.0
0.0
0.0
0.0
0.001282210889780061
0.0
0.0
0.0
0.0
0.0
0.0
0.0009782433025577585
0.0
0.001995957572341517
0.0007950295908764665
0.0
0.0
0.0
0.0
0.0
0.0
0.0
0.0007179832628828383
0.0
0.0
0.0
0.0
0.0
0.0
0.001034357345170746
0.00023932775429427944
0.0
0.0
0.0
0.0
0.0
0.0
0.0
0.0
0.0
0.0
0.0
0.0
0.0
0.0
0.0
0.0
0.0
0.0
0.0
0.0
0.0
0.0
0.0
0.0
0.0
0.0
0.0
0.0008579810245267985
0.0
0.0
0.0
0.0
0.0
0.0
0.0
0.0
0.002033293904394672
0.0
0.0
0.0
0.0
0.0
0.0
0.0
0.0
0.0
0.0
0.0
0.0
0.0
0.0
0.0
0.0
0.0
0.0
0.0
0.0
0.0
0.0
0.0
0.0014359665257656765
0.0022759530956294374
0.0
0.0
0.003180118363505866
0.003201797264152104
0.0
0.0
0.0
0.0
0.0
0.0
0.0
0.0
0.0
0.001237306540465038
0.0
0.0
0.0
0.0
0.0
0.0
0.0
0.0
0.0
0.0
0.0
0.0
0.0012275797855852255
0.0
0.0
0.00023932775429427944
0.0
0.0
0.0
0.0
0.0
0.0
0.0
0.005256017324706389
0.0004786555085885589
0.00023932775429427944
0.0
0.0
0.0
0.0
0.0
0.0
0.0
0.0
0.00023932775429427944
0.0
0.0
0.0
0.0
0.0
0.0
0.0
0.0024145270327226563
0.0
0.0
0.0
0.0
0.0012275797855852255
0.0
0.0003793255159382396
0.0
0.0
0.0
0.006545191467642987
0.0014359665257656765
0.0
0.001237306540465038
0.00023932775429427944
0.0
0.0
0.0
0.0
0.0
0.0
0.0
0.0
0.0
0.007358424254588946
0.0
0.0
0.0
0.0
0.0
0.0
0.0
0.0
0.0
0.0
0.0
0.0
0.0
0.0
0.0
0.0
0.0
0.0
0.0
0.0
0.0
0.0
0.0
0.0
0.0
0.0
0.018961596937244415
0.0
0.0
0.0
0.0004786555085885589
0.0
0.0
0.0
0.0
0.0
0.0
0.0
0.0
0.0
0.0
0.0
0.0
0.0
0.0
0.0
0.0
0.0019146220343542355
0.0
0.0
0.0
0.0
0.0
0.0
0.0
0.0
0.0
0.0
0.0
0.0
0.0
0.0022228073463287485
0.0
0.0
0.0
0.0
0.0005557018365821871
0.0
0.0
0.0
0.0
0.0
0.0
0.0
0.0
0.0
0.0
0.0
0.0
0.0
0.0
0.0
0.0
0.0
0.00023932775429427944
0.0
0.0
0.0
0.0011856766772978958
0.0
0.0
0.0
0.0
0.0028050820575612804
0.0
0.0011379765478147187
0.0
0.0
0.0
0.005813248409840853
0.0
0.03207927679476858
0.0
0.0
0.0
0.0
0.0
0.0
0.0
0.0
0.0
0.0
0.0
0.0
0.0
0.0
0.0
0.0
0.0
0.0
0.0
0.0
0.0
0.0
0.0
0.0
0.0
0.0
0.0
0.0
0.0
0.00023932775429427944
0.001237306540465038
0.0
0.0
0.0
0.0
0.0
0.0
0.0
0.0
0.0
0.002934729907673276
0.0
0.0
0.0
0.0
0.0
0.0
0.0
0.0
0.0
0.0
0.0
0.0
0.0
0.0011249456819383435
0.0
0.0
0.007965835834703032
0.0
0.013042443450276855
0.0
0.0
0.0
0.0
0.0
0.0382712217713176
0.005743866103062706
0.0
0.0
0.2877012708603765
0.0
0.0
0.0
0.0
0.0
0.0016671055097465613
0.0
0.0007586510318764792
0.0
0.0
0.0
0.002673273066230715
0.0
0.0
0.0
0.0
0.0
0.10846870943341747
0.0
0.0
0.0004786555085885589
0.00023932775429427944
0.0
0.0
0.0
0.0025473701989300514
0.0
0.0018224114065946355
0.0007950295908764665
0.0
0.0
0.004949226161860152
0.0
0.0
0.0
0.0
0.0
0.0003793255159382396
0.0
0.0
0.0
0.002511949412983231
0.0
0.0
0.012756879846162448
0.04121038555290153
0.008660911394833304
0.0
0.0
0.0
0.0
0.0
0.0
0.0
0.0004786555085885589
0.0
0.0
0.0004786555085885589
0.0
0.0
0.0
0.0
0.0
0.0
0.0
0.0
0.0
0.0
0.0
0.0
0.0
0.0
0.0
0.0
0.0
0.0
0.0
0.0
0.0
0.0004786555085885589
0.0
0.0
0.0
0.0
0.0
0.0
0.0
0.004066587808789344
0.0
0.0
0.0011505334575915972
0.0
0.0
0.0
0.0
0.0
0.001137976547814719
0.0
0.0
0.0
0.005257411473834665
0.03712320750396533
0.0
0.0005557018365821871
0.0
0.0
0.0006718779490030383
0.0
0.0
0.0
0.0037403003252902576
0.0
0.0
0.0
0.0
0.0
0.0
0.0
0.001590059181752933
0.0007179832628828383
0.0
0.0
0.0
0.0005557018365821871
0.0035230653204441184
0.0
0.0003793255159382396
0.0
0.001995957572341517
0.0
0.0
0.0
0.0005557018365821871
0.0
0.0
0.0
0.0
0.0
0.0
0.0
0.0
0.0
0.0
0.0007950295908764665
0.0
0.0
0.0
0.0
0.0021024069298825557
0.0
0.0
0.0
0.0009350273525204268
0.0
0.0
0.0
0.0
0.0005557018365821871
0.0
0.0
0.0
0.0
0.0
0.0
0.0
0.0
0.0
0.0
0.0
0.0
0.0
0.0
0.0
0.0003793255159382396
0.000618653270232519
0.0
0.0
0.0
0.0
0.0
0.0
0.0
0.09823842842737457
0.0
0.0
0.0
0.0
0.0
0.0
0.0
0.0
0.0
0.0
0.0009573110171771178
0.0
0.0
0.0
0.0
0.0
0.0
0.0
0.0
0.0
0.0011379765478147187
0.001097308778821078
0.016327671184391
0.0005557018365821871
0.0
0.009301197455745366
0.0004786555085885589
0.0
0.0
0.0
0.0
0.0
0.0
0.0
0.0
0.0
0.0
0.0
0.0015173020637529583
0.0
0.002871933051531353
0.0
0.0
0.0
0.0
0.0
0.0
0.0007179832628828383
0.0007586510318764792
0.0
0.0
0.0009979787861707585
0.0
0.0
0.0
0.0
0.0
0.0
0.0
0.0011249456819383435
0.0
0.0
0.0
0.0
0.0
0.0
0.0
0.0013366365331153574
0.0
0.0037948303307469107
0.0018966275796911982
0.0
0.0
0.0
0.0
0.0
0.002015633847009115
0.001237306540465038
0.0009979787861707585
0.0
0.0
0.0
0.0
0.0
0.0
0.0
0.0
0.0
0.0
0.0
0.0
0.0
0.0
0.0
0.0
0.0
0.0
0.0
0.0
0.0004786555085885589
0.0
0.0
0.0
0.0
0.0
0.0
0.0
0.0
0.0
0.0
0.0
0.0
0.0
0.0011966387714713975
0.0
0.0
0.001771235855288128
0.0
0.0
0.0
0.0
0.0
0.0
0.0
0.0
0.0
0.0
0.0
0.0
0.08855294956833765
0.0
0.0
0.0
0.0
0.0
0.0
0.0
0.0
0.0
0.0
0.003975147954382332
0.0
0.0
0.0
0.0
0.0
0.0
0.0
0.0
0.01057553342918754
0.004703145643021269
0.0
0.0
0.0
0.0
0.00508323476098668
0.0007179832628828383
0.00023932775429427944
0.0022759530956294374
0.0
0.002068714690341492
0.0
0.0
0.0
0.0
0.0016671055097465613
0.0
0.0
0.0
0.0
0.0
0.0
0.0
0.0
0.0
0.0
0.0
0.0
0.0
0.0
0.004786555085885589
0.002068714690341492
0.0004786555085885589
0.0051946230317962095
0.0
0.0
0.0
0.0
0.006206144071024476
0.0
0.0
0.0
0.0
0.0
0.0011114036731643742
0.0
0.0
0.0
0.0
0.0
0.0
0.0
0.0
0.0
0.0
0.0
0.0014359665257656765
0.0011966387714713973
0.0
0.0
0.0
0.0
0.0
0.0
0.0
0.0
0.0
0.0
0.0
0.0
0.0
0.0
0.0
0.0
0.0
0.0
0.0
0.0
0.0
0.0
0.0
0.001237306540465038
0.0
0.0
0.0
0.0
0.0
0.0
0.0
0.0
0.0
0.0
0.0
0.0
0.0
0.0
0.0
0.0
0.00478655508588559
0.00478655508588559
0.0
0.0
0.0
0.0
0.0
0.012452758533047482
0.0
0.0015173020637529583
0.0
0.0
0.0
0.0
0.0
0.0
0.0007179832628828383
0.0
0.0
0.0
0.0
0.0
0.0
0.0
0.0
0.0
0.0
0.0
0.0
0.0
0.0
0.0
0.0
0.002934729907673276
0.0
0.0
0.0
0.0
0.0
0.0
0.0013143528684586663
0.0007179832628828383
0.0
0.0
0.0
0.0008579810245267985
0.0
0.0
0.0
0.0
0.0
0.0
0.0
0.0
0.0
0.0
0.0
0.0
0.0012072635163613281
0.0
0.0
0.0
0.0
0.0
0.0
0.0
0.0
0.0
0.0
0.0
0.0
0.0012736850994650257
0.0
0.0
0.0006718779490030383
0.0
0.0
0.0
0.0
0.0
0.0003793255159382396
0.010285300877724694
0.0
0.0
0.0003793255159382396
0.0
0.0011379765478147187
0.0004786555085885589
0.0
0.0
0.0
0.0
0.0
0.0011114036731643742
0.0
0.0
0.001097308778821078
0.0
0.0
0.0
0.0
0.0
0.0
0.0
0.0
0.0
0.0
0.0
0.0
0.0
0.0
0.0009573110171771178
0.0007586510318764792
0.0054865438941053895
0.0
0.0009573110171771178
0.0
0.0
0.0
0.0
0.0
0.0
0.0
0.0
0.0
0.0
0.0
0.0
0.0
0.0
0.0
0.0
0.0
0.0
0.0
0.0
0.0
0.0
0.0
0.0
0.0013437558980060767
0.0
0.0
0.0
0.0
0.0016671055097465613
0.0
0.0
0.0
0.0
0.004137429380682984
0.0
0.0
0.0
0.0
0.0
0.0
0.00023932775429427944
0.0
0.0
0.0
0.0
0.0
0.0
0.0
0.0
0.0
0.0
0.0
0.0
0.0
0.0
0.0
0.0
0.0
0.0
0.0
0.0
0.0
0.0
0.0
0.0
0.0
0.0
0.0
0.0
0.0
0.0
0.0
0.0
0.0
0.0011505334575915972
0.0
0.003943058605375999
0.0
0.0
0.0
0.16038948968252484
0.0005557018365821871
0.0
0.0
0.0
0.0
0.008145412910975989
0.0009782433025577585
0.0
0.001097308778821078
0.0
0.0
0.0011114036731643742
0.0
0.00674967409163006
0.0009350273525204268
0.0
0.008745325499641132
0.0
0.0
0.0
0.0
0.0
0.0
0.0
0.0
0.0
0.0
0.0
0.0
0.000618653270232519
0.01051482294766933
0.0
0.0
0.0
0.0
0.0
0.0
0.0
0.0
0.0
0.0
0.0
0.0
0.0
0.0
0.0007179832628828383
0.0014359665257656765
0.0
0.0
0.0
0.0
0.0
0.0055570183658218706
0.02027804933962999
0.000618653270232519
0.0
0.0
0.0
0.0
0.002165227848708326
0.0
0.0
0.0
0.0
0.0
0.0
0.000618653270232519
0.0
0.007470860283021576
0.0
0.0
0.0033342110194931225
0.0
0.0
0.0
0.0
0.0011379765478147187
0.0025739430735803957
0.0012736850994650257
0.0
0.0
0.0007586510318764792
0.0
0.0
0.0
0.0
0.0007179832628828383
0.0
0.023192648415954593
0.00534654613246143
0.0
0.0
0.0
0.3293971072169528
0.0
0.0
0.011069118696042206
0.0
0.030300694646397966
0.0
0.0
0.01051482294766933
0.038968921042176224
0.00023932775429427944
0.0
0.016208777129503842
0.17409799307419363
0.0
0.04253975282880158
0.07018254091308744
0.0
0.0
0.0
0.0
0.0005557018365821871
0.08061195028938085
0.0
0.015079353730835668
0.0008279380004230885
0.004967628002538531
0.0012467667750967525
0.0
0.002871933051531353
0.0
0.0
0.0
0.0
0.00997413420077402
0.0
0.0
0.0
0.0
0.0
0.006683182665576787
0.0006718779490030383
0.0
0.0
0.0
0.0
0.0
0.0
0.0
0.0
0.0
0.0
0.0004786555085885589
0.03320735608812662
0.0
0.0
0.0
0.0
0.0
0.0
0.002733617109891953
0.0
0.0
0.011829175816127996
0.004072706455487994
0.0
0.0
0.0
0.005313707565864384
0.0
0.0
0.0
0.0
0.0
0.0
0.0007179832628828383
0.0
0.0009573110171771178
0.0
0.001217571056852038
0.001067265754717368
0.0
0.001082613924354163
0.0
0.0
0.0
0.0
0.0
0.00023932775429427944
0.0
0.0
0.0
0.006583852672926467
0.0
0.002068714690341492
0.0019146220343542355
0.0004786555085885589
0.000885617927644064
0.0
0.0
0.0
0.0
0.0
0.0
0.0
0.0
0.0
0.0
0.0
0.0
0.007451442003807797
0.0
0.0
0.007931650071890655
0.0
0.0
0.0
0.0016671055097465613
0.0009573110171771178
0.0
0.0
0.0
0.0
0.0
0.0
0.0
0.0
0.001237306540465038
0.0
0.0
0.0
0.0
0.0
0.0
0.0
0.0
0.0
0.0
0.0
0.0
0.0
0.0
0.0
0.0
0.00023932775429427944
0.0
0.0
0.0
0.0
0.0
0.0
0.000618653270232519
0.0
0.0
0.0
0.0007586510318764792
0.007240501416195222
0.0
0.0
0.0
0.0
0.0
0.0
0.0
0.0
0.0
0.0
0.0004786555085885589
0.0
0.0
0.0
0.0
0.0
0.0
0.0
0.0
0.001082613924354163
0.0
0.16484154221160613
0.0
0.0
0.0
0.0034139296434441565
0.0
0.0
0.0
0.0
0.0
0.0
0.0
0.0
0.0
0.0
0.0
0.0
0.0
0.001956486605115517
0.0
0.0
0.0
0.0
0.0
0.0
0.0
0.0
0.0
0.0
0.0035230653204441184
0.0
0.013836398370052757
0.0
0.0
0.0
0.0004786555085885589
0.0
0.0
0.0
0.0
0.0009573110171771178
0.0
0.0
0.00430789957729703
0.0
0.0
0.0
0.0
0.0
0.0
0.0
0.0
0.0
0.00806253538803646
0.0
0.0
0.0
0.00508323476098668
0.0
0.0
0.0
0.0
0.0
0.0
0.0
0.0
0.0
0.0
0.0
0.0015173020637529583
0.0
0.000618653270232519
0.0
0.0
0.0
0.0
0.0009573110171771178
0.0
0.0
0.0
0.0
0.0
0.0
0.0
0.0
0.0
0.0
0.0
0.0
0.0
0.0005557018365821871
0.00678784409247999
0.0
0.0
0.0
0.0
0.0
0.0
0.0
0.0
0.0
0.0
0.0
0.0
0.0
0.0
0.0
0.0
0.0
0.0
0.0
0.0
0.0
0.0
0.0
0.0
0.0
0.0
0.0
0.0
0.0
0.0
0.0
0.0
0.0
0.0
0.0
0.0009573110171771178
0.0
0.0
0.0
0.0
0.0
0.0
0.0
0.0
0.0
0.0
0.0
0.0
0.0
0.0
0.0
0.0
0.0
0.0
0.00674967409163006
0.003557030031893688
0.0
0.0
0.0
0.002656853782932192
0.0
0.0
0.0
0.0
0.0
0.0
0.0
0.0
0.0
0.0
0.0
0.0
0.0
0.0
0.0
0.0
0.0
0.0
0.0
0.0007586510318764792
0.0
0.0
0.0
0.015486374630826688
0.0
0.0
0.0
0.0
0.0
0.0
0.0
0.0
0.0
0.0
0.06452656096177786
0.0
0.0
0.002134531509434736
0.0
0.0
0.0
0.0014359665257656765
0.0
0.004703145643021269
0.0
0.0
0.0
0.0
0.0
0.0
0.0032478417730624886
0.0
0.0
0.0008279380004230885
0.0
0.0
0.0
0.0
0.0
0.0
0.0
0.0
0.0
0.0
0.0
0.0
0.0
0.0037119196213951143
0.0
0.0
0.0
0.0
0.0
0.0
0.0
0.0
0.0
0.0
0.0
0.0004786555085885589
0.0
0.0
0.0
0.0
0.0
0.0
0.0
0.0
0.0051621248769422295
0.0
0.0
0.0
0.0
0.0
0.0
0.11869178895223821
0.0
0.0
0.008891229385314994
0.0018559598106975572
0.0004786555085885589
0.0
0.0
0.0
0.0
0.0
0.001034357345170746
0.0004786555085885589
0.0
0.0
0.0012736850994650257
0.0
0.03305530325061596
0.010295772294321583
0.0
0.0011505334575915972
0.0
0.0
0.0
0.0
0.0
0.0
0.0
0.0
0.0
0.0
0.0
0.0
0.0
0.0
0.0
0.0
0.0015173020637529583
0.0
0.0
0.0
0.0
0.0
0.0
0.0
0.0011114036731643742
0.0013437558980060767
0.0
0.0
0.0
0.0
0.0
0.0
0.0
0.02525797824210094
0.0
0.001237306540465038
0.0
0.0
0.0
0.0
0.0
0.0
0.0
0.0
0.0
0.0
0.0
0.0
0.0
0.007965835834703032
0.0
0.0
0.0
0.0
0.0
0.0
0.031863343338812126
0.004066587808789344
0.01445788155304533
0.0
0.0
0.0
0.0
0.0
0.08910527204584713
0.0
0.00023932775429427944
0.044574137106135565
0.0
0.016557906293045332
0.0
0.0
0.009149822569776023
0.017950952456920855
0.0036827393567556766
0.0
0.0
0.0
0.04030597514469043
0.0
0.0003793255159382396
0.005871775534073531
0.0
0.0
0.0
0.020239095097316858
0.0
0.0
0.0
0.0
0.0
0.0
0.0005557018365821871
0.0
0.0
0.0
0.0
0.0361363915090328
0.0
0.0
0.0
0.0
0.0
0.012649434435823037
0.0
0.0
0.0
0.0
0.0011114036731643742
0.0
0.0
0.0
0.0
0.0
0.000618653270232519
0.10562945210332664
0.0
0.0
0.0
0.0009979787861707585
0.002068714690341492
0.0
0.0
0.0
0.0
0.0
0.007693265338680366
0.010124511137445091
0.0004786555085885589
0.0
0.0
0.0
0.0
0.01045274807209318
0.004009909599346073
0.0007586510318764792
0.0
0.0
0.006452656096177787
0.019005963458943974
0.00023932775429427944
0.0
0.0
0.0004786555085885589
0.010002633058479368
0.0
0.002194617557642156
0.0
0.0
0.04387806145400895
0.005313707565864384
0.0
0.0
0.0
0.0004786555085885589
0.0
0.0
0.0
0.002934729907673276
0.0
0.0
0.0
0.0
0.0
0.0
0.0
0.0
0.0
0.0
0.0037932551593823963
0.025793807551423964
0.0
0.0
0.0
0.0
0.0
0.0
0.04269917199228811
0.006847703117904311
0.0011505334575915972
0.004602133830366389
0.24905517066094962
0.001217571056852038
0.0
0.0
0.01493325700345598
0.0
0.0003793255159382396
0.0004786555085885589
0.0
0.0
0.0022228073463287485
0.0
0.0
0.0
0.0
