0.006155803420850833
0.0
0.0
0.0
0.0
0.0
0.0
0.0
0.0
0.0
0.0
0.0
0.0
0.0
0.0
0.0
0.0
0.0
0.0
0.0
0.005526136861540524
0.0
0.0
0.0
0.0
0.0
0.0
0.0
0.0
0.0016635329554681106
0.0
0.0
0.0
0.0
0.0
0.0
0.0
0.0
0.0
0.0
0.0
0.0
0.0
0.0
0.0
0.0
0.0
0.0
0.0
0.0
0.0
0.0
0.0
0.0
0.0
0.0
0.0
0.0
0.0
0.006155803420850833
0.0
0.0
0.0
0.0
0.0
0.0
0.0
0.0
0.0
0.0
0.0
0.0
0.0
0.0
0.0
0.0
0.0
0.0
0.0
0.0
0.0
0.0
0.0
0.0
0.0
0.00752509439000263
0.003327065910936221
0.0
0.0
0.0
0.0
0.0
0.0
0.0
0.0
0.0
0.0
0.0
0.0
0.0
0.0
0.0
0.0
0.0
0.0016635329554681106
0.0
0.0
0.0
0.0
0.00706656741105311
0.0
0.0
0.0
0.0
0.0
0.0
0.0
0.0
0.0
0.0
0.0
0.0
0.0
0.0
0.0
0.0
0.0
0.0
0.0
0.0
0.0
0.0
0.0
0.0
0.0
0.0
0.0
0.0
0.0
0.0
0.0
0.0
0.0
0.0
0.0016635329554681106
0.0
0.0
0.0
0.0
0.0
0.0
0.0
0.0
0.0
0.0
0.0
0.0026366373531307922
0.0
0.0
0.0
0.0
0.0
0.0
0.0
0.0
0.0
0.0
0.014971796599212994
0.0026366373531307922
0.0
0.0
0.0
0.0
0.0
0.0
0.0
0.0
0.0
0.0
0.0
0.0
0.0
0.0
0.0026366373531307922
0.010546549412523169
0.0
0.0
0.0
0.0
0.0
0.0
0.0
0.0
0.0
0.0
0.0
0.0
0.0
0.0
0.0
0.0
0.0
0.0
0.003327065910936221
0.0
0.0
0.0
0.0
0.0
0.0
0.0
0.0
0.007819336376318944
0.0
0.0
0.00752509439000263
0.0
0.0
0.0
0.0
0.0
0.0016635329554681106
0.0016635329554681106
0.0
0.0
0.0
0.0
0.0
0.0
0.0
0.0
0.0
0.0
0.0052732747062615845
0.0
0.0026366373531307922
0.0
0.0
0.0
0.0
0.005526136861540524
0.0
0.0
0.0
0.0
0.0
0.0
0.0
0.0
0.0
0.0
0.0
0.0
0.0
0.0
0.0
0.0
0.0
0.0
0.0
0.0
0.0
0.0
0.0
0.015254472439070247
0.0
0.0
0.0
0.0
0.0
0.0
0.0
0.0
0.0
0.0
0.0
0.0
0.0
0.0016635329554681106
0.0
0.0
0.0
0.0
0.0
0.0
0.0
0.0
0.0
0.0
0.0
0.0
0.0
0.0
0.0
0.0
0.0
0.0
0.0
0.0
0.0
0.0
0.0
0.0
0.0
0.005754878504791533
0.0
0.0
0.0
0.0
0.0
0.0
0.0
0.0
0.0
0.0
0.0
0.0
0.0
0.0
0.0
0.0
0.0
0.0
0.0
0.0
0.0
0.0016635329554681106
0.0
0.0
0.0
0.0
0.0
0.0
0.0
0.0
0.0
0.0
0.0
0.0
0.0
0.0
0.0
0.0
0.0
0.0
0.0
0.0
0.0
0.003327065910936221
0.0074184114602596435
0.0
0.0
0.0
0.019057168884931527
0.0
0.0
0.0
0.0
0.0
0.0
0.0
0.0
0.0
0.0
0.0
0.0
0.0
0.0
0.0
0.0
0.0
0.0
0.0
0.0
0.0026366373531307922
0.0
0.0
0.006499241259203207
0.0
0.0
0.0
0.0
0.0
0.0
0.0
0.0
0.0
0.0
0.0
0.0
0.006333660386006543
0.0
0.0
0.0
0.0
0.0
0.0
0.0
0.017200681234395613
0.0
0.0
0.0077252078121448275
0.007909912059392376
0.0
0.0
0.0
0.0
0.0
0.0
0.0
0.0
0.0
0.0
0.0
0.0
0.0
0.0
0.0
0.005754878504791533
0.0077252078121448275
0.003327065910936221
0.0
0.0
0.0
0.0
0.0
0.03541281108990699
0.0
0.0
0.0
0.0046701274305384335
0.0
0.0
0.0
0.004300170308598903
0.0
0.0
0.0
0.0
0.0
0.0
0.0
0.0
0.0
0.0016635329554681106
0.0
0.0
0.0
0.0077252078121448275
0.0
0.0
0.0
0.0
0.0
0.0
0.0
0.0
0.0
0.0
0.0
0.0
0.0
0.0
0.0
0.0
0.0
0.0
0.005963703264067014
0.0
0.0
0.04694370383806469
0.0
0.0
0.0
0.028585753327397292
0.008666097353698023
0.0
0.0
0.0
0.0
0.0
0.0026366373531307922
0.004300170308598903
0.0
0.0
0.0076272362195351235
0.0
0.0
0.005963703264067014
0.0
0.0
0.0
0.0
0.0
0.0
0.0
0.0
0.0
0.0
0.0
0.01900098115801963
0.006654131821872442
0.0
0.0
0.0
0.0
0.0
0.0
0.0
0.0
0.0
0.0
0.0
0.0
0.0
0.0
0.0
0.00706656741105311
0.0
0.0
0.0
0.02661652728748977
0.006799629140671258
0.0
0.0
0.0
0.0
0.09617482410863948
0.0
0.0
0.0
0.0
0.0
0.0
0.0
0.0
0.0
0.004300170308598903
0.0
0.0
0.0
0.06762508407859937
0.09617482410863948
0.0
0.0
0.006155803420850833
0.012667320772013086
0.0
0.0
0.06732237687604763
0.0
0.0
0.0
0.0
0.0
0.0
0.0
0.0
0.0
0.0
0.0
0.0
0.0
0.0
0.0
0.0
0.0
0.0
0.0
0.0
0.0
0.0
0.0
0.009135878612334
0.0
0.0
0.0
0.0
0.0
0.0
0.0
0.0
0.008912464320316421
0.0
0.0
0.0
0.0
0.0
0.0
0.0
0.0
0.0
0.0
0.0
0.004300170308598903
0.0
0.0
0.0
0.0
0.0
0.0
0.0
0.0
0.0
0.0
0.0
0.0
0.0
0.0
0.0
0.0
0.0
0.0
0.0
0.0
0.0
0.0
0.0
0.0
0.0
0.0
0.0
0.0
0.0
0.0
0.005754878504791533
0.0
0.0
0.0
0.0
0.0
0.0
0.0
0.0
0.0
0.0
0.0
0.01931301953036207
0.016926324192278738
0.0
0.0
0.0
0.0
0.0
0.0
0.0
0.0
0.0
0.0
0.0
0.0046701274305384335
0.0
0.0
0.0
0.0
0.0
0.0
0.0
0.006654131821872442
0.0
0.0
0.048488468894594905
0.0
0.011927406528134028
0.0
0.0
0.0
0.0
0.0
0.0
0.0
0.0
0.0
0.0
0.0
0.0
0.0
0.0
0.0
0.0
0.0
0.0
0.0
0.0
0.0
0.0
0.0
0.0
0.0
0.0
0.0
0.0
0.0
0.0
0.0
0.0
0.0
0.0
0.0
0.0
0.0
0.0
0.0
0.0
0.0
0.0
0.0
0.0
0.0
0.0
0.0
0.0
0.0
0.0
0.0
0.0
0.0016635329554681106
0.0
0.0
0.0
0.0
0.0
0.0
0.012667320772013086
0.0
0.006654131821872442
0.0
0.0
0.0
0.0
0.0
0.0
0.0
0.0
0.0016635329554681106
0.0
0.0188725329876041
0.0
0.0
0.0
0.0
0.0
0.0
0.0
0.0
0.0
0.0
0.0
0.0
0.0
0.0
0.0052732747062615845
0.0
0.0
0.0
0.0
0.0
0.0
0.0
0.0
0.0
0.0
0.0
0.0
0.006654131821872442
0.0
0.0
0.0
0.0
0.0
0.0
0.0
0.0
0.0
0.011052273723081048
0.011927406528134028
0.0
0.0
0.0
0.0
0.0
0.0
0.0016635329554681106
0.0
0.0
0.0
0.0
0.0
0.0
0.0
0.0
0.0
0.0
0.0
0.0
0.0
0.0
0.0076272362195351235
0.0
0.0
0.0
0.0
0.0
0.0
0.03829378005944196
0.018777481535225876
0.0
0.0
0.0
0.0076272362195351235
0.0
0.0
0.0
0.0
0.0
0.0
0.0
0.0
0.017706405544953494
0.0
0.0
0.0
0.0
0.0
0.0
0.0
0.0
0.0
0.0
0.0
0.0
0.0
0.0026366373531307922
0.0
0.0
0.0
0.0
0.0076272362195351235
0.0
0.0
0.0
0.0
0.0
0.0
0.0
0.0
0.0
0.0
0.0
0.02372973617817713
0.0
0.0
0.0
0.0
0.0
0.0
0.0
0.0
0.0
0.0
0.0
0.0
0.0
0.0
0.0
0.0
0.0
0.00873010036652122
0.07679458202949764
0.0
0.0
0.003327065910936221
0.0
0.0
0.0
0.0
0.0
0.0
0.0
0.0
0.0
0.0
0.0
0.0
0.0
0.0
0.0
0.0
0.0
0.0
0.0
0.0
0.0
0.0
0.0
0.0
0.0
0.0
0.0
0.0
0.0
0.0
0.0
0.0
0.0
0.0
0.0
0.0
0.0
0.0
0.0
0.0
0.0
0.0
0.0
0.0
0.0
0.0
0.0
0.0
0.0
0.0
0.0
0.0
0.0046701274305384335
0.0
0.0
0.0
0.0
0.0
0.0
0.0
0.0
0.0
0.0
0.0
0.0
0.0
0.0
0.0
0.0
0.0
0.0
0.0
0.0
0.0
0.0
0.01413313482210622
0.0
0.0
0.0
0.0
0.0
0.0
0.0
0.0
0.0
0.0
0.0
0.0
0.0
0.0
0.0
0.0
0.0052732747062615845
0.0
0.0
0.0
0.0
0.0
0.0
0.0
0.0
0.0
0.0
0.0
0.0
0.0
0.0
0.0
0.0
0.0
0.0
0.0
0.0
0.0
0.0
0.0016635329554681106
0.0
0.0
0.018480483217683037
0.0
0.0
0.0
0.0
0.0
0.0
0.0
0.0
0.0
0.0
0.0
0.0
0.0
0.0
0.0
0.0
0.0
0.0
0.0
0.0
0.0
0.0
0.0
0.0
0.04239940446631866
0.0
0.0
0.0
0.0
0.033852648384557475
0.0
0.0
0.0
0.0
0.0
0.0
0.0
0.0
0.0
0.009981197732808663
0.0
0.0
0.0
0.0
0.0
0.0
0.0
0.0
0.0
0.0
0.0
0.0
0.0
0.028982178890828297
0.0
0.0
0.0
0.08694653667248489
0.0
0.008463162096139369
0.0
0.0
0.0
0.0
0.008081411482432483
0.008241468830187088
0.0
0.0
0.0
0.0
0.01805354048908405
0.0
0.0
0.0
0.0038626039060724138
0.0
0.0
0.0
0.0
0.0
0.0
0.0
0.0
0.0
0.02317562343643448
0.0
0.0
0.0
0.0
0.0
0.0
0.0
0.0
0.0
0.0
0.0
0.0
0.0
0.008463162096139369
0.0
0.0
0.0
0.0
0.0
0.0
0.0
0.0
0.0
0.0
0.0
0.0
0.0
0.0
0.0
0.0
0.0
0.0
0.0
0.0
0.0
0.012998482518406414
0.0
0.0
0.0
0.0
0.0
0.0
0.0
0.0
0.0
0.0
0.0
0.004300170308598903
0.0
0.0
0.0
0.0
0.0
0.0
0.0
0.0
0.0
0.0
0.0
0.0
0.0
0.0
0.0
0.0
0.0
0.008970297739137337
0.0
0.0
0.006155803420850833
0.0
0.0
0.0
0.0
0.0
0.0
0.0
0.0
0.0
0.0
0.0
0.0
0.0
0.0
0.0
0.018680509722153734
0.0
0.0
0.0
0.005754878504791533
0.0
0.0
0.0
0.0
0.0
0.0
0.0
0.0
0.0
0.0
0.0
0.0
0.0
0.0
0.0
0.0
0.0
0.0
0.0
0.0
0.0
0.0
0.0
0.0
0.0
0.0
0.0
0.0
0.0
0.0
0.0
0.0
0.0
0.0
0.0184674102625525
0.0
0.0
0.00873010036652122
0.0
0.0
0.0
0.003327065910936221
0.0
0.0
0.0
0.0
0.0
0.0
0.0
0.0
0.0
0.0
0.0
0.0
0.0
0.0
0.0
0.0
0.0
0.0
0.0
0.0
0.0
0.0
0.018480483217683037
0.0
0.006499241259203207
0.0046701274305384335
0.0
0.0
0.0
0.003327065910936221
0.0
0.0
0.0
0.0
0.0
0.0
0.0
0.0026366373531307922
0.012998482518406414
0.0
0.0
0.0
0.0
0.0
0.0
0.0
0.0
0.0
0.0
0.0
0.0
0.0
0.0
0.1524573510794522
0.0
0.006936807661729696
0.0
0.0
0.0
0.0
0.0
0.0
0.0
0.0
0.0
0.0
0.0
0.0
0.0
0.0
0.0
0.0
0.0
0.0
0.0
0.0
0.0046701274305384335
0.0
0.0
0.0
0.0
0.0
0.0
0.0
0.0
0.0
0.0
0.0
0.0
0.0
0.0
0.0
0.0
0.0
0.0
0.0
0.0
0.0
0.0
0.0
0.0
0.0
0.009981197732808663
0.0
0.0
0.0
0.009388740767612938
0.0
0.0
0.0
0.0
0.00752509439000263
0.0
0.003327065910936221
0.0046701274305384335
0.0
0.0
0.0
0.0
0.0
0.0
0.0
0.0
0.0
0.017065462673221697
0.0
0.0
0.0
0.003327065910936221
0.0038626039060724138
0.0
0.009290769175003235
0.0
0.0
0.0
0.0
0.0
0.0
0.0
0.0
0.0
0.0
0.0
0.0
0.0
0.0
0.0
0.0
0.0
0.0
0.0
0.0
0.0
0.0
0.0
0.0
0.0
0.0
0.0
0.0
0.0
0.0
0.0
0.0
0.0
0.0
0.0
0.0
0.0
0.0
0.0
0.0
0.0
0.0
0.0
0.0
0.0
0.0
0.0
0.0
0.0
0.0
0.0
0.0
0.0
0.009981197732808663
0.0
0.0
0.0
0.0
0.0
0.0
0.004300170308598903
0.0
0.0
0.0
0.0
0.0
0.0
0.0
0.009981197732808663
0.0
0.0
0.0
0.0
0.0
0.0
0.0
0.026190301099563662
0.0
0.0
0.0
0.0
0.0
0.0
0.0
0.0
0.0
0.0
0.0
0.0
0.0
0.0
0.0016635329554681106
0.0
0.0
0.0
0.0
0.0
0.0
0.0
0.0
0.0
0.0
0.0
0.0
0.0
0.0
0.0
0.0
0.0
0.0
0.0
0.0
0.0
0.0
0.0
0.0
0.0
0.0
0.0
0.0
0.0
0.0
0.0
0.0
0.0
0.0
0.0
0.0
0.0
0.0
0.0
0.0
0.0
0.0
0.0
0.01599438668294931
0.0
0.0
0.0
0.0
0.0
0.0
0.0
0.0
0.0
0.0
0.0
0.0
0.0
0.0
0.0
0.0
0.0
0.0
0.0
0.007909912059392378
0.0
0.0
0.003327065910936221
0.0
0.0
0.0
0.0
0.0
0.0
0.0
0.0
0.0
0.024724406490561263
0.0
0.018163888831455508
0.006936807661729696
0.0
0.0
0.0
0.0
0.0
0.0
0.0
0.06732237687604763
0.0
0.0
0.0
0.0
0.0
0.0
0.0
0.014836822920519287
0.0
0.0
0.0
0.0
0.0
0.0
0.0
0.0
0.0
0.0
0.0
0.0
0.016482937660374175
0.0
0.0
0.0
0.0026366373531307922
0.0
0.0
0.0
0.0
0.0
0.0
0.0
0.0
0.0
0.0
0.0
0.0
0.0
0.007306764783669226
0.0
0.0
0.0
0.0
0.0
0.0
0.0
0.0
0.0
0.0
0.0
0.0
0.0
0.0
0.0
0.0
0.0052732747062615845
0.0
0.0
0.004990598866404332
0.0
0.0
0.0
0.0
0.0
0.0
0.0
0.0
0.0
0.0
0.0
0.0
0.0
0.023854813056268055
0.009981197732808663
0.0
0.0
0.0
0.034130925346443394
0.0
0.034934192064830324
0.0016635329554681106
0.0
0.0
0.0
0.0
0.0
0.0
0.0
0.0
0.0
0.0
0.0
0.0
0.0
0.0
0.0052732747062615845
0.007189669817008635
0.0
0.0
0.0
0.0
0.0
0.0
0.0
0.0
0.0
0.0
0.0
0.0
0.0
0.0
0.0188725329876041
0.0
0.0
0.0
0.0
0.009981197732808663
0.0
0.0
0.0
0.018480483217683037
0.0
0.0
0.0
0.0
0.0
0.0
0.0
0.0
0.0
0.00752509439000263
0.0
0.0
0.0
0.0
0.0
0.0
0.0
0.0
0.0
0.0
0.0
0.0
0.0
0.0
0.0
0.0
0.0
0.00706656741105311
0.0
0.0
0.0
0.0
0.0
0.0
0.0
0.0
0.0
0.0
0.0
0.0
0.0
0.0
0.0
0.0
0.0
0.0038626039060724138
0.0
0.0
0.0
0.005963703264067014
0.0
0.011052273723081048
0.008317664777340554
0.0
0.0
0.0
0.0
0.12998482518406412
0.0016635329554681106
0.0
0.0
0.0
0.0
0.0016635329554681106
0.0
0.0
0.0
0.0
0.0
0.0
0.0
0.0
0.0
0.0
0.0
0.0
0.0
0.0
0.0
0.0
0.0
0.0
0.0
0.0
0.0
0.0
0.0
0.0
0.0
0.0
0.0
0.0
0.0
0.0
0.0
0.0
0.0
0.006333660386006543
0.0
0.0
0.0
0.0
0.0
0.0
0.0
0.0
0.0
0.0
0.0
0.0
0.0
0.0
0.025801021851593418
0.0
0.0
0.0
0.0
0.0
0.0
0.0
0.0
0.0
0.0
0.0
0.0
0.0
0.0
0.0
0.0
0.0
0.0
0.0
0.0
0.0
0.0
0.0
0.0
0.0
0.0
0.0
0.0016635329554681106
0.0
0.0
0.0
0.0
0.0
0.0
0.0046701274305384335
0.0
0.0
0.0
0.0
0.0
0.0
0.0
0.0
0.0
0.0
0.0
0.00752509439000263
0.007909912059392378
0.0016635329554681106
0.005754878504791533
0.0
0.007189669817008635
0.003327065910936221
0.0
0.0
0.0
0.0
0.0
0.0016635329554681106
0.0
0.0
0.0
0.0
0.0
0.0
0.0
0.0
0.0
0.0
0.0
0.0
0.0
0.0
0.0
0.0
0.0
0.011052273723081048
0.0
0.003327065910936221
0.0
0.0
0.0
0.0
0.0
0.0
0.0
0.008241468830187088
0.013873615323459392
0.0
0.0
0.0
0.0
0.0
0.0
0.0
0.0
0.0
0.0
0.0
0.0
0.0
0.0
0.0
0.0
0.0
0.0026366373531307922
0.0
0.0
0.0
0.0
0.0
0.0026366373531307922
0.0
0.0
0.0
0.0
0.0
0.0
0.0
0.0
0.0
0.0
0.0
0.0
0.0016635329554681106
0.0
0.0
0.0077252078121448275
0.0016635329554681106
0.0
0.0
0.0
0.0
0.0
0.0
0.0
0.0
0.0
0.0
0.0
0.0
0.0
0.0
0.0
0.0
0.0
0.0
0.0
0.0
0.0
0.0
0.0
0.0
0.0
0.0
0.0
0.0
0.0
0.0
0.0
0.0
0.0
0.0
0.0
0.0
0.0
0.0
0.0
0.0
0.0
0.0
0.004300170308598903
0.0
0.0
0.0
0.0
0.0
0.0052732747062615845
0.0
0.0
0.0
0.0
0.0
0.0
0.0
0.0
0.0
0.0
0.0
0.0
0.0
0.0038626039060724138
0.0
0.0
0.0
0.0
0.0
0.0
0.0
0.0
0.0
0.0
0.0076272362195351235
0.0
0.027872307525009705
0.0
0.0
0.0
0.0026366373531307922
0.0
0.0
0.0
0.0
0.0
0.0
0.0
0.0
0.008081411482432483
0.0
0.0
0.0
0.0
0.0
0.0
0.0
0.0
0.0
0.0
0.0
0.009290769175003235
0.0
0.0
0.0
0.0
0.0
0.0
0.0
0.0
0.0
0.0
0.0
0.0
0.0
0.0
0.0
0.0
0.0
0.0
0.0
0.0
0.0
0.0
0.0
0.0
0.0
0.0
0.0
0.0
0.0
0.0
0.0
0.0
0.0
0.0
0.0
0.0
0.0
0.0
0.0
0.007189669817008635
0.0
0.006333660386006543
0.0
0.0
0.0
0.0
0.0
0.0
0.0
0.0
0.0
0.0
0.0
0.0
0.006654131821872442
0.003327065910936221
0.0
0.0
0.0
0.0
0.0052732747062615845
0.0016635329554681106
0.05598035339032258
0.0
0.0
0.0
0.008853202772476747
0.0
0.0
0.0
0.015819824118784756
0.0
0.0
0.0
0.008317664777340554
0.0
0.0
0.0
0.0
0.0
0.005963703264067014
0.0
0.0
0.011052273723081048
0.0
0.0
0.0
0.0
0.0
0.0
0.006333660386006543
0.0
0.0
0.0
0.0
0.0
0.0
0.0
0.0
0.0
0.0
0.0
0.0
0.0
0.0
0.01563867275263789
0.0
0.0
0.0
0.0
0.0
0.0
0.0
0.0
0.0
0.0
0.0
0.0351697630959265
0.0
0.0
0.0
0.0
0.0
0.0
0.0
0.0
0.0
0.0
0.0
0.0
0.007189669817008635
0.0
0.0
0.0
0.0
0.0026366373531307922
0.0
0.0
0.0
0.011509757009583066
0.0
0.0
0.0
0.0
0.0
0.0
0.0
0.0
0.0
0.0
0.0
0.0
0.0
0.0
0.0
0.0
0.0
0.009290769175003235
0.0
0.0
0.0
0.0046701274305384335
0.0
0.004300170308598903
0.0
0.0
0.0
0.0
0.0
0.015254472439070247
0.026737392960949263
0.012311606841701666
0.0
0.0
0.0
0.0
0.0
0.0
0.0
0.0
0.0
0.0
0.0
0.0
0.0
0.0
0.0
0.0
0.0
0.0
0.0
0.0
0.0
0.0
0.0
0.0
0.007306764783669226
0.0
0.0
0.0
0.0
0.0
0.0
0.0
0.0
0.0
0.0
0.0
0.0
0.0
0.0
0.0
0.0
0.0
0.0
0.0
0.0
0.0
0.0
0.0
0.0
0.0
0.0
0.0
0.0
0.0
0.0
0.0
0.0
0.0
0.0
0.0
0.0
0.0
0.0
0.0
0.0
0.0
0.0
0.0
0.0
0.0
0.0
0.003327065910936221
0.0
0.0
0.0
0.0
0.0
0.006654131821872442
0.0
0.0038626039060724138
0.0
0.0
0.0
0.009981197732808663
0.0
0.0
0.0
0.0
0.03675450938188297
0.0
0.005754878504791533
0.0
0.0
0.009240241608841519
0.0
0.0
0.009617482410863947
0.0
0.0
0.0
0.0
0.0
0.0046701274305384335
0.0
0.0
0.0
0.0
0.0
0.0
0.0
0.00706656741105311
0.0
0.0
0.0
0.0
0.0
0.0
0.0
0.0
0.0
0.0
0.0
0.0
0.0
0.0
0.0
0.003327065910936221
0.0
0.0
0.0
0.0
0.0038626039060724138
0.0
0.0
0.0
0.0
0.0
0.0
0.0
0.0
0.005754878504791533
0.0
0.0
0.0
0.0
0.0
0.0
0.0
0.0
0.0
0.011509757009583066
0.0
0.0016635329554681106
0.0046701274305384335
0.0
0.0
0.0
0.0
0.0
0.0
0.0
0.0
0.0
0.0
0.0
0.0
0.0
0.0
0.0
0.0
0.0
0.0
0.0
0.0
0.0
0.0
0.0
0.0
0.0
0.0
0.0
0.0
0.0
0.0
0.0
0.0016635329554681106
0.0
0.0
0.0
0.0
0.0
0.0
0.0
0.0
0.0
0.0
0.0
0.0
0.0
0.0
0.0
0.004990598866404332
0.0052732747062615845
0.008241468830187088
0.0
0.0
0.0
0.0
0.017706405544953494
0.0
0.0
0.007997193341474656
0.0
0.0
0.0
0.0
0.0
0.0046701274305384335
0.0
0.0
0.0
0.0
0.0
0.009026770244542025
0.0
0.0
0.0
0.0
0.0
0.0
0.0
0.0
0.0
0.0
0.0
0.0
0.0
0.0052732747062615845
0.0
0.0
0.0
0.0
0.0052732747062615845
0.0
0.0
0.0
0.0
0.008317664777340554
0.0
0.0
0.0
0.0
0.0
0.0
0.017824928640632842
0.0
0.0
0.0
0.0
0.0
0.0
0.0
0.0
0.0
0.0
0.0
0.0
0.0
0.0
0.0
0.0
0.0
0.0
0.0
0.0
0.0
0.0
0.0038626039060724138
0.0
0.0
0.005963703264067014
0.0
0.004300170308598903
0.0
0.004300170308598903
0.0
0.0
0.0
0.0
0.0
0.0
0.0052732747062615845
0.0
0.0
0.0074184114602596435
0.0
0.007189669817008635
0.0
0.0
0.0
0.0
0.0
0.0
0.0
0.0
0.0
0.0
0.0
0.0
0.0
0.0
0.0
0.01896573866357411
0.0
0.0
0.0
0.0
0.0
0.0
0.0
0.0
0.0
0.008241468830187088
0.0
0.0
0.0
0.0
0.0
0.0
0.0
0.0
0.0
0.0
0.0
0.0
0.0
0.0
0.0
0.0
0.0
0.0
0.0
0.0
0.0
0.0016635329554681106
0.0
0.0
0.0
0.0
0.004990598866404332
0.0
0.003327065910936221
0.0
0.007306764783669226
0.0
0.006155803420850833
0.0
0.0
0.0
0.0
0.0
0.0
0.0
0.0
0.0026366373531307922
0.0
0.0
0.02448832264401395
0.0
0.0
0.0
0.0
0.0
0.04645384587501617
0.0
0.0
0.0
0.0
0.0
0.0
0.0
0.006155803420850833
0.005754878504791533
0.0
0.0
0.0
0.0
0.0
0.0
0.0
0.0
0.005963703264067014
0.0
0.0
0.0
0.0
0.0
0.0
0.022881708658605372
0.0
0.0
0.0
0.0
0.0
0.0
0.0
0.0
0.0
0.0
0.0
0.0
0.0
0.0
0.0
0.0
0.0
0.0
0.0
0.0
0.0
0.0
0.0
0.0
0.0
0.0
0.0
0.008317664777340554
0.0
0.0038626039060724138
0.0
0.057964357781656595
0.0
0.0
0.0
0.0
0.0
0.0
0.0
0.011509757009583066
0.0
0.0076272362195351235
0.0
0.0
0.0
0.0
0.011052273723081048
0.0
0.0
0.0
0.0
0.0
0.0
0.017824928640632842
0.0
0.006654131821872442
0.0
0.0
0.0
0.0
0.0
0.0
0.0
0.0
0.0
0.0046701274305384335
0.0
0.02372973617817713
0.006333660386006543
0.0
0.003327065910936221
0.0
0.0
0.0
0.0
0.0
0.0
0.0
0.0
0.0026366373531307922
0.009528584442465763
0.0
0.0
0.0
0.0
0.0
0.0
0.0
0.0
0.0
0.0
0.0
0.0
0.0
0.0
0.0
0.0
0.0
0.0
0.0
0.0
0.0
0.0
0.0
0.020398887422013772
0.00873010036652122
0.0
0.0
0.0
0.0
0.0
0.0
0.0
0.0
0.0
0.0
0.0
0.0
0.0
0.0
0.0
0.0
0.01678303171584465
0.0
0.0
0.0
0.0
0.0
0.05770489446518368
0.0
0.0
0.0
0.0
0.0
0.0
0.0
0.0
0.0
0.0
0.0
0.0
0.0
0.0
0.0
0.0
0.0
0.0
0.0
0.0
0.0
0.0
0.0
0.0
0.0
0.0
0.0
0.0
0.0
0.01914689002972098
0.0
0.008600340617197806
0.0
0.0
0.0
0.0
0.0
0.0
0.0
0.0
0.0
0.0
0.0
0.0
0.0
0.0
0.0
0.0
0.005963703264067014
0.0
0.0076272362195351235
0.006333660386006543
0.0
0.004300170308598903
0.0
0.0
0.0
0.0
0.0
0.0
0.0
0.0
0.0
0.0
0.0
0.0
0.0
0.0
0.0
0.0
0.0
0.0
0.0
0.0
0.0
0.0
0.0
0.0
0.0
0.0
0.0
0.0
0.0
0.0
0.0
0.0
0.0
0.004990598866404332
0.0
0.0
0.004300170308598903
0.0
0.0
0.0
0.0
0.0074184114602596435
0.0
0.0
0.0
0.0
0.0076272362195351235
0.0
0.0
0.0
0.0
0.0
0.0
0.0
0.0
0.0
0.0016635329554681106
0.0
0.0038626039060724138
0.0
0.0
0.0
0.0
0.0
0.0
0.0
0.0
0.004990598866404332
0.0
0.00752509439000263
0.0
0.0
0.0
0.0
0.0
0.0
0.0
0.0
0.0
0.0
0.0
0.0
0.0
0.0
0.0
0.0
0.0
0.0
0.0
0.0
0.008317664777340554
0.0
0.0
0.0
0.0
0.0
0.0
0.006799629140671258
0.0
0.0
0.0
0.0
0.0
0.0
0.0
0.0
0.0
0.0
0.003327065910936221
0.0
0.0
0.0
0.0
0.0
0.0
0.0
0.0
0.0
0.008792440773981626
0.0
0.0
0.0
0.0
0.0
0.0
0.0
0.009482869331787056
0.0077252078121448275
0.0
0.0
0.0
0.0
0.0
0.0
0.0
0.0
0.0
0.0
0.0
0.0
0.0
0.0
0.0077252078121448275
0.0
0.0
0.0
0.0
0.0
0.0
0.0
0.10431156264965762
0.0
0.0
0.0
0.0
0.0
0.0
0.0
0.0
0.0
0.008600340617197806
0.0
0.0
0.0
0.0
0.0
0.0
0.0
0.0
0.0
0.0038626039060724138
0.0
0.0
0.0
0.0
0.0
0.0
0.0
0.0
0.0
0.0
0.0
0.0
0.0
0.0
0.0
0.0
0.0
0.0
0.0
0.0
0.0
0.0
0.0
0.0
0.0
0.0
0.0
0.0
0.0
0.0
0.0
0.0
0.0
0.0
0.0
0.0
0.0
0.036327777662911016
0.0
0.0
0.0
0.0
0.0
0.0
0.0
0.0
0.0
0.0
0.0
0.0
0.0
0.0
0.0
0.00752509439000263
0.0
0.0
0.0
0.0
0.0
0.0
0.0
0.0
0.0
0.0
0.0
0.14491089445414151
0.0
0.0
0.0
0.0
0.0
0.0
0.004300170308598903
0.0
0.0
0.0038626039060724138
0.0
0.009482869331787056
0.0
0.0
0.0
0.0
0.0
0.0
0.0
0.003327065910936221
0.0
0.0
0.0
0.008600340617197806
0.0
0.0
0.0
0.0
0.008666097353698023
0.0
0.0
0.0
0.0
0.0
0.0
0.014613529567338452
0.0
0.0
0.0
0.0
0.008970297739137337
0.0
0.0
0.0
0.0
0.0
0.0
0.0
0.0
0.0
0.0
0.0
0.0
0.0
0.0
0.0
0.008463162096139369
0.0
0.0
0.0
0.0
0.0
0.0
0.0
0.0
0.0
0.0016635329554681106
0.003327065910936221
0.0
0.0
0.0
0.0
0.0
0.0
0.0
0.0
0.0
0.0
0.0
0.0
0.0
0.0
0.0
0.0
0.0
0.03588119095654935
0.006155803420850833
0.008317664777340554
0.0
0.0
0.0
0.0
0.0
0.008463162096139369
0.012667320772013086
0.0
0.003327065910936221
0.0
0.0
0.0
0.0
0.0
0.0
0.0
0.0
0.0
0.0
0.0
0.0
0.0
0.0
0.0
0.0
0.0
0.0
0.0
0.0
0.0
0.0
0.0
0.0
0.0
0.0
0.0
0.0
0.0
0.0
0.027747230646918784
0.0
0.0074184114602596435
0.0
0.0
0.0
0.0
0.0
0.0
0.0
0.0
0.017065462673221697
0.0
0.0
0.0
0.0
0.0
0.0
0.0
0.0
0.0
0.0
0.0
0.0
0.0
0.0
0.0
0.0
0.008081411482432483
0.0
0.0038626039060724138
0.0
0.0
0.0
0.0
0.0
0.0
0.0
0.0
0.0
0.0
0.0052732747062615845
0.0
0.0
0.0
0.0
0.0
0.0
0.0
0.0
0.009188627345470742
0.0
0.0
0.0
0.0
0.0
0.0
0.0
0.0026366373531307922
0.0
0.0
0.0026366373531307922
0.0
0.0
0.0
0.0
0.0
0.0
0.0
0.03755496307045175
0.0
0.0
0.0
0.0
0.0
0.0
0.0038626039060724138
0.0
0.0
0.0
0.0
0.0
0.0
0.0
0.0052732747062615845
0.0
0.0
0.0
0.0
0.0
0.005526136861540524
0.0
0.0
0.004990598866404332
0.0
0.0
0.0
0.006155803420850833
0.0
0.0
0.0
0.030508944878140494
0.0
0.03127734550527578
0.0
0.0
0.0
0.0
0.0
0.0
0.05713941950269921
0.0
0.0
0.034401362468791226
0.0
0.0
0.0
0.0
0.0
0.0
0.0
0.0
0.0
0.11592871556331319
0.0
0.0
0.0
0.0
0.0
0.0
0.0
0.0
0.0
0.0
0.0
0.0
0.0
0.004300170308598903
0.0
0.0
0.0
0.0
0.0
0.0
0.0
0.0
0.0
0.0
0.0
0.0
0.0
0.0
0.0
0.0377450659752082
0.0
0.0
0.0
0.0
0.0
0.0
0.0
0.0
0.0026366373531307922
0.0
0.0
0.0
0.0
0.0
0.0
0.0
0.0
0.0
0.0
0.0
0.0
0.0
0.0
0.0
0.0
0.0
0.0
0.0
0.0
0.0
0.0
0.06732237687604763
0.008853202772476747
0.0
0.0
0.0
0.0
0.0
0.0
0.0
0.0
0.0
0.0
0.0
0.0
0.0
0.0
0.0
0.0
0.0
0.003327065910936221
0.0
0.0
0.0
0.0
0.0
0.0
0.0
0.0
0.0
0.0
0.0
0.0
0.0
0.0
0.0
0.0
0.0
0.0
0.0
0.017824928640632842
0.0
0.0
0.0
0.00752509439000263
0.019962395465617327
0.0
0.0
0.0
0.0
0.0
0.0
0.0
0.0
0.0
0.0
0.0
0.0
0.0
0.0
0.0
0.005754878504791533
0.0
0.0
0.0
0.0
0.0
0.0
0.0
0.0
0.0
0.0
0.007819336376318944
0.0
0.007306764783669226
0.009340254861076867
0.0
0.0
0.0
0.0
0.0
0.0
0.0
0.0
0.0
0.0
0.0
0.0
0.0
0.0
0.0
0.0
0.0
0.0
0.0
0.02772072482652456
0.0
0.0
0.0
0.0
0.0
0.0
0.0
0.0
0.0
0.0
0.0
0.00752509439000263
0.0
0.007306764783669226
0.0
0.0
0.0
0.0026366373531307922
0.0
0.0016635329554681106
0.0
0.0
0.0
0.0
0.006654131821872442
0.0
0.0
0.0
0.0
0.0
0.017332194707396047
0.0
0.012311606841701666
0.0
0.0
0.0
0.0
0.0
0.0
0.0
0.0
0.0
0.0
0.0
0.0
0.0
0.0
0.0
0.01858153835000647
0.0052732747062615845
0.0
0.00752509439000263
0.0
0.0
0.0
0.0
0.0
0.0
0.0
0.0
0.0
0.0
0.0
0.0
0.0
0.02257528317000789
0.0
0.0
0.0
0.0
0.0280207645832306
0.0
0.0
0.0
0.0
0.0
0.0
0.0
0.028720335044581467
0.0
0.0
0.0
0.0
0.0
0.0
0.0
0.0
0.0
0.0
0.0
0.006333660386006543
0.0
0.0
0.0
0.0
0.0
0.0
0.0
0.0
0.0
0.0
0.0
0.0
0.0
0.0
0.0
0.0
0.0
0.0
0.0
0.0
0.0
0.0
0.0
0.0
0.0
0.0
0.0
0.0
0.0
0.0
0.008532731336610849
0.0
0.0
0.009188627345470742
0.0
0.0
0.0
0.0
0.0016635329554681106
0.0
0.0
0.0
0.0
0.0
0.0
0.0
0.0
0.008792440773981626
0.0
0.0
0.0
0.0
0.008317664777340554
0.0
0.0
0.0
0.0
0.0
0.0
0.0
0.0
0.0
0.003327065910936221
0.0
0.0
0.0
0.0
0.0
0.0
0.0
0.0
0.0
0.0
0.0
0.0
0.0
0.0
0.0
0.0
0.0
0.0
0.0
0.0
0.0
0.0
0.0
0.0
0.0
0.0
0.0
0.0
0.0
0.0
0.0
0.0
0.016926324192278738
0.0
0.06701411510402343
0.0
0.0
0.0
0.0
0.0
0.0
0.0
0.0
0.0
0.0
0.0
0.0
0.0
0.0
0.0
0.0
0.0
0.0
0.0
0.0
0.0
0.0
0.0
0.0
0.00943626649380205
0.0
0.0
0.0
0.0
0.0
0.0
0.0
0.0
0.01158781171821724
0.0
0.0
0.0
0.0
0.0
0.0
0.0
0.0
0.0
0.0
0.0
0.0
0.0
0.0
0.0
0.0
0.0
0.0
0.0
0.0
0.0
0.0
0.0
0.0
0.0
0.0
0.0
0.0
0.0
0.0
0.0
0.0
0.0
0.009240241608841519
0.0
0.009135878612334
0.0
0.0
0.0
0.0
0.003327065910936221
0.0
0.0
0.0
0.0
0.0
0.0
0.0
0.005754878504791533
0.0
0.0
0.0
0.0
0.006499241259203207
0.006333660386006543
0.0
0.007997193341474656
0.0
0.0
0.0
0.008666097353698023
0.0
0.0
0.0
0.0
0.0
0.0
0.0
0.0
0.0
0.0
0.0
0.0
0.0
0.0
0.0
0.0
0.0
0.0
0.0
0.0
0.0
0.0
0.0
0.0
0.0
0.0
0.0
0.0
0.0
0.0
0.06066268147588616
0.0016635329554681106
0.0
0.0
0.0
0.0
0.0
0.0
0.0
0.0
0.12394483881467445
0.0
0.0
0.0
0.0
0.0188725329876041
0.0
0.0
0.0
0.0
0.0
0.0
0.0
0.0
0.0
0.014971796599212994
0.0
0.0
0.0
0.0
0.0
0.0
0.0
0.0
0.0
0.0
0.0
0.0
0.0
0.0
0.0
0.0
0.0
0.0
0.034401362468791226
0.0
0.02826626964421244
0.0
0.0
0.0
0.0
0.0
0.0
0.0
0.0046701274305384335
0.003327065910936221
0.0
0.0
0.0016635329554681106
0.0
0.0
0.0
0.0
0.006333660386006543
0.0
0.0
0.017940595478274673
0.0
0.0
0.0
0.0
0.0
0.0
0.0
0.0
0.0
0.0
0.0
0.0
0.07658756011888392
0.0
0.0
0.0
0.0
0.0
0.009135878612334
0.0
0.0
0.0
0.0
0.0
0.0
0.0
0.0
0.0
0.0
0.0
0.0
0.0
0.0
0.0
0.0
0.0
0.0
0.008792440773981626
0.0
0.0
0.0
0.0
0.0
0.0
0.0
0.0
0.0
0.0
0.0
0.0
0.0
0.0
0.026737392960949263
0.07693985928691158
0.0
0.0
0.0
0.0
0.0
0.0
0.0
0.0
0.0
0.0
0.0
0.0
0.0
0.0
0.03793147732714822
0.0351697630959265
0.0
0.0
0.0
0.009340254861076867
0.0
0.0
0.0
0.0
0.030101192160192324
0.0
0.0
0.0
0.0
0.004990598866404332
0.0
0.0
0.0
0.0
0.0
0.0
0.0
0.027565882036412224
0.015819824118784753
0.0
0.0
0.0
0.0
0.0
0.0
0.0
0.0
0.0
0.0
0.0
0.0
0.0
0.0
0.0
0.0
0.0
0.0
0.0
0.0
0.0
0.009290769175003235
0.0
0.12327730131323174
0.0
0.0
0.0
0.0
0.0
0.0
0.0
0.0
0.0
0.0
0.0
0.0
0.0
0.0
0.0
0.0
0.0
0.0
0.0
0.0
0.0
0.0
0.0
0.0
0.0
0.0
0.005754878504791533
0.0
0.0
0.0
0.0
0.0
0.0
0.014613529567338452
0.0
0.06762508407859937
0.0016635329554681106
0.00873010036652122
0.0
0.0
0.0
0.0
0.0
0.0943626649380205
0.0
0.0
0.0
0.013308263643744885
0.01563867275263789
0.0
0.0
0.0
0.0
0.0
0.0
0.0
0.0
0.0717623819130987
0.0
0.0
0.0
0.0
0.0
0.0
0.0
0.0
0.0
0.0
0.0016635329554681106
0.0
0.0
0.0
0.0
0.0
0.0
0.0046701274305384335
0.0
0.0
0.0
0.0
0.0
0.0
0.0
0.007909912059392378
0.0
0.0
0.0
0.0052732747062615845
0.0
0.0
0.0
0.0
0.052380602199127324
0.0
0.006936807661729696
0.0
0.0016635329554681106
0.0
0.0
0.0
0.0
0.0
0.0
0.0
0.0
0.0
0.0
0.0
0.016325548429342633
0.0
0.0
0.0
0.0
0.0
0.0
0.0
0.10626798926637043
0.0
0.0
0.08575725998219187
0.0
0.0
0.0
0.0
0.0
0.0
0.0
0.004990598866404332
0.0
0.0
0.0
0.0
0.008081411482432483
0.0
0.0
0.0
0.0
0.0
0.0
0.0
0.0
0.0
0.0
0.0
0.0
0.0
0.0
0.0
0.03811433776986305
0.0
0.0
0.0
0.0
0.0
0.0
0.0
0.0
0.0
0.0
0.0
0.0
0.0
0.0
0.0188725329876041
0.0
0.0
0.0
0.0
0.0
0.45405413595631006
0.0
0.0
0.0
0.0
0.00957344501486049
0.0
0.0
0.0
0.0
0.0
0.0
0.0
0.0
0.0
0.0
0.0
0.0
0.0
0.0
0.0
0.0
0.0
0.0
0.0
0.0
0.0
0.0
0.018680509722153734
0.0
0.0
0.0
0.0
0.0
0.0
0.0
0.0
0.0
0.0
0.0
0.0
0.0
0.0
0.0
0.0
0.0
0.0
0.0
0.0
0.0
0.0
0.0
0.0
0.0
0.0
0.0
0.0
0.0
0.0
0.0
0.0
0.0
0.0
0.0
0.0
0.0
0.0
0.0
0.0
0.0
0.0
0.0
0.0
0.0
0.0
0.0
0.0
0.0
0.0
0.0
0.0
0.0
0.0
0.0
0.0
0.0016635329554681106
0.0
0.0
0.0
0.0
0.0
0.0
0.0
0.0
0.0
0.0
0.0
0.0
0.027080310733626076
0.0
0.0
0.0
0.0
0.0
0.0
0.0
0.006799629140671258
0.0
0.0
0.0
0.0
0.0
0.0
0.0
0.01678303171584465
0.0
0.0
0.0
0.006333660386006543
0.0
0.0
0.0
0.0
0.0
0.0
0.0
0.0
0.0
0.0
0.0
0.0
0.0
0.0
0.0
0.025174547573766977
0.0
0.007997193341474656
0.009981197732808663
0.0
0.0074184114602596435
0.005526136861540524
0.0
0.0
0.0
0.0
0.0
0.0
0.0
0.0
0.0
0.006654131821872442
0.0
0.0
0.0
0.03864290518777107
0.011052273723081048
0.008463162096139369
0.0
0.0
0.0
0.0
0.0
0.0
0.0
0.0
0.0
0.0
0.0
0.0
0.0
0.0
0.0
0.0
0.0
0.0
0.0
0.0
0.0
0.0
0.0
0.0
0.0
0.0
0.0
0.0
0.0
0.0
0.0
0.0
0.0
0.0
0.0
0.0
0.0
0.003327065910936221
0.0
0.0
0.0
0.0
0.007997193341474656
0.0
0.0
0.0
0.0
0.0
0.0
0.0
0.0
0.0
0.0
0.0
0.0
0.0
0.0
0.0
0.0
0.0
0.0
0.0
0.0
0.0
0.0
0.0
0.0
0.0
0.0
0.05574461505001941
0.006799629140671258
0.0
0.0
0.0
0.0
0.0
0.0
0.0
0.0
0.007189669817008635
0.0
0.0
0.0
0.0
0.0
0.0
0.0
0.0
0.0
0.0
0.0
0.0
0.0
0.0
0.0
0.0
0.0
0.0046701274305384335
0.0
0.0
0.0
0.0
0.0
0.0
0.0
0.0
0.0
0.0
0.0
0.08173749974154979
0.0
0.0
0.0
0.0
0.0
0.0
0.0
0.0
0.0
0.0
0.0
0.0
0.0
0.0
0.0
0.0
0.009981197732808663
0.0
0.0
0.0
0.0
0.0
0.0
0.0
0.0
0.0
0.0
0.0
0.0
0.0
0.006654131821872442
0.0026366373531307922
0.0
0.0
0.0
0.0
0.0
0.017332194707396047
0.0
0.0
0.0
0.0
0.0
0.0
0.0
0.0
0.0
0.0
0.0
0.0
0.0
0.0
0.0
0.0
0.0
0.0
0.0
0.0
0.0
0.0
0.0
0.0
0.0
0.0
0.0
0.0
0.0
0.0
0.0
0.0
0.0038626039060724138
0.0
0.0
0.0
0.0
0.0
0.0
0.0
0.0
0.0
0.0
0.004990598866404332
0.0
0.0
0.0
0.0
0.0
0.03793147732714822
0.0
0.0
0.0
0.0
0.0
0.0
0.0
0.0
0.0
0.0
0.0
0.0046701274305384335
0.0
0.0
0.0
0.0
0.0
0.0
0.0
0.0
0.0
0.006155803420850833
0.0
0.0
0.0
0.0
0.0
0.0
0.0
0.0
0.0
0.0
0.0
0.006936807661729696
0.0
0.0
0.008081411482432483
0.0
0.0
0.0
0.0
0.0
0.0
0.0052732747062615845
0.0
0.0
0.0
0.0016635329554681106
0.006155803420850833
0.013873615323459392
0.0
0.0052732747062615845
0.0
0.006155803420850833
0.0
0.0
0.0
0.0
0.0
0.0
0.0
0.0
0.0
0.0
0.0
0.0
0.01505018878000526
0.0
0.0
0.0
0.0
0.0
0.0
0.0
0.0
0.0038626039060724138
0.0
0.0
0.0
0.003327065910936221
0.0
0.0
0.0
0.0
0.0
0.0
0.0
0.0
0.0
0.0
0.0
0.006654131821872442
0.0
0.0
0.005754878504791533
0.0
0.0
0.0
0.0
0.0
0.0
0.0
0.0
0.007189669817008635
0.0351697630959265
0.0
0.0
0.0
0.0
0.0
0.0
0.0
0.0
0.0
0.013873615323459392
0.0026366373531307922
0.0
0.0
0.0
0.016482937660374175
0.0
0.0
0.0
0.0
0.0
0.0
0.01758488154796325
0.0
0.0
0.0
0.0
0.0
0.0
0.0
0.0
0.0
0.0
0.0
0.0
0.0
0.0
0.0
0.0
0.0
0.0
0.0
0.0
0.0
0.0
0.0
0.0
0.0
0.0
0.0
0.03811433776986305
0.003327065910936221
0.0
0.0
0.0
0.0
0.0
0.0
0.0
0.0
0.0
0.0
0.0
0.0
0.0
0.0
0.0
0.0
0.0
0.0
0.0
0.0
0.0
0.0
0.0
0.0
0.0
0.0
0.0
0.0026366373531307922
0.0
0.0
0.0436505018326061
0.0
0.0
0.0
0.0
0.0
0.0
0.0
0.0
0.0
0.0
0.0
0.0
0.0
0.0
0.0
0.0
0.0
0.0
0.0
0.0
0.0
0.0
0.0
0.0016635329554681106
0.0
0.0
0.0
0.0046701274305384335
0.0
0.0
0.0026366373531307922
0.0
0.0
0.0
0.0
0.0
0.0
0.0
0.0
0.0
0.0
0.0
0.0
0.0
0.0
0.0
0.0
0.0
0.0052732747062615845
0.007189669817008635
0.008391515857922326
0.0
0.0
0.0
0.0
0.0
0.0
0.0
0.0
0.0
0.0
0.0
0.0
0.0
0.062387250242214955
0.006499241259203207
0.0
0.0016635329554681106
0.0
0.0
0.0
0.006799629140671258
0.0
0.0
0.0
0.0
0.0
0.0
0.011052273723081048
0.0
0.0
0.0
0.0
0.0
0.0
0.0
0.0016635329554681106
0.0
0.0
0.007189669817008635
0.0
0.0
0.0
0.0
0.0026366373531307922
0.0
0.0
0.0
0.0
0.0
0.0
0.0
0.0
0.021569009451025904
0.0
0.0
0.0
0.011927406528134028
0.0
0.0
0.0
0.0
0.0
0.016926324192278738
0.0
0.0
0.016482937660374175
0.0
0.005963703264067014
0.005963703264067014
0.0
0.0
0.0
0.0
0.0
0.0
0.006799629140671258
0.00706656741105311
0.003327065910936221
0.0
0.0
0.0
0.0
0.0
0.0
0.0
0.0
0.0
0.0
0.0
0.0
0.0
0.0
0.0
0.0
0.0
0.0
0.0
0.0
0.0
0.0
0.0
0.0
0.0
0.0
0.0
0.0074184114602596435
0.0
0.0
0.0
0.0
0.0
0.0
0.0
0.0
0.0
0.0
0.0
0.0
0.0
0.0
0.0026366373531307922
0.0
0.0
0.0
0.0
0.0
0.00957344501486049
0.0
0.017065462673221697
0.0
0.0
0.0
0.0
0.0
0.005754878504791533
0.0
0.003327065910936221
0.0
0.0
0.0
0.0
0.0
0.0
0.0
0.0
0.0
0.0
0.0
0.0
0.0
0.0
0.0
0.0
0.0
0.0
0.0
0.0
0.0
0.0
0.0
0.0
0.0
0.004300170308598903
0.0
0.005963703264067014
0.0
0.0
0.0
0.0
0.012998482518406414
0.0
0.0
0.0
0.0
0.0
0.0
0.0
0.0
0.0
0.0
0.0
0.0
0.0
0.0
0.0
0.0
0.0
0.011052273723081048
0.0
0.0016635329554681106
0.0
0.0
0.0
0.0
0.003327065910936221
0.0
0.0
0.0
0.0
0.0
0.0
0.0
0.0
0.0
0.0
0.0
0.0
0.0
0.0
0.0
0.006936807661729696
0.0
0.0
0.0
0.0
0.0
0.0
0.0
0.0
0.006654131821872442
0.0
0.0
0.0
0.0
0.0
0.0
0.0
0.0
0.0
0.0
0.0
0.0
0.0
0.0
0.0
0.0
0.0
0.0
0.0
0.0
0.0
0.0
0.0
0.0
0.0
0.0077252078121448275
0.0
0.0
0.0
0.0
0.0
0.0
0.0
0.0
0.003327065910936221
0.0
0.0
0.0
0.006155803420850833
0.0
0.0
0.0
0.0
0.0
0.0
0.0
0.0
0.0
0.0
0.0
0.0
0.0
0.0
0.0
0.0
0.0
0.0
0.0
0.0
0.0
0.0
0.0
0.0
0.0
0.0
0.009290769175003235
0.0
0.0
0.0
0.0
0.0
0.0
0.0
0.0
0.0
0.0
0.0
0.0
0.0
0.0
0.0
0.0
0.0
0.0
0.0
0.0
0.0
0.0
0.0
0.0
0.0
0.0
0.0
0.0
0.0
0.0
0.0
0.0
0.0
0.0
0.0
0.0
0.0
0.006936807661729696
0.0
0.0
0.0
0.0
0.0
0.0
0.0
0.0
0.0
0.0
0.0
0.0
0.0
0.0
0.004300170308598903
0.0
0.007819336376318944
0.0026366373531307922
0.0
0.007909912059392378
0.0
0.0
0.0
0.0
0.0
0.0
0.0
0.007189669817008635
0.0
0.0
0.0
0.13525016815719873
0.0
0.0
0.0
0.0
0.0
0.0
0.0
0.0
0.0
0.0
0.0
0.009290769175003235
0.0
0.0
0.0
0.0
0.0
0.017332194707396047
0.0
0.0
0.0
0.0
0.00706656741105311
0.0
0.008081411482432483
0.02655960831743024
0.0
0.0
0.005526136861540524
0.0
0.0
0.0
0.0
0.0
0.0
0.0
0.0
0.0
0.005754878504791533
0.0
0.0
0.0
0.0
0.006333660386006543
0.0
0.02772072482652456
0.0
0.0
0.0
0.0
0.0
0.006654131821872442
0.0
0.0
0.0
0.0
0.0
0.0
0.0
0.0
0.0
0.0
0.0
0.0
0.0
0.0
0.0
0.0
0.0
0.0
0.0
0.0
0.0
0.0
0.0
0.0
0.0
0.0
0.0
0.0
0.005754878504791533
0.0
0.0
0.0
0.0
0.0
0.0
0.0
0.0
0.0
0.007997193341474656
0.0
0.02691089321741201
0.0
0.004300170308598903
0.0016635329554681106
0.0
0.0
0.0
0.0
0.036543514449336
0.0
0.0
0.0
0.01437933963401727
0.0
0.0
0.0016635329554681106
0.0
0.0
0.0
0.0
0.0
0.0
0.0
0.0
0.0
0.0
0.0
0.0
0.0
0.0
0.0
0.0
0.0
0.0
0.0
0.0
0.006936807661729696
0.0
0.0
0.0
0.0
0.0
0.0
0.0
0.0
0.012900510925796709
0.0
0.0
0.0
0.0
0.0
0.0
0.0
0.0
0.007819336376318944
0.0038626039060724138
0.014613529567338452
0.016635329554681107
0.0
0.0
0.0
0.0
0.0
0.0
0.0
0.0
0.0
0.0
0.0
0.0046701274305384335
0.0
0.0
0.0
0.0
0.0
0.0
0.0
0.0
0.0
0.0
0.0
0.0
0.0
0.01437933963401727
0.0
0.0
0.0
0.0
0.0
0.0
0.12502727134123132
0.0
0.0
0.0
0.0
0.0
0.0
0.06772584951002368
0.0
0.0
0.0
0.0
0.0
0.0
0.0
0.0
0.0
0.0
0.0
0.0
0.0046701274305384335
0.0
0.0
0.03492040146608488
0.0
0.0
0.016162822964864966
0.0
0.0
0.0038626039060724138
0.0
0.0
0.003327065910936221
0.0
0.0
0.0
0.0
0.0
0.0
0.0
0.0
0.0
0.0
0.0
0.0
0.0
0.0
0.0
0.0
0.0
0.0
0.0
0.0
0.0016635329554681106
0.0
0.0
0.0
0.0
0.0
0.0
0.0
0.0
0.0
0.0
0.0
0.006155803420850833
0.0
0.0016635329554681106
0.03716307670001294
0.0
0.0
0.0
0.0
0.0
0.0
0.0
0.0
0.0
0.0
0.0
0.0
0.0
0.0038626039060724138
0.0
0.0
0.0
0.0
0.0
0.0
0.0
0.0
0.0
0.0
0.0
0.0
0.0
0.0
0.0
0.0
0.0
0.0
0.0
0.0
0.0
0.0
0.0
0.0
0.0
0.0
0.0
0.0
0.0
0.0
0.0
0.0
0.0016635329554681106
0.0140103822916153
0.0
0.0
0.0
0.0
0.0
0.0
0.0
0.0
0.0
0.0
0.0
0.0
0.0
0.009617482410863947
0.0
0.0
0.0
0.0
0.0
0.006799629140671258
0.0
0.0
0.0
0.0
0.0
0.006333660386006543
0.0
0.0
0.0
0.0
0.0
0.0
0.0
0.009188627345470742
0.0
0.0
0.0
0.0
0.0
0.0
0.004990598866404332
0.0
0.0
0.0
0.007189669817008635
0.0
0.0
0.0
0.0
0.0
0.0
0.0
0.0016635329554681106
0.0
0.0
0.005526136861540524
0.0
0.0
0.0
0.0
0.0
0.0
0.0
0.0
0.0
0.0
0.0
0.0
0.0
0.0
0.0
0.0
0.007189669817008635
0.0
0.0
0.006333660386006543
0.03249620629601603
0.0
0.02317562343643448
0.0
0.0
0.0
0.0
0.0
0.0
0.0
0.0
0.0
0.0
0.0
0.0
0.0
0.006654131821872442
0.0
0.0
0.0
0.0
0.0
0.006499241259203207
0.0
0.0
0.0
0.0
0.0
0.0
0.0
0.0
0.0
0.0
0.004300170308598903
0.0052732747062615845
0.0
0.011052273723081048
0.0
0.0
0.0
0.0
0.0
0.0
0.0
0.0
0.0
0.0
0.0
0.0
0.0
0.0
0.0
0.0
0.0
0.0
0.0
0.008317664777340554
0.0
0.007189669817008635
0.0
0.0
0.0
0.0
0.15387971857382315
0.0
0.0
0.0
0.0
0.0
0.0
0.0
0.0
0.0
0.0
0.0
0.0
0.0
0.0
0.0
0.0
0.0
0.0
0.0
0.0
0.0
0.0
0.0
0.0
0.0
0.0
0.0
0.0
0.0
0.0
0.0
0.0
0.009135878612334
0.0
0.0
0.0
0.0
0.0
0.0
0.0
0.0
0.0
0.0
0.0
0.009981197732808663
0.0
0.0
0.0
0.0
0.0
0.0
0.012667320772013086
0.0
0.0
0.0
0.0
0.0
0.0
0.0
0.0
0.0
0.0
0.0
0.008853202772476747
0.0
0.0
0.0
0.0
0.0
0.0
0.0
0.0
0.0
0.0
0.0
0.0
0.0
0.0
0.0
0.0
0.0
0.0
0.0
0.0
0.0
0.0
0.0
0.0016635329554681106
0.0076272362195351235
0.0
0.0
0.0
0.0
0.0
0.0
0.0038626039060724138
0.0
0.0
0.0
0.0
0.0
0.0
0.0
0.0
0.0
0.015254472439070247
0.0
0.003327065910936221
0.0016635329554681106
0.0
0.0
0.0076272362195351235
0.0
0.0
0.0
0.0
0.0
0.0
0.0
0.0
0.0
0.0
0.0
0.0
0.0
0.0
0.0
0.0
0.0
0.0
0.0
0.0
0.0280207645832306
0.0
0.0
0.0
0.0
0.0
0.0
0.0
0.0
0.0
0.0
0.0
0.0
0.0016635329554681106
0.0
0.0
0.0
0.0
0.0
0.0
0.0
0.0
0.0
0.0
0.0
0.0
0.0
0.0
0.0
0.0
0.0
0.0
0.0
0.0
0.0
0.0
0.0
0.0
0.0
0.0
0.0
0.0
0.0
0.0016635329554681106
0.0
0.0
0.0
0.0
0.0
0.0
0.0
0.023991580024423968
0.0
0.036543514449336
0.0
0.0
0.0
0.057171506654794584
0.0
0.0
0.0
0.0
0.0
0.02830879948140615
0.0
0.0
0.015254472439070247
0.0
0.0
0.0
0.0
0.01563867275263789
0.0
0.0
0.0
0.0
0.0
0.0
0.0
0.0
0.0
0.0
0.0
0.0
0.0
0.0
0.0
0.004300170308598903
0.009135878612334
0.0
0.0
0.0
0.0
0.0
0.0
0.0
0.0
0.01158781171821724
0.0
0.0
0.0
0.0
0.0016635329554681106
0.014971796599212994
0.0
0.0
0.0
0.0
0.0
0.0
0.0
0.0
0.0
0.0
0.0
0.0
0.0
0.0
0.0
0.0
0.0
0.0
0.0016635329554681106
0.0
0.0
0.0
0.014836822920519287
0.0
0.0
0.0
0.0
0.0
0.0
0.0
0.0026366373531307922
0.0
0.044266013862383734
0.024952994332021663
0.0
0.0
0.0
0.0
0.0
0.0
0.0
0.0
0.01896573866357411
0.0
0.0
0.0
0.0
0.19321452593885532
0.0
0.0
0.05770489446518368
0.0
0.028720335044581467
0.0
0.0
0.036543514449336
0.009340254861076867
0.0
0.0
0.0751099261409035
0.03811433776986305
0.0
0.018480483217683037
0.0
0.0
0.006654131821872442
0.0
0.0
0.0
0.11592871556331319
0.0016635329554681106
0.028585753327397292
0.005754878504791533
0.0
0.008666097353698023
0.0
0.006654131821872442
0.0
0.003327065910936221
0.0
0.009981197732808663
0.017332194707396047
0.0
0.0
0.0
0.0
0.0
0.04645384587501617
0.0
0.0
0.0
0.0
0.0
0.0
0.0
0.0
0.0
0.0
0.0
0.0
0.019234964821727894
0.0
0.0
0.0
0.0
0.0
0.0
0.0
0.0
0.0
0.045679393061669994
0.00943626649380205
0.0
0.0
0.0
0.0
0.0
0.0
0.0
0.0
0.0
0.0
0.0
0.011509757009583066
0.0
0.0
0.0
0.02225523438077893
0.0052732747062615845
0.01505018878000526
0.0
0.0026366373531307922
0.0
0.0
0.0
0.0
0.0
0.0
0.0
0.0076272362195351235
0.0
0.0
0.0
0.0
0.0
0.0
0.0
0.003327065910936221
0.0
0.0
0.0052732747062615845
0.0
0.0
0.0
0.0
0.0
0.0
0.0
0.009981197732808663
0.0
0.0
0.0
0.0
0.0
0.0
0.0
0.0
0.0
0.0
0.0
0.0
0.0
0.0
0.0
0.004300170308598903
0.0
0.0
0.0
0.0
0.0
0.0
0.0
0.0
0.0
0.0
0.0
0.0
0.0
0.0
0.0
0.0
0.0
0.0
0.0
0.0
0.0
0.0
0.0
0.0
0.0
0.0
0.0
0.0
0.007189669817008635
0.0
0.0
0.0
0.0
0.0
0.005754878504791533
0.004300170308598903
0.0
0.008081411482432483
0.0
0.0
0.0
0.0
0.0
0.0
0.009981197732808663
0.0
0.0
0.0
0.00752509439000263
0.0
0.009240241608841519
0.0
0.0
0.0
0.0
0.0
0.0
0.0
0.0
0.0
0.0
0.0
0.0
0.0
0.0
0.003327065910936221
0.016325548429342633
0.0
0.0
0.0
0.0
0.0
0.0
0.0
0.0
0.0
0.0
0.0
0.0
0.0
0.0
0.05770489446518368
0.0
0.0
0.0
0.0
0.0
0.0
0.0
0.0
0.0
0.0
0.0
0.0
0.0
0.0
0.0
0.0
0.0
0.0
0.0
0.0
0.0
0.04670127430538434
0.0
0.0
0.0
0.0
0.0
0.0
0.0
0.0
0.0
0.0
0.0
0.0
0.0
0.0
0.0
0.0
0.0
0.0
0.0
0.0
0.005963703264067014
0.0
0.0
0.0
0.0
0.0
0.0016635329554681106
0.0
0.0046701274305384335
0.0
0.0
0.0
0.0
0.006654131821872442
0.0
0.0
0.0
0.06605386545661435
0.005526136861540524
0.0
0.0
0.0
0.0
0.0
0.0
0.0
0.0
0.0
0.005526136861540524
0.0
0.0038626039060724138
0.0
0.0
0.0
0.0
0.0
0.0
0.0
0.0
0.0
0.0
0.0
0.0026366373531307922
0.0
0.0
0.0
0.0
0.0
0.0
0.0
0.0026366373531307922
0.0
0.0
0.0
0.0
0.0
0.0
0.0
0.0
0.0
0.0
0.0
0.0
0.0
0.0
0.0
0.0
0.0
0.0
0.0
0.0
0.0
0.0
0.008241468830187088
0.0
0.0
0.0
0.006155803420850833
0.0
0.0
0.0
0.0
0.0
0.0
0.0
0.0
0.0
0.0038626039060724138
0.0
0.0
0.0
0.0
0.0
0.007306764783669226
0.0
0.0
0.0
0.0
0.0
0.0
0.0
0.0
0.0
0.0
0.0
0.0
0.0
0.0
0.0
0.0
0.0
0.0
0.017940595478274673
0.0
0.0
0.0074184114602596435
0.0
0.0
0.0
0.0
0.0
0.0
0.0
0.0
0.0
0.0
0.0
0.0
0.0
0.0
0.0
0.0
0.0
0.0
0.0
0.0
0.0
0.0
0.0
0.0
0.0
0.008241468830187088
0.0
0.0
0.0
0.0
0.0
0.0
0.0
0.0
0.0
0.0
0.0
0.0
0.0
0.0
0.010546549412523169
0.0
0.0
0.0
0.0
0.0
0.0
0.0
0.0
0.0
0.0
0.0
0.0
0.0
0.0
0.0
0.0038626039060724138
0.09482869331787055
0.0
0.0
0.0
0.0
0.0
0.0
0.0
0.0
0.0
0.0
0.0
0.0
0.0
0.0
0.0
0.0
0.03829378005944196
0.0
0.0
0.05598035339032258
0.0
0.017200681234395613
0.0016635329554681106
0.0
0.0
0.0
0.0
0.0
0.0
0.0
0.0
0.0
0.0
0.0
0.0
0.008853202772476747
0.0052732747062615845
0.0
0.004300170308598903
0.0
0.0
0.0
0.0
0.0
0.0
0.0
0.0
0.0
0.0016635329554681106
0.0
0.0
0.0
0.0
0.009240241608841519
0.0
0.0
0.0
0.0
0.0
0.0
0.0
0.0
0.0
0.0
0.013873615323459392
0.0
0.0
0.0
0.0
0.007909912059392378
0.0
0.0
0.0
0.0
0.0
0.0
0.015819824118784756
0.0
0.009135878612334
0.012667320772013086
0.0
0.0
0.0
0.0
0.03811433776986305
0.0
0.0
0.08449866690851643
0.0
0.0
0.0
0.0
0.00706656741105311
0.05347478592189853
0.0
0.0
0.0
0.0
0.057964357781656595
0.0
0.0
0.008162774214671317
0.0
0.0
0.0
0.008792440773981626
0.004300170308598903
0.0
0.0
0.0
0.0
0.0
0.0
0.0
0.0
0.0
0.0
0.4830363148471383
0.0
0.0
0.0
0.0
0.0
0.008792440773981626
0.0
0.0
0.0
0.0
0.0
0.0
0.0
0.0
0.0
0.0
0.0
0.07728581037554214
0.0
0.0
0.0
0.006936807661729696
0.0
0.0
0.0
0.0
0.0
0.0
0.008912464320316421
0.0
0.0
0.0
0.0
0.0
0.0
0.018163888831455508
0.01858153835000647
0.0
0.0
0.0038626039060724138
0.0
0.0754901319504164
0.0
0.0
0.0
0.0
0.0077252078121448275
0.0
0.0076272362195351235
0.0
0.0
0.017940595478274673
0.0
0.0
0.0
0.0
0.0
0.0
0.0
0.0
0.0
0.0
0.0
0.0
0.0
0.0
0.0
0.0
0.0
0.0
0.0
0.0
0.06605386545661435
0.0
0.0
0.0
0.0
0.0
0.0
0.0
0.006799629140671258
0.007997193341474656
0.0
0.009617482410863947
0.008463162096139369
0.0
0.0
0.0
0.0
0.0
0.0
0.0
0.0
0.0
0.0
0.0
0.0
0.0
