0.0
0.0
0.0
0.0
0.0
0.0
0.0
0.0
0.0
0.0
0.0
0.0
0.0
0.0
0.0
0.0
0.0
0.0
0.0
0.0
0.0
0.0
0.0
0.0
0.0
0.0
0.0
0.0
0.0
0.0
0.0
0.0
0.0
0.0
0.0
0.0
0.0
0.0
0.0
0.0
0.0
0.0
0.0
0.0
0.0
0.0
0.0
0.0
0.0
0.0
0.0
0.0
0.0
0.0
0.0
0.0
0.0
0.0
0.0
0.0
0.0
0.0
0.0
0.0
0.0
0.0018569656070408082
0.0
0.0
0.0
0.0
0.0
0.0
0.0
0.007590277916259183
0.0
0.0
0.0
0.0
0.0
0.0
0.0
0.0
0.017457109789113197
0.0
0.0
0.016800197947432233
0.0
0.0
0.0
0.0
0.0
0.0
0.0
0.0
0.0
0.0
0.0
0.0
0.0
0.0
0.0
0.0
0.0
0.0
0.0
0.0
0.0
0.0
0.0
0.0
0.0
0.0
0.0
0.0
0.0
0.0
0.0
0.0
0.0
0.007590277916259183
0.0
0.0
0.0
0.0
0.0
0.0
0.0
0.0
0.0
0.0
0.0
0.006657152066370196
0.0
0.0
0.0
0.0
0.0037139312140816163
0.0
0.0
0.0
0.0
0.0
0.0
0.0
0.0
0.0
0.0
0.0
0.0
0.0
0.0
0.0
0.0
0.0
0.0
0.008623481228455236
0.0
0.0
0.0
0.0
0.0
0.0
0.0
0.0
0.0
0.0
0.0
0.0
0.0
0.0
0.0
0.0
0.0
0.0
0.0
0.0
0.0
0.0
0.005886441704577158
0.0
0.0
0.0
0.0
0.0
0.0
0.0
0.0
0.0
0.0
0.0
0.0052131615370177
0.0
0.0
0.0
0.007070127144058507
0.0
0.0
0.0
0.0
0.0
0.0
0.0
0.0
0.0
0.0
0.0
0.0
0.0
0.0
0.0
0.0
0.0
0.008728554894556598
0.0
0.007888255293667119
0.0
0.0
0.0
0.0
0.0
0.0
0.0
0.0
0.0
0.0
0.0
0.0
0.009021103627609781
0.0
0.0
0.0
0.00687158928751579
0.005570896821122424
0.0
0.0037139312140816163
0.0
0.0
0.0
0.0
0.0
0.0
0.008927092751099317
0.004800186459329388
0.0
0.0
0.0
0.0
0.0
0.0
0.0
0.0
0.0
0.0
0.007427862428163233
0.0
0.0
0.0
0.0
0.004800186459329388
0.0
0.0
0.0
0.0
0.0
0.008514117673411004
0.0
0.0
0.006168706221268427
0.0
0.0
0.0
0.0
0.0
0.0
0.0
0.0
0.0
0.0
0.0
0.0
0.0
0.0
0.0
0.0
0.0
0.0
0.0
0.0
0.0
0.0
0.00687158928751579
0.0
0.0
0.0
0.0
0.0
0.0
0.0
0.0
0.0
0.0
0.0
0.0
0.0
0.0
0.0
0.0
0.0
0.0
0.0
0.0
0.0
0.0
0.0
0.0
0.0
0.0
0.013314304132740392
0.0
0.0
0.0
0.0
0.0
0.0
0.0
0.0
0.0
0.009284828035204043
0.0
0.0
0.004800186459329388
0.0
0.0
0.0
0.0
0.0
0.0
0.0
0.0
0.0
0.0
0.0
0.0
0.0
0.0
0.0
0.0018569656070408082
0.0
0.0
0.0
0.0
0.0
0.0
0.03190965385196824
0.0
0.0
0.0
0.0
0.0
0.0
0.0
0.0
0.0
0.0
0.0
0.0
0.017659325113731476
0.0
0.0
0.0
0.0
0.0
0.0
0.009447243523299991
0.0
0.0
0.0
0.007254961466516198
0.0
0.0
0.0
0.0
0.0
0.0
0.0
0.0
0.0
0.0
0.0
0.0
0.0
0.0
0.0
0.0
0.0
0.0
0.0
0.0
0.028801118755976327
0.0
0.0
0.0
0.0
0.0
0.0
0.0
0.0
0.0
0.0
0.0
0.0
0.0
0.0
0.0
0.0
0.0
0.0
0.0
0.006424045535718974
0.0
0.0037139312140816163
0.0
0.0
0.0
0.0
0.0
0.0691784620474503
0.0
0.0
0.0
0.0
0.0
0.0
0.0
0.0
0.0
0.0
0.0
0.0
0.0
0.0
0.0
0.011141793642244848
0.0
0.0
0.0
0.0
0.0
0.0
0.0
0.0
0.0
0.0
0.0
0.0
0.0
0.0
0.0
0.0
0.0
0.0
0.0
0.0
0.0
0.0
0.0
0.0
0.0
0.0
0.018894487046599982
0.010480446835496045
0.0
0.0
0.0
0.06381930770393648
0.0
0.0
0.0
0.0
0.0
0.0
0.0
0.0
0.0
0.0
0.017028235346822008
0.0037139312140816163
0.004311740614227618
0.0
0.0
0.0
0.0018569656070408082
0.0
0.0
0.0
0.0
0.0
0.0
0.0
0.0
0.0
0.0
0.0
0.0
0.0
0.002943220852288579
0.0
0.0
0.0
0.0
0.0
0.0
0.0
0.0
0.0
0.0
0.0
0.0
0.0
0.0
0.0
0.0
0.0
0.0
0.0
0.0
0.0
0.05367893074973297
0.0
0.0
0.0
0.0
0.0
0.0
0.0
0.01839954431783379
0.0
0.0
0.0
0.0
0.01822385414711401
0.08627246686512101
0.15030100609925232
0.0
0.0
0.0
0.0
0.0
0.0
0.05367893074973297
0.0
0.0
0.0
0.0
0.0
0.0
0.0
0.0
0.0
0.0
0.0
0.0
0.0
0.0
0.0
0.0
0.007427862428163233
0.0
0.0
0.007070127144058507
0.0
0.0
0.0
0.020396364637609556
0.0
0.0
0.0
0.0
0.0
0.0
0.0
0.0
0.00994878981050832
0.0
0.0
0.009367266388007554
0.02587044368536571
0.0
0.0
0.0
0.0
0.0
0.0
0.0
0.0
0.0
0.0
0.0
0.0
0.0
0.0
0.0
0.0
0.0
0.0
0.0
0.0
0.0
0.0
0.0
0.0
0.009524902151245318
0.0
0.0
0.0
0.0
0.0
0.0
0.0
0.0
0.0
0.005570896821122424
0.0
0.0
0.0
0.0
0.0
0.0
0.0
0.0
0.0
0.0
0.0
0.0
0.0
0.0
0.0
0.0
0.0
0.0
0.0
0.0
0.0
0.0
0.0
0.0
0.0
0.0
0.0
0.0
0.0
0.0
0.0
0.0
0.0
0.0
0.0
0.0
0.0
0.0
0.0
0.009021103627609781
0.012337412442536853
0.0
0.0
0.0
0.0
0.0
0.0
0.0
0.0
0.0
0.0
0.0
0.0
0.0
0.0
0.0
0.0
0.0
0.0
0.0
0.0
0.0
0.0
0.0
0.0
0.0
0.0
0.0
0.0
0.0
0.0
0.0
0.0
0.0
0.0
0.0
0.0
0.0
0.0
0.0
0.0
0.0
0.0
0.0
0.0
0.0
0.0
0.0
0.0
0.0
0.0
0.0
0.0
0.006657152066370196
0.0
0.0
0.0
0.0
0.0
0.0
0.0
0.0
0.0
0.0
0.0
0.0
0.0
0.0
0.0
0.0
0.0
0.0
0.0
0.0
0.06320099261128657
0.0
0.0
0.007888255293667119
0.0
0.008281011142759783
0.0
0.0
0.0
0.0
0.0
0.0
0.0
0.0
0.0
0.0
0.006657152066370196
0.0
0.008025671828309235
0.012935221842682854
0.0
0.0
0.0
0.007888255293667119
0.0
0.0
0.0
0.0
0.0
0.0
0.0
0.0
0.0
0.0
0.0
0.0
0.0
0.0
0.0
0.0
0.0
0.0
0.0
0.0
0.0
0.0
0.0
0.0
0.0
0.0
0.0
0.0
0.0
0.0
0.0
0.0
0.0
0.0
0.0
0.0
0.029647912306050135
0.0
0.0
0.0
0.0
0.0
0.0
0.0
0.021373256327813093
0.031441340506488134
0.0
0.0
0.009284828035204043
0.008514117673411004
0.0
0.006168706221268427
0.0
0.0037139312140816163
0.0
0.0
0.0
0.0
0.009882637435350044
0.0
0.008400098973716116
0.0
0.0
0.0
0.0
0.0
0.0
0.0
0.0
0.0
0.0
0.0
0.0
0.0
0.0
0.0
0.0
0.0
0.0
0.0
0.0
0.0
0.0
0.0
0.0
0.0
0.0
0.0
0.0
0.0
0.0
0.0
0.0
0.0
0.0
0.0
0.0
0.0
0.0
0.0
0.0
0.0
0.0
0.02785448410561213
0.008156382389306278
0.009199772158916895
0.0
0.009745220900707927
0.009524902151245318
0.0
0.0
0.0
0.0
0.0
0.0
0.0
0.0
0.0
0.0
0.0
0.0
0.0
0.0
0.0
0.0
0.0
0.0
0.0
0.0
0.0
0.0
0.0
0.0
0.0
0.0
0.0
0.0
0.0
0.0
0.0
0.0
0.0
0.0
0.0
0.0
0.0
0.0
0.0
0.0
0.0
0.0
0.0
0.0
0.0
0.0
0.0
0.0
0.0
0.0
0.0
0.0
0.0
0.0
0.0
0.0
0.0
0.0
0.0
0.0
0.0
0.0
0.0
0.0
0.0
0.0
0.0
0.0
0.06008008797808252
0.0
0.0
0.0
0.0
0.0
0.0
0.0
0.0
0.0
0.0
0.0
0.0
0.0
0.0
0.0
0.0
0.0
0.0
0.0
0.0
0.0
0.0
0.005886441704577158
0.0
0.0
0.0
0.0
0.0
0.002943220852288579
0.0
0.0
0.0
0.0
0.0
0.0
0.0
0.0
0.0
0.0
0.0
0.0
0.0
0.0
0.0
0.0
0.0
0.0
0.0
0.0
0.0
0.0
0.0
0.030944041376453013
0.0
0.0
0.0
0.0
0.0
0.0
0.0
0.0
0.0
0.0
0.0
0.0
0.0
0.0
0.0
0.0
0.0
0.0
0.0
0.0
0.0
0.0
0.0
0.0
0.0
0.0
0.0
0.0
0.0
0.009447243523299991
0.0
0.0
0.0
0.0
0.0
0.0
0.0
0.0
0.0
0.005570896821122424
0.0
0.0
0.0
0.0
0.0
0.0
0.005886441704577158
0.010257064580756925
0.0
0.0
0.0
0.0
0.0
0.08627246686512101
0.0
0.0
0.0
0.09705652522326112
0.0
0.018894487046599982
0.0
0.0
0.0
0.0
0.0
0.01839954431783379
0.0
0.022283587284489696
0.0
0.0
0.060458322145077154
0.0
0.0
0.0
0.0
0.0
0.0
0.0
0.0
0.02121038143217552
0.0
0.0
0.0
0.0
0.0
0.002943220852288579
0.0
0.0
0.0
0.0
0.0
0.0
0.0
0.0
0.0
0.007743407311617967
0.0
0.0
0.009447243523299991
0.0
0.0
0.002943220852288579
0.0
0.0
0.0
0.0
0.0
0.00687158928751579
0.0
0.0
0.0
0.005570896821122424
0.0
0.0
0.0
0.0
0.0
0.0
0.01997145619911059
0.0
0.0
0.0
0.0
0.00687158928751579
0.0
0.0
0.0
0.0
0.0
0.0
0.0
0.0
0.0
0.0
0.0
0.0
0.0
0.0
0.0
0.0
0.0
0.0
0.0
0.0
0.0
0.0
0.0
0.0
0.0
0.0
0.010013347996347087
0.0
0.0
0.01374317857503158
0.0
0.0
0.0
0.0
0.0
0.0
0.0
0.004800186459329388
0.0
0.011141793642244848
0.0
0.0
0.0
0.0
0.0
0.0104263230740354
0.0
0.0
0.0
0.0
0.0
0.0
0.0
0.00687158928751579
0.0
0.0
0.0
0.0
0.0
0.0
0.0
0.0
0.0
0.0
0.0
0.0
0.0
0.0
0.004800186459329388
0.0
0.0
0.0
0.0
0.0
0.0
0.0
0.0
0.0
0.0
0.0
0.0
0.0
0.0
0.008281011142759783
0.0
0.04079272927521911
0.0
0.009745220900707927
0.0
0.0
0.010198182318804778
0.0
0.0
0.0
0.0
0.0
0.0
0.0
0.0
0.0
0.0
0.0
0.0
0.0
0.0
0.0
0.0
0.0
0.0
0.0
0.0
0.0
0.030594546956414333
0.0
0.05157340229408835
0.0
0.0
0.0
0.0
0.0
0.0
0.0
0.0
0.0
0.0
0.0
0.0
0.0
0.0
0.0
0.0
0.0
0.0
0.0
0.0
0.007070127144058507
0.0
0.006424045535718974
0.0
0.0
0.0
0.0
0.0
0.0
0.0
0.09572896155590473
0.0
0.0
0.0
0.0
0.0
0.0
0.0
0.0
0.0
0.0
0.0
0.0
0.0
0.0
0.0
0.0
0.0
0.0
0.0
0.0
0.0
0.0
0.0
0.0
0.0
0.0
0.0
0.0
0.0
0.0
0.0
0.0
0.0
0.0
0.0
0.0
0.0
0.0
0.0
0.0
0.0
0.0
0.0
0.0
0.0
0.0
0.0
0.0
0.0
0.0
0.0
0.0
0.031441340506488134
0.0
0.0
0.0
0.0
0.0
0.0
0.0
0.0
0.0
0.008623481228455236
0.0
0.0
0.0
0.0
0.0
0.0
0.0
0.009524902151245318
0.0
0.0
0.0
0.0
0.0
0.0
0.010371083280451813
0.0
0.0
0.04800186459329388
0.0
0.0
0.0
0.0
0.0
0.0
0.0
0.0
0.0
0.0037139312140816163
0.0
0.0
0.0
0.0
0.0
0.0
0.0
0.0
0.0
0.0
0.0
0.0
0.0
0.0
0.0
0.0
0.0
0.0
0.0
0.0
0.0
0.0
0.0
0.0
0.0
0.0
0.0
0.005886441704577158
0.0
0.0
0.0
0.0018569656070408082
0.0
0.0
0.0
0.0
0.0
0.0
0.0
0.0
0.0
0.0
0.0
0.0
0.0
0.0
0.0
0.004800186459329388
0.0
0.0
0.0
0.0
0.0
0.0
0.0
0.0
0.0
0.0
0.0
0.0
0.0
0.0
0.0
0.019490441801415855
0.008728554894556598
0.0
0.0
0.0
0.0
0.0
0.0
0.0
0.0
0.0
0.0
0.0
0.0
0.0
0.0
0.0
0.0
0.0
0.0018569656070408082
0.0
0.0
0.0
0.0
0.0
0.0
0.0
0.0
0.009284828035204043
0.011141793642244848
0.0
0.0
0.0
0.0
0.0
0.0
0.0
0.0
0.0
0.0
0.0
0.0
0.0018569656070408082
0.0
0.0
0.0
0.0
0.0
0.0
0.0
0.0
0.0
0.0
0.0
0.0
0.0
0.0
0.0
0.0
0.0
0.005886441704577158
0.0
0.0
0.0
0.0
0.0
0.0
0.0
0.0
0.0
0.0
0.0
0.0
0.0018569656070408082
0.0
0.0
0.0
0.0
0.0
0.008829662556865738
0.0
0.0
0.0
0.0
0.0
0.0
0.0
0.0
0.0
0.009199772158916895
0.0
0.01822385414711401
0.0
0.0
0.020275953499601183
0.0
0.0
0.0
0.0
0.0
0.0
0.0
0.013314304132740392
0.1395652199493057
0.005886441704577158
0.0
0.0
0.0
0.00687158928751579
0.017854185502198635
0.0
0.0
0.0
0.0
0.0
0.0
0.0
0.0
0.0
0.0
0.0
0.0
0.0
0.0
0.009199772158916895
0.0
0.0
0.0
0.0
0.0
0.0
0.0
0.0
0.0
0.0
0.0
0.010076387024179526
0.0
0.01839954431783379
0.0
0.0
0.0
0.008156382389306278
0.0
0.0
0.0
0.0
0.0
0.0
0.0
0.0
0.0
0.0
0.0
0.0
0.0
0.0
0.0
0.0
0.0
0.0
0.0
0.0
0.0
0.0
0.0
0.0
0.0
0.0
0.0
0.0
0.0
0.0
0.0
0.0
0.0
0.0
0.005570896821122424
0.0
0.0
0.0
0.028574706453735957
0.0
0.0
0.0
0.0
0.0
0.0
0.002943220852288579
0.0
0.019490441801415855
0.0
0.0
0.0
0.0
0.0
0.0
0.0
0.0
0.0
0.0
0.0
0.0
0.0
0.0
0.0
0.0
0.0
0.0
0.0
0.0
0.0
0.0
0.0
0.0
0.03160049630564329
0.0
0.0
0.0
0.0
0.011141793642244848
0.0
0.0
0.0
0.020629360917635342
0.0
0.0
0.0
0.0
0.0
0.0
0.02061476786254737
0.0
0.0
0.0
0.0
0.0
0.0
0.0
0.0
0.0
0.0
0.0
0.0
0.0
0.0
0.0
0.0
0.0
0.0
0.0
0.0
0.0
0.0
0.0
0.0
0.0
0.0
0.0
0.0
0.0
0.0
0.0
0.0
0.0
0.0
0.0
0.0
0.0
0.0
0.0
0.0
0.0
0.0
0.0
0.0
0.0
0.02785448410561213
0.0
0.0
0.0
0.0
0.0
0.0
0.0
0.0
0.0
0.008514117673411004
0.0
0.0
0.0
0.0
0.0
0.0
0.0
0.0
0.0
0.0
0.0
0.0
0.002943220852288579
0.0
0.0
0.0
0.0
0.0
0.0
0.0
0.0
0.0
0.0
0.0
0.0
0.008927092751099317
0.0
0.0
0.0
0.0
0.0
0.0
0.0
0.0
0.0
0.0
0.007888255293667119
0.0
0.0
0.0
0.0
0.0
0.0
0.0
0.0
0.0
0.0
0.0
0.0
0.0384014916746351
0.0
0.0
0.0
0.0
0.0
0.0
0.0
0.0
0.0
0.0
0.0
0.0
0.006657152066370196
0.0
0.0
0.0
0.006424045535718974
0.0
0.0
0.0
0.0
0.0
0.0
0.0
0.0
0.0
0.0
0.0
0.0
0.0
0.0
0.0
0.0
0.0
0.0052131615370177
0.0
0.0
0.0
0.005886441704577158
0.0
0.0
0.0
0.0
0.0
0.0
0.0
0.008400098973716116
0.0
0.0
0.0
0.0
0.0
0.0
0.0
0.0
0.0
0.0
0.0
0.0
0.0
0.0
0.0
0.0
0.0
0.0
0.0
0.0
0.0
0.0
0.0
0.0
0.0
0.0
0.0
0.0
0.0
0.0
0.0
0.0
0.0
0.0
0.0
0.0
0.0
0.0
0.0
0.009199772158916895
0.0
0.0
0.0
0.0
0.0
0.0
0.0
0.0
0.0
0.0
0.0
0.0
0.0
0.0
0.0
0.0
0.0
0.0
0.0
0.0
0.0
0.0
0.0
0.0
0.0
0.0
0.0
0.0
0.0
0.0
0.0
0.0
0.0
0.0
0.0
0.0
0.0
0.0
0.0
0.01934755146291189
0.0
0.0
0.0
0.0
0.0
0.0
0.0
0.0
0.0
0.0
0.0
0.0
0.0
0.0
0.0
0.0
0.0
0.0
0.0
0.0
0.0
0.0
0.0
0.0
0.0
0.0
0.0
0.0
0.0
0.0
0.0
0.0
0.0
0.0
0.0
0.0
0.0
0.0
0.0
0.0
0.0
0.0
0.0
0.0
0.0
0.0
0.0
0.0
0.0
0.0
0.005886441704577158
0.0
0.0
0.0
0.0
0.0
0.0
0.0
0.0
0.0
0.0
0.0
0.0
0.0
0.0
0.0
0.0
0.0
0.0
0.0
0.0
0.0
0.0
0.0
0.0
0.0
0.0
0.010371083280451813
0.0
0.0
0.0
0.0
0.0
0.0
0.010013347996347087
0.0
0.008927092751099317
0.0
0.0
0.0
0.0
0.0018569656070408082
0.0
0.01934755146291189
0.0
0.0
0.0
0.0
0.0
0.0
0.0
0.0
0.010371083280451813
0.0
0.0
0.004800186459329388
0.0
0.0
0.0
0.005886441704577158
0.0
0.0
0.0
0.0
0.0
0.0
0.017659325113731476
0.006424045535718974
0.0
0.0
0.0
0.0
0.0
0.0
0.0
0.0
0.0018569656070408082
0.0
0.0
0.0
0.0
0.0
0.0
0.009111927073557005
0.0
0.0
0.0
0.0
0.0
0.0
0.0
0.0
0.008025671828309235
0.0
0.0
0.0
0.0
0.0
0.0
0.0
0.0
0.0
0.0
0.006424045535718974
0.0
0.0
0.0
0.007427862428163233
0.0
0.0037139312140816163
0.0
0.0
0.0
0.0
0.0
0.008927092751099317
0.0
0.006424045535718974
0.0
0.019765274870700088
0.0
0.0
0.0
0.017659325113731476
0.0
0.0
0.0
0.009284828035204043
0.0
0.0037139312140816163
0.0
0.0
0.0
0.0
0.0
0.0
0.0
0.0
0.0
0.0
0.0
0.0
0.0
0.014140254288117014
0.0
0.0
0.0
0.0
0.0
0.015486814623235933
0.0
0.08927092751099316
0.0
0.0
0.0
0.0
0.0
0.0
0.008728554894556598
0.0
0.0
0.0
0.0
0.0
0.0018569656070408082
0.0
0.0
0.0
0.0
0.0
0.00981481013980437
0.0
0.0
0.0
0.0
0.0
0.0
0.0
0.0
0.0
0.0
0.0
0.0
0.0
0.0
0.0
0.0
0.0
0.0
0.0
0.0
0.0
0.0
0.0
0.0
0.0
0.0
0.0
0.0
0.0
0.0
0.0
0.0
0.0
0.0
0.0
0.0
0.0
0.0
0.0
0.04148433312180725
0.0
0.0
0.0
0.0
0.0
0.0
0.007743407311617967
0.0
0.0
0.0
0.0
0.008514117673411004
0.00994878981050832
0.0
0.0
0.009367266388007554
0.0
0.0
0.0
0.0
0.0
0.0
0.0
0.0
0.0
0.0
0.0
0.0
0.0
0.0
0.0
0.0
0.0
0.0
0.0
0.0
0.0
0.0
0.0
0.0
0.0
0.0
0.0
0.0
0.0
0.0
0.0
0.0
0.0
0.0
0.0
0.0
0.005570896821122424
0.0
0.0
0.006657152066370196
0.0
0.0
0.0
0.0
0.0
0.0
0.0
0.0
0.0
0.0
0.0
0.0
0.0
0.0
0.0
0.0
0.0
0.0
0.0
0.0
0.0
0.0
0.0
0.0
0.0
0.0
0.0
0.0
0.0
0.0
0.0
0.0
0.008829662556865738
0.0
0.0
0.0
0.0
0.0
0.0
0.004311740614227618
0.0
0.0
0.0
0.0
0.0
0.0
0.02051412916151385
0.0
0.006424045535718974
0.0
0.0
0.041258721835270684
0.0
0.0
0.12882943379935913
0.00687158928751579
0.0
0.0
0.0
0.0
0.0
0.0
0.0
0.0
0.0
0.005570896821122424
0.0
0.0
0.0
0.0
0.0
0.0
0.0
0.0
0.0
0.0
0.0
0.0
0.0
0.0
0.0
0.0
0.0
0.0
0.0
0.0
0.0
0.0
0.016800197947432233
0.0
0.0
0.0
0.0
0.0
0.0
0.0
0.0
0.0
0.0
0.0
0.0
0.0
0.0
0.0
0.0
0.0
0.0
0.0
0.0
0.0
0.0
0.0
0.0
0.0
0.0
0.0
0.0
0.0
0.0
0.0
0.0
0.0
0.0
0.0
0.0
0.0
0.0
0.0
0.0
0.0
0.0
0.0
0.0
0.0
0.0
0.0
0.0
0.0
0.0
0.0
0.0
0.0
0.0
0.0
0.0
0.0
0.0
0.0
0.0
0.0
0.0
0.0
0.0
0.0
0.0
0.0
0.0
0.0
0.0
0.0
0.0
0.009199772158916895
0.0
0.009021103627609781
0.0
0.0
0.009882637435350044
0.0
0.0
0.0
0.0
0.002943220852288579
0.0
0.0037139312140816163
0.0
0.0
0.0
0.0
0.0
0.0
0.0
0.0
0.0
0.0
0.0
0.0
0.008728554894556598
0.0
0.0
0.0
0.0
0.0
0.0
0.0
0.0
0.0
0.0
0.0
0.0
0.0
0.0
0.0
0.0
0.0
0.0
0.009284828035204043
0.0
0.0
0.0
0.0
0.0
0.0
0.01989757962101664
0.0
0.0
0.0
0.0
0.0
0.0
0.0
0.0
0.006424045535718974
0.0
0.0
0.0
0.0
0.0
0.0
0.0
0.0
0.0
0.0
0.0
0.0
0.0
0.0
0.0
0.0
0.0
0.05929582461210027
0.0
0.0
0.0
0.0
0.002943220852288579
0.0
0.0
0.0
0.0
0.0
0.0
0.0
0.0
0.0
0.0
0.0
0.0
0.0
0.0
0.0
0.0
0.0
0.004311740614227618
0.0
0.0
0.0
0.0
0.002943220852288579
0.0
0.0
0.042342082006389635
0.0
0.0
0.0
0.0
0.0
0.008156382389306278
0.008829662556865738
0.0
0.007888255293667119
0.009199772158916895
0.0
0.0
0.0
0.0
0.0
0.0
0.0
0.0
0.0
0.0
0.0
0.0
0.0
0.0
0.0
0.0
0.0
0.0
0.0
0.0
0.0
0.0
0.0
0.0
0.0
0.0
0.0
0.0
0.0
0.0
0.008156382389306278
0.0
0.00687158928751579
0.0
0.0
0.0052131615370177
0.0
0.0
0.0
0.0
0.0
0.0
0.0
0.0
0.0
0.0
0.0
0.0
0.0
0.006424045535718974
0.04148433312180725
0.0
0.0
0.0
0.0
0.0
0.0
0.0
0.0
0.006424045535718974
0.0
0.0
0.0
0.0
0.0
0.0
0.0
0.0
0.0
0.0
0.0
0.0
0.0
0.0
0.0
0.0
0.0
0.0
0.0
0.0
0.0
0.0
0.0
0.0
0.0
0.0
0.0
0.0
0.0
0.0
0.0
0.0
0.017659325113731476
0.0
0.0
0.0
0.0
0.0
0.0
0.0
0.0
0.0
0.0
0.0
0.0
0.0
0.0
0.07548840850698088
0.0
0.0
0.0
0.0
0.0
0.0
0.0
0.0
0.0
0.0
0.0
0.0
0.0
0.0
0.006168706221268427
0.0
0.0
0.0
0.0
0.0
0.0
0.00994878981050832
0.0
0.0
0.0
0.0
0.007427862428163233
0.0
0.0
0.0
0.0
0.0
0.0
0.0
0.0
0.0
0.007070127144058507
0.0
0.0
0.0
0.0
0.0
0.011141793642244848
0.0
0.004800186459329388
0.0
0.0
0.0
0.02127310256797883
0.009199772158916895
0.0
0.0
0.0
0.0
0.0
0.0
0.0
0.016800197947432233
0.0
0.0
0.0
0.0
0.0
0.0
0.0
0.0
0.0
0.0
0.0
0.0
0.0
0.01962962027960874
0.0
0.009745220900707927
0.0
0.29782343595170363
0.0
0.0
0.0
0.0
0.0
0.0
0.0
0.00981481013980437
0.0
0.0
0.0
0.0
0.0
0.0
0.018734532776015108
0.0
0.0
0.0
0.0
0.0
0.06441471689967956
0.0
0.0
0.0
0.0
0.0
0.0
0.0
0.0
0.0
0.0
0.0
0.0
0.0
0.0
0.0
0.0
0.0
0.0
0.0
0.0
0.0
0.0
0.0
0.0
0.0
0.0
0.0
0.0
0.0
0.042746512655626186
0.0
0.009600372918658775
0.0
0.0
0.0
0.0
0.0
0.0
0.0
0.0
0.0
0.0
0.0
0.0
0.0
0.0
0.0
0.0
0.0
0.0
0.0
0.0
0.012848091071437948
0.0
0.007427862428163233
0.0
0.0
0.0
0.0
0.0
0.0
0.0
0.0
0.0
0.0
0.0
0.0
0.0
0.0
0.0
0.0
0.0
0.0
0.0037139312140816163
0.0
0.0
0.0
0.0
0.0
0.0
0.0
0.0
0.0
0.0
0.0
0.0
0.0
0.0
0.0
0.0
0.0
0.0
0.0
0.0
0.0
0.0
0.0
0.0
0.0
0.0
0.0
0.0
0.0
0.0
0.0
0.0
0.0
0.0
0.0
0.0
0.0
0.0
0.0
0.0
0.0
0.0
0.0
0.0
0.0
0.0
0.0
0.0
0.0
0.008400098973716116
0.005886441704577158
0.0
0.0
0.0
0.0
0.0
0.0
0.0
0.0
0.0
0.0
0.0
0.0
0.0
0.0
0.0
0.0
0.0
0.0
0.011772883409154316
0.009284828035204043
0.0
0.0
0.0
0.0
0.0
0.0
0.0
0.0
0.0
0.0
0.0
0.0
0.0
0.0
0.0
0.0
0.0
0.0
0.0
0.0
0.0
0.0
0.0
0.0
0.0
0.0
0.0
0.0
0.0
0.0
0.0
0.0
0.0
0.0
0.0
0.010585520501597409
0.0
0.0
0.0
0.0
0.0
0.0
0.0
0.0
0.0
0.0
0.0
0.0
0.0
0.0
0.0
0.0
0.0
0.0
0.0
0.0
0.0
0.0
0.0
0.1164407255175715
0.0
0.0
0.0
0.0
0.0
0.0
0.016562022285519565
0.007427862428163233
0.0
0.009600372918658775
0.0
0.0
0.0
0.0
0.0
0.0
0.0
0.009673775731455945
0.0
0.0
0.0
0.0
0.007427862428163233
0.0
0.007254961466516198
0.0
0.0
0.0
0.0
0.0
0.0
0.0
0.0
0.0
0.0
0.0
0.0
0.0
0.0
0.0
0.0
0.0
0.0
0.0
0.0
0.0
0.0
0.0
0.0
0.0
0.0
0.0
0.0
0.009524902151245318
0.0
0.0
0.0
0.010137976749800591
0.0
0.0
0.0
0.0
0.0
0.0
0.0
0.0
0.0
0.0
0.0
0.0
0.0
0.0
0.0
0.0
0.0
0.0
0.0
0.0
0.0
0.0
0.0
0.0
0.0
0.0
0.0
0.2911695756697834
0.00687158928751579
0.0
0.0
0.0
0.0
0.0
0.0
0.0
0.0
0.0
0.0
0.09526968451437667
0.0
0.0
0.0
0.0
0.0
0.0
0.0
0.0
0.0
0.0
0.0
0.04800186459329388
0.0
0.0
0.0
0.0
0.08706398158310351
0.0
0.0
0.009524902151245318
0.0
0.0
0.0
0.0
0.0
0.017246962456910472
0.0
0.0
0.04005339198538835
0.0
0.0
0.0
0.0
0.0
0.0
0.0
0.0
0.0
0.0
0.0
0.0
0.0
0.0
0.0
0.009447243523299991
0.0
0.0
0.005570896821122424
0.0
0.0
0.0
0.0
0.0
0.0
0.0
0.0
0.0
0.0
0.0
0.0
0.0018569656070408082
0.0
0.002943220852288579
0.0
0.0
0.0
0.0
0.0
0.0
0.0
0.007070127144058507
0.0
0.009447243523299991
0.010013347996347087
0.0
0.018569656070408086
0.0
0.0
0.0
0.0
0.0
0.0
0.0
0.0
0.0
0.0
0.0
0.0
0.0
0.0
0.0
0.0
0.0
0.0
0.0
0.0
0.0
0.0
0.0
0.0
0.0
0.0
0.0
0.0
0.0
0.0
0.0
0.0
0.0
0.0
0.0
0.006657152066370196
0.0
0.0
0.0
0.007743407311617967
0.0
0.0
0.0
0.0
0.0
0.0
0.0
0.0
0.0
0.0
0.019049804302490637
0.0
0.0
0.0
0.0
0.0
0.0
0.0
0.007254961466516198
0.0
0.0
0.0
0.0
0.0
0.0
0.0
0.0
0.0
0.0
0.0
0.0
0.0
0.0
0.0
0.0
0.0
0.0
0.0
0.0
0.0
0.0
0.0
0.0
0.0
0.0
0.0
0.0
0.0
0.0
0.0410282583230277
0.0
0.0
0.0
0.0
0.0
0.0
0.0
0.0
0.0
0.0
0.0
0.0
0.0
0.0
0.0
0.0
0.0
0.0
0.010480446835496045
0.0
0.0
0.0
0.0
0.0
0.0
0.0
0.0
0.0
0.0
0.0
0.0
0.0
0.0
0.0
0.0
0.0
0.0
0.0
0.0
0.0
0.0
0.0
0.0
0.0
0.0
0.0
0.00687158928751579
0.0
0.0
0.0
0.0
0.0
0.0
0.002943220852288579
0.0
0.0
0.0
0.0
0.0
0.009111927073557005
0.0
0.0
0.009600372918658775
0.0
0.0
0.0
0.006168706221268427
0.0
0.0
0.0
0.008514117673411004
0.0
0.11862464193954138
0.0
0.0
0.0
0.0
0.0
0.0
0.0
0.0
0.0
0.0
0.0
0.0
0.0
0.0
0.0
0.0
0.0
0.0
0.0
0.0
0.0
0.0
0.0
0.0
0.0
0.0
0.0
0.0
0.0
0.17906947906531198
0.0
0.0
0.0
0.005570896821122424
0.0
0.0
0.0
0.002943220852288579
0.0
0.0
0.0
0.0
0.0
0.0
0.0
0.0
0.0
0.0
0.0
0.0
0.0
0.0
0.0
0.0
0.0
0.0
0.0
0.0
0.0
0.0
0.0
0.021471572299893188
0.009882637435350044
0.0
0.0
0.0
0.0
0.0
0.0
0.0
0.0052131615370177
0.0
0.020396364637609556
0.0
0.0
0.0
0.0
0.0
0.0
0.0
0.0
0.0
0.0
0.0
0.0
0.0
0.007888255293667119
0.0
0.008728554894556598
0.0
0.0
0.0
0.0
0.0
0.0
0.0
0.0
0.0
0.0
0.0
0.0
0.0
0.0
0.0
0.008400098973716116
0.0
0.0
0.0
0.0
0.0
0.0
0.0
0.0
0.0
0.0
0.006657152066370196
0.0
0.0
0.0
0.0
0.004311740614227618
0.0
0.0
0.0
0.0
0.0
0.0
0.0
0.0
0.0
0.0
0.0
0.0
0.0
0.0
0.0312789692221062
0.0
0.0
0.0
0.0
0.0
0.0
0.0
0.0
0.0
0.0
0.0
0.0
0.0
0.0
0.0
0.0
0.0
0.0
0.0
0.030944041376453013
0.0
0.0
0.0
0.0
0.0
0.0
0.0
0.0
0.0
0.0
0.0
0.02520029692114835
0.0
0.0
0.0
0.0
0.0
0.0
0.0
0.0
0.0
0.007743407311617967
0.0
0.0
0.007427862428163233
0.023230221934853898
0.023664765881001356
0.0
0.0
0.0
0.0
0.0
0.0
0.008829662556865738
0.0
0.0
0.0
0.0
0.0
0.0
0.0
0.0
0.0
0.0
0.0
0.0
0.0
0.0
0.010371083280451813
0.0
0.0
0.0
0.0
0.0
0.0
0.0
0.0
0.0
0.0
0.0
0.0
0.0
0.0
0.0
0.005886441704577158
0.0
0.0
0.0
0.009447243523299991
0.0
0.0417052922961416
0.0
0.0
0.006424045535718974
0.0
0.0
0.0
0.0
0.09617965347515893
0.0
0.0
0.0
0.0
0.0
0.0
0.0052131615370177
0.0
0.0
0.0
0.0
0.0
0.0
0.0
0.0
0.0
0.0
0.0
0.0
0.0
0.0
0.0
0.0
0.0
0.0
0.026488987670597215
0.008728554894556598
0.0
0.0
0.0
0.0
0.0104263230740354
0.015486814623235933
0.0
0.0018569656070408082
0.0
0.0
0.0
0.0
0.0
0.0
0.0
0.009524902151245318
0.007590277916259183
0.0
0.02051412916151385
0.0
0.0
0.0
0.0
0.0
0.0
0.0
0.0
0.018042207255219562
0.0
0.0
0.0
0.0
0.02944443041941311
0.0
0.0
0.0
0.0
0.018569656070408086
0.0
0.0
0.0
0.0
0.0
0.0
0.008514117673411004
0.009111927073557005
0.0
0.0
0.0
0.0
0.0
0.0
0.0
0.0
0.0
0.0
0.0
0.0
0.0
0.0
0.0
0.0
0.0
0.0
0.0
0.0
0.0
0.0
0.0
0.0
0.0
0.0
0.00687158928751579
0.0
0.0
0.0
0.0
0.0
0.0
0.0
0.037788974093199965
0.0
0.12823953796687856
0.009199772158916895
0.0
0.0
0.0
0.0
0.0
0.0
0.0
0.0
0.0
0.0
0.0
0.0
0.0
0.0
0.0
0.0
0.0
0.0
0.0
0.0
0.0
0.0
0.01839954431783379
0.010533498768547762
0.0
0.0
0.0
0.0
0.0
0.0
0.0
0.0
0.0
0.0
0.0
0.0
0.0
0.0
0.0
0.0
0.0
0.0
0.0
0.0
0.0
0.0
0.00981481013980437
0.0
0.0
0.0
0.0
0.0
0.0
0.0
0.0
0.0
0.0
0.0
0.007254961466516198
0.0
0.0
0.0
0.0
0.0
0.0
0.0
0.030944041376453013
0.0
0.010198182318804778
0.0
0.005886441704577158
0.0
0.0
0.0
0.0
0.0
0.0
0.0
0.0
0.0
0.0
0.0
0.0
0.0
0.0
0.0
0.0
0.0
0.0
0.008927092751099317
0.0
0.0
0.0
0.009673775731455945
0.0
0.0
0.0
0.0
0.0
0.0
0.0
0.0
0.0
0.0
0.0
0.0
0.0
0.0
0.0
0.0
0.0
0.0
0.0
0.0
0.0
0.0
0.0
0.02554235302023301
0.0
0.0
0.00687158928751579
0.0
0.0
0.0
0.009673775731455945
0.0
0.0
0.0
0.0
0.0
0.0
0.0
0.0
0.0
0.009882637435350044
0.0
0.0
0.0
0.0
0.07373449137983433
0.0
0.0
0.0
0.0
0.0
0.0
0.0
0.0
0.0
0.0
0.0
0.0
0.0
0.0
0.0
0.0
0.0
0.0
0.0
0.0
0.0
0.0
0.0
0.0
0.0018569656070408082
0.0
0.0
0.0
0.0
0.0
0.007888255293667119
0.0
0.0
0.0
0.0
0.0
0.0
0.0
0.0
0.0
0.0
0.0
0.0
0.0
0.0
0.0
0.007254961466516198
0.0
0.0
0.0
0.03004004398904126
0.0
0.0
0.0
0.0
0.0
0.0
0.0
0.0
0.0
0.0
0.0
0.0
0.021373256327813093
0.0
0.0
0.0
0.0
0.0
0.020396364637609556
0.0
0.0
0.0
0.0
0.0
0.0
0.0
0.0
0.0
0.0
0.0
0.0
0.008156382389306278
0.0
0.014855724856326465
0.0
0.0
0.0
0.0
0.0
0.0
0.0
0.0
0.0
0.0
0.0
0.0
0.0
0.0
0.0
0.0
0.0
0.0
0.00994878981050832
0.07515050304962616
0.0
0.0
0.0
0.0
0.018894487046599982
0.0
0.0
0.0
0.0
0.0
0.0
0.0
0.0
0.0
0.031756561504792225
0.01962962027960874
0.0
0.0
0.0
0.0
0.0
0.0
0.0
0.0
0.0
0.0
0.0
0.0
0.0
0.0
0.0
0.028341730569899977
0.0
0.0
0.0
0.0
0.0
0.0
0.005886441704577158
0.0
0.0
0.0
0.0
0.0
0.0
0.0
0.0
0.0
0.0
0.0
0.0
0.0
0.0
0.0
0.0
0.0
0.0
0.0
0.0
0.0
0.020742166560903625
0.0
0.0
0.0
0.0
0.0
0.0
0.0
0.0
0.0
0.0
0.0
0.0
0.0
0.0
0.029019845866064792
0.0
0.0
0.0
0.0
0.0
0.0
0.0
0.0
0.0
0.0
0.0
0.0
0.0
0.006424045535718974
0.004311740614227618
0.0
0.0
0.0
0.0
0.0
0.008156382389306278
0.0
0.021568116716280252
0.0
0.009745220900707927
0.0
0.0
0.0
0.00994878981050832
0.0
0.04213399507419105
0.0
0.0
0.0
0.0
0.0
0.0
0.0
0.0
0.0
0.0
0.0
0.0
0.0
0.0
0.009673775731455945
0.0
0.0
0.0
0.0
0.0
0.0
0.0
0.0
0.0
0.0
0.0
0.0
0.0
0.0
0.0
0.0
0.0
0.0
0.0
0.0
0.0
0.0
0.0
0.0
0.008829662556865738
0.0
0.0
0.0
0.0
0.0
0.0
0.0
0.0
0.029235662702123782
0.008829662556865738
0.015486814623235933
0.0
0.0
0.0
0.0
0.0
0.0
0.0
0.0
0.04122953572509474
0.0
0.0
0.0
0.0
0.0
0.0
0.0
0.0
0.0
0.0
0.0
0.0
0.07548840850698088
0.0
0.0037139312140816163
0.010636551283989415
0.0
0.0
0.028801118755976327
0.0
0.0
0.0
0.0
0.0
0.0
0.0
0.0
0.0
0.009021103627609781
0.0
0.0
0.0
0.0
0.0
0.0
0.0
0.0
0.0
0.0
0.0
0.0
0.0
0.0
0.0
0.08509241027191532
0.0
0.0
0.0
0.0
0.0
0.009367266388007554
0.0
0.0
0.0
0.0
0.0
0.0
0.0
0.0
0.021066997537095525
0.0
0.0
0.0
0.0
0.0
0.31273769238606364
0.0
0.0
0.0
0.0
0.021373256327813093
0.0
0.0
0.0
0.0
0.0
0.0
0.0
0.0
0.0
0.0
0.0
0.0
0.0
0.0
0.0
0.0
0.0
0.0
0.0
0.0
0.0
0.0
0.0104263230740354
0.0
0.0
0.0
0.0
0.0
0.0
0.0
0.0
0.0
0.0
0.0
0.0
0.0
0.0
0.0
0.0
0.0
0.0
0.0
0.0
0.0
0.0
0.0
0.0
0.0
0.0
0.0
0.0
0.0
0.0
0.0
0.0
0.0
0.0
0.0
0.0
0.0037139312140816163
0.0
0.0
0.0
0.0
0.007254961466516198
0.0
0.0
0.0
0.0
0.0
0.0
0.0
0.0
0.0
0.0
0.0
0.0
0.0
0.0
0.0
0.0
0.0
0.0
0.0
0.0
0.0
0.0
0.0
0.0
0.0
0.0
0.0
0.010076387024179526
0.0
0.0
0.0
0.0
0.0
0.0
0.0
0.0
0.0
0.0
0.0
0.0
0.0
0.0
0.0
0.0
0.0
0.0
0.0
0.0
0.0
0.0
0.0
0.0
0.0
0.0
0.0
0.0
0.008400098973716116
0.0
0.0
0.0
0.0
0.0
0.0
0.0
0.0
0.0
0.0
0.0
0.0
0.006168706221268427
0.0
0.0
0.0
0.0
0.0
0.0
0.0
0.0
0.0
0.007427862428163233
0.0
0.0
0.0
0.08627246686512101
0.0
0.018894487046599982
0.0
0.0
0.0
0.0
0.0
0.0
0.0
0.0
0.0
0.0
0.0
0.0
0.0
0.0
0.0
0.0
0.0
0.0
0.0
0.0
0.027063310882829348
0.0
0.0
0.0
0.0
0.0
0.0
0.0
0.0
0.0
0.0
0.0
0.0
0.0052131615370177
0.0
0.0
0.0
0.0
0.0
0.0
0.0
0.0
0.0
0.0
0.0
0.0
0.0
0.0
0.0
0.0
0.0
0.0
0.0
0.0
0.0
0.0
0.0
0.0
0.0
0.0
0.0
0.0
0.0
0.009111927073557005
0.0
0.0
0.0
0.0
0.0
0.04148433312180725
0.0
0.0
0.0
0.0
0.0
0.0
0.0
0.0
0.0
0.0
0.0
0.0
0.0052131615370177
0.0
0.0
0.0
0.0
0.0
0.013314304132740392
0.0
0.0
0.0
0.0
0.0
0.0
0.0
0.0
0.0
0.0
0.002943220852288579
0.0
0.0
0.0
0.0
0.0
0.0
0.0
0.0
0.0
0.020275953499601183
0.0018569656070408082
0.00994878981050832
0.0
0.009600372918658775
0.0
0.007070127144058507
0.0
0.0
0.0
0.0
0.0
0.0
0.0
0.0
0.0
0.0
0.0
0.0
0.0
0.0
0.0
0.0
0.0
0.0
0.0
0.0
0.0
0.0
0.0
0.0
0.0
0.0
0.0
0.0
0.0
0.0
0.01920074583731755
0.0
0.0052131615370177
0.0
0.0
0.0
0.0
0.0
0.0
0.0
0.0
0.0
0.0
0.0
0.0
0.0
0.0
0.0
0.0
0.0018569656070408082
0.0
0.0
0.0
0.0
0.0
0.0
0.0
0.0
0.0
0.0
0.0
0.0
0.0
0.0
0.0
0.0
0.0
0.0
0.0
0.0
0.0
0.0
0.0
0.0
0.0
0.0
0.0
0.0
0.0
0.0
0.01374317857503158
0.031756561504792225
0.005886441704577158
0.0
0.0
0.005886441704577158
0.0
0.0
0.0
0.0
0.0
0.0
0.0
0.0
0.0
0.0
0.0
0.0
0.0
0.0
0.0
0.0
0.0
0.0
0.0
0.0
0.0
0.0
0.0
0.0
0.0
0.0
0.0
0.0
0.0
0.0
0.0
0.0
0.0
0.0
0.0
0.0
0.0
0.0
0.0
0.0
0.0
0.0
0.0
0.0
0.0
0.0
0.0
0.005886441704577158
0.016312764778612557
0.00687158928751579
0.0
0.0
0.0
0.0
0.0
0.0
0.0
0.0
0.0
0.0
0.0
0.0
0.0
0.0
0.0
0.0
0.0
0.0
0.015180555832518367
0.0
0.0
0.0
0.0
0.0
0.0
0.0
0.0
0.0
0.0
0.0
0.0
0.0
0.0
0.0
0.0
0.0
0.0
0.0
0.0
0.0
0.006424045535718974
0.0
0.0
0.0
0.0
0.0
0.0
0.0
0.0
0.0
0.01962962027960874
0.0
0.0
0.0
0.0
0.0
0.0
0.0
0.0
0.0
0.0
0.0
0.0
0.0
0.0
0.009199772158916895
0.0
0.0
0.0
0.0
0.0
0.0
0.0
0.0
0.0
0.0
0.0
0.0
0.0
0.0
0.0
0.0
0.0
0.0
0.0
0.0
0.0
0.0
0.0
0.0
0.0
0.0
0.0
0.0
0.0
0.0
0.0
0.007070127144058507
0.0
0.0
0.03190965385196824
0.0
0.0
0.0
0.0
0.0
0.0
0.0
0.0
0.0
0.0
0.0
0.05656101715246806
0.0
0.0
0.0
0.0
0.0
0.0
0.0
0.0
0.0
0.0
0.0
0.002943220852288579
0.0
0.0
0.007427862428163233
0.0
0.0
0.0
0.0
0.009745220900707927
0.0052131615370177
0.0
0.0
0.0
0.0
0.0
0.0
0.0
0.0
0.0052131615370177
0.004311740614227618
0.0
0.0
0.0
0.01605134365661847
0.0
0.0
0.0
0.0
0.0
0.0
0.0
0.0
0.0
0.0
0.0
0.0
0.0
0.0
0.0
0.0
0.0
0.0
0.0
0.0
0.0
0.0
0.0
0.0
0.0
0.0
0.03004004398904126
0.007427862428163233
0.0
0.0
0.0
0.0
0.0
0.0
0.008025671828309235
0.009367266388007554
0.0
0.0
0.0
0.0
0.0
0.0
0.0
0.0
0.0
0.0
0.0
0.0
0.0
0.01989757962101664
0.0
0.0
0.0
0.0
0.0
0.0
0.0
0.0
0.0
0.0
0.0
0.0
0.0
0.0
0.0
0.0
0.0
0.0
0.0
0.0
0.0
0.0
0.0
0.0
0.0
0.0
0.0
0.0
0.00687158928751579
0.0
0.0
0.0
0.0
0.0
0.0
0.0
0.0
0.0
0.008025671828309235
0.0
0.0
0.0
0.0
0.0
0.0
0.0
0.0
0.0
0.018894487046599982
0.0
0.0
0.01839954431783379
0.0
0.006657152066370196
0.0
0.0
0.0
0.0
0.0
0.0
0.0
0.0
0.0
0.0
0.0
0.011141793642244848
0.0018569656070408082
0.0
0.0
0.0
0.0
0.01962962027960874
0.0
0.0
0.0
0.0
0.0
0.0
0.0
0.0
0.0
0.0018569656070408082
0.0
0.0
0.0
0.0
0.0
0.0
0.0
0.0
0.0
0.0
0.0
0.0
0.0
0.0
0.0
0.0
0.0
0.0
0.0
0.0
0.007254961466516198
0.0
0.0
0.0
0.0
0.0
0.0
0.0
0.0
0.0
0.010686628163906546
0.0
0.009524902151245318
0.0
0.0
0.0
0.0
0.0
0.0
0.0
0.0
0.0
0.0
0.016312764778612557
0.0
0.0
0.0
0.0
0.0
0.0
0.0
0.0
0.0
0.0
0.0
0.0
0.0
0.0
0.0
0.0
0.0
0.0
0.009367266388007554
0.0
0.0
0.0
0.0
0.009524902151245318
0.0
0.0
0.0
0.0
0.0
0.007254961466516198
0.0
0.0
0.0
0.0
0.0
0.0
0.0
0.005886441704577158
0.0
0.0
0.0
0.0
0.0052131615370177
0.0
0.0
0.0
0.0
0.0
0.0
0.0
0.0
0.0
0.0
0.0
0.0
0.004311740614227618
0.0
0.0
0.0
0.0
0.0
0.0
0.005886441704577158
0.0
0.0
0.0
0.0
0.0
0.0
0.0
0.0
0.0
0.0
0.0
0.0
0.0
0.0
0.0
0.0
0.0
0.0
0.007427862428163233
0.0
0.0
0.0
0.0
0.0
0.0
0.0
0.0
0.0
0.04456717456897939
0.0
0.0
0.0
0.0
0.0
0.0
0.0
0.0
0.0
0.0
0.0
0.0
0.0
0.0
0.0
0.0
0.0
0.0
0.0
0.0
0.0
0.0
0.0
0.0
0.0
0.0
0.0
0.0
0.0
0.0
0.0
0.0
0.0
0.0
0.0
0.0
0.0
0.0
0.0
0.0
0.01839954431783379
0.0
0.0
0.0
0.0
0.0
0.0
0.0
0.0
0.0
0.0
0.0
0.0
0.04148433312180725
0.0
0.0
0.0
0.0
0.0
0.0
0.0
0.006168706221268427
0.0
0.0
0.0
0.0
0.0
0.0
0.0
0.0
0.0
0.0
0.0
0.0
0.0
0.0
0.0
0.0
0.0
0.0
0.0
0.0
0.0
0.0
0.0
0.0
0.0
0.0
0.0
0.0
0.0
0.007743407311617967
0.0
0.0
0.0
0.0
0.0
0.0
0.0
0.0
0.0
0.0
0.0
0.0
0.0
0.0
0.0
0.0037139312140816163
0.008728554894556598
0.0
0.0
0.0
0.0
0.0
0.0
0.0
0.0
0.0
0.0
0.0
0.0
0.0
0.0
0.1294087002976815
0.0
0.0
0.0
0.0
0.0
0.0
0.0
0.0
0.0
0.0
0.0
0.020742166560903625
0.0
0.0
0.0
0.009284828035204043
0.0
0.029021327194367837
0.0
0.0
0.0
0.0
0.007888255293667119
0.0
0.009021103627609781
0.0
0.0
0.0
0.0
0.02121038143217552
0.0
0.0
0.0
0.0
0.0
0.0
0.0
0.0
0.0
0.0
0.0
0.019490441801415855
0.0
0.0
0.0
0.020629360917635342
0.016800197947432233
0.0
0.0
0.0
0.0
0.0
0.0
0.0
0.0
0.0
0.0
0.0
0.0
0.0
0.0
0.0
0.010314680458817671
0.0
0.0
0.0
0.0
0.0
0.0
0.0
0.0
0.0
0.0
0.0
0.0
0.0
0.0
0.0
0.0
0.0
0.0
0.0
0.0
0.0
0.0
0.0
0.0
0.0
0.0
0.0
0.008927092751099317
0.0
0.0
0.0
0.0
0.0
0.008829662556865738
0.0
0.0
0.0
0.010198182318804778
0.0
0.0
0.0
0.008025671828309235
0.0
0.0
0.0
0.0
0.0
0.009673775731455945
0.0
0.0
0.0
0.0
0.0
0.0
0.0
0.0
0.0
0.0
0.0
0.0
0.0
0.0
0.0
0.0
0.0
0.0
0.0
0.0
0.0
0.0
0.0
0.0
0.0
0.0
0.0
0.0
0.0
0.0
0.0
0.0
0.0
0.004311740614227618
0.0
0.008728554894556598
0.0
0.0
0.009284828035204043
0.0
0.0
0.0
0.0
0.0
0.0
0.0
0.0
0.0
0.0
0.0
0.0
0.0
0.0
0.0
0.0
0.0
0.0
0.0
0.0
0.0
0.0
0.0
0.0
0.0
0.0
0.0
0.0
0.0
0.0
0.0
0.0
0.021471572299893188
0.0
0.0
0.0
0.0
0.0
0.0
0.02520029692114835
0.006168706221268427
0.0
0.0
0.0
0.0
0.0
0.0
0.0
0.0
0.0
0.008281011142759783
0.0
0.0
0.0
0.017028235346822008
0.009745220900707927
0.004311740614227618
0.0
0.009021103627609781
0.0
0.0
0.0
0.0
0.0
0.0
0.0
0.0
0.0
0.0
0.0
0.0
0.0
0.0
0.0
0.0
0.0
0.0
0.0
0.0
0.0
0.0
0.0
0.0
0.0
0.0
0.0
0.002943220852288579
0.0
0.0
0.0
0.0
0.0
0.008728554894556598
0.0
0.0
0.0
0.0
0.0
0.0
0.0
0.051855416402259054
0.0
0.00981481013980437
0.0
0.0
0.0
0.0
0.0
0.0
0.0
0.0
0.0
0.0
0.0
0.0
0.0
0.0
0.0
0.0
0.0
0.0
0.0
0.0
0.0
0.0
0.0
0.0
0.0
0.0
0.0
0.0
0.0
0.0
0.0
0.0
0.0
0.0
0.0
0.0
0.0
0.0
0.0
0.0
0.0
0.0
0.0
0.009284828035204043
0.0
0.0
0.0
0.0
0.0
0.0
0.0
0.0
0.0
0.0
0.0
0.0
0.0
0.0
0.0
0.05367893074973297
0.0
0.0
0.0
0.0
0.0
0.0
0.0
0.0
0.0
0.0
0.0
0.0
0.0
0.0
0.0
0.0
0.0
0.0
0.0
0.0410282583230277
0.0
0.0
0.0
0.0
0.0
0.007888255293667119
0.0
0.0
0.0
0.0
0.0
0.0
0.0
0.0
0.0
0.0
0.0
0.0
0.0
0.0
0.0
0.0
0.0
0.0
0.0
0.0
0.0
0.0
0.0
0.0
0.0
0.008025671828309235
0.0
0.02015277404835905
0.0
0.0
0.0
0.0
0.008025671828309235
0.0
0.0
0.0
0.0
0.0
0.0
0.0
0.0
0.0
0.0
0.0
0.0
0.0
0.0
0.0
0.0
0.0
0.0
0.0
0.0
0.0
0.0
0.0
0.0
0.0
0.007254961466516198
0.004800186459329388
0.0
0.0
0.0
0.0
0.0
0.0
0.0
0.0
0.0
0.0
0.0
0.0
0.0
0.0
0.0
0.0
0.0
0.0037139312140816163
0.0
0.0
0.0
0.0
0.0
0.0052131615370177
0.0
0.0
0.008400098973716116
0.0
0.0
0.0
0.0
0.0
0.0
0.009284828035204043
0.008025671828309235
0.0
0.0
0.0
0.0
0.1395652199493057
0.0
0.0
0.0
0.0
0.0
0.0
0.0
0.0
0.0
0.0
0.0
0.0
0.0
0.0
0.0
0.0
0.0
0.0
0.0
0.0052131615370177
0.0
0.0
0.0
0.0
0.0
0.007590277916259183
0.0
0.0
0.0
0.0
0.0
0.0
0.030594546956414333
0.0
0.0
0.005886441704577158
0.0
0.0
0.0
0.0
0.0
0.0
0.0
0.0
0.0
0.0
0.0
0.0
0.0
0.0
0.0
0.0
0.0
0.0
0.0
0.007070127144058507
0.0
0.0
0.0
0.0
0.0
0.0
0.0
0.009882637435350044
0.0
0.0
0.0052131615370177
0.0
0.0
0.0
0.0
0.0
0.0
0.0
0.0
0.0
0.0
0.0
0.0
0.0
0.0
0.0
0.0
0.0
0.0
0.0
0.0
0.0
0.0
0.0
0.0
0.0
0.0
0.0
0.0
0.0
0.0
0.0
0.0
0.0
0.0
0.0
0.0
0.0
0.0
0.0
0.0
0.0
0.0
0.0
0.0
0.017028235346822008
0.0
0.0
0.0
0.0
0.0
0.0
0.007254961466516198
0.0
0.0
0.0
0.0
0.0
0.0
0.0
0.0
0.0
0.0
0.0
0.0
0.0
0.0208526461480708
0.0
0.013314304132740392
0.0
0.0
0.0
0.0
0.0
0.0
0.017659325113731476
0.008025671828309235
0.0
0.0
0.0
0.0
0.005886441704577158
0.0
0.0
0.0
0.0
0.0
0.0
0.0
0.0
0.0
0.0
0.0
0.0
0.0
0.0
0.0
0.0
0.0
0.0
0.0052131615370177
0.0
0.0
0.0
0.0
0.0
0.0
0.0
0.0
0.0
0.0
0.0
0.0
0.0
0.0
0.0
0.0
0.0
0.0
0.010198182318804778
0.0
0.0
0.0
0.053182756419947075
0.0
0.0
0.0
0.0
0.0
0.010533498768547762
0.0
0.0
0.008514117673411004
0.0
0.0
0.0
0.0
0.0
0.0
0.0
0.0
0.0
0.0
0.0
0.0
0.0
0.0
0.0
0.0
0.0
0.0
0.0
0.0
0.0
0.050990911594023886
0.0
0.0
0.0
0.0
0.0
0.0
0.0
0.0
0.0
0.0
0.0
0.0
0.0
0.0
0.0
0.0
0.0
0.0
0.0
0.0
0.0
0.0
0.0
0.0
0.0
0.0
0.0
0.0
0.0
0.0
0.0
0.0
0.0
0.0
0.0
0.0
0.0
0.008281011142759783
0.0
0.0
0.017246962456910472
0.0
0.0
0.0
0.0
0.0
0.0
0.009882637435350044
0.009284828035204043
0.0
0.0
0.0
0.0
0.0
0.0
0.0
0.0
0.031756561504792225
0.010371083280451813
0.0
0.0
0.0
0.18332899208838213
0.0
0.007590277916259183
0.05367893074973297
0.0
0.021373256327813093
0.0
0.0
0.020396364637609556
0.0729842615182478
0.0
0.0
0.010480446835496045
0.09572896155590473
0.0
0.020629360917635342
0.0
0.0
0.0
0.0
0.0
0.0
0.17254493373024202
0.0
0.010636551283989415
0.006424045535718974
0.0
0.0
0.0
0.0
0.0
0.0
0.0
0.0
0.01934755146291189
0.0
0.0
0.0
0.0
0.0
0.010371083280451813
0.0
0.0
0.0
0.0
0.0
0.0
0.0
0.0
0.0
0.0
0.0
0.0
0.042943144599786376
0.0
0.0
0.0
0.0
0.0
0.0
0.0
0.0
0.0
0.050990911594023886
0.03160049630564329
0.0
0.0
0.0
0.0
0.0
0.0
0.0
0.0
0.0
0.0
0.0
0.0
0.0
0.0
0.0
0.0
0.0
0.0
0.0
0.0
0.0
0.0
0.0
0.0
0.0
0.0
0.0
0.0
0.0
0.024077015484927702
0.0
0.0
0.0
0.0
0.0
0.0
0.0
0.0
0.0
0.0
0.0
0.0
0.0
0.0
0.0
0.0
0.0
0.0
0.0820565166460554
0.0
0.0
0.0
0.008623481228455236
0.0
0.0
0.0
0.0
0.0
0.0
0.0
0.0
0.0
0.0
0.0
0.0
0.0
0.0
0.0
0.0
0.0
0.0
0.0
0.0
0.0
0.0
0.0
0.0
0.0
0.0
0.0
0.0
0.0
0.0
0.0
0.0
0.004800186459329388
0.0
0.0
0.0
0.0
0.0
0.008025671828309235
0.0
0.0
0.0
0.0
0.0
0.0
0.0
0.0
0.0
0.0
0.0
0.0
0.0
0.0
0.0
0.0
0.0
0.0
0.0
0.008400098973716116
0.013314304132740392
0.0722027632117237
0.0
0.0
0.0
0.0
0.0
0.0
0.0
0.0
0.0
0.0
0.0
0.0
0.0
0.0
0.0
0.0
0.0
0.0
0.0
0.0
0.0
0.0
0.0
0.0
0.0
0.0
0.0
0.0
0.01822385414711401
0.0
0.03220735844983978
0.0
0.0
0.0
0.0
0.0
0.0
0.0
0.0
0.0
0.0
0.002943220852288579
0.0
0.0
0.0
0.0
0.0
0.0
0.0
0.0
0.0
0.0
0.0625579384442124
0.0
0.0
0.0
0.0
0.0
0.0
0.0
0.0
0.0037139312140816163
0.0
0.0
0.0
0.0
0.0
0.0
0.0
0.0
0.0
0.0
0.0
0.0
0.0
0.0
0.0
0.0
0.0
0.0
0.0
0.0
0.0
0.0
0.0
0.0
0.0
0.0
0.0
0.0
0.07373449137983433
0.0
0.0
0.0
0.0
0.0
0.0
0.0
0.0
0.007888255293667119
0.0
0.0
0.0
0.0
0.0
0.0
0.0
0.0
0.0
0.0
0.008623481228455236
0.0
0.0
0.002943220852288579
0.0
0.0
0.0
0.0
0.0
0.0
0.0
0.0
0.0
0.0
0.0
0.0
0.0
0.0
0.0
0.0
0.0
0.0
0.0
0.008728554894556598
0.0
0.0
0.0
0.0
0.0
0.0
0.0
0.0
0.0
0.0
0.0
0.0
0.009199772158916895
0.0
0.0
0.0
0.0
0.0
0.0
0.0
0.0
0.0
0.0
0.0
0.002943220852288579
0.0
0.0
0.0
0.0
0.0
0.0
0.0
0.0
0.0
0.0
0.0
0.0
0.0
0.0
0.0
0.020026695992694174
0.0
0.0
0.0
0.0
0.0
0.0
0.0
0.0
0.0
0.0
0.0
0.0
0.007590277916259183
0.0
0.0
0.0
0.0
0.0
0.0
0.0
0.0
0.0
0.0
0.0
0.0
0.0
0.0
0.0
0.0
0.0
0.0
0.0018569656070408082
0.0
0.0
0.0
0.0
0.002943220852288579
0.0
0.0
0.03679908863566758
0.0
0.0
0.0
0.0
0.0
0.0
0.0
0.0
0.0
0.0
0.0
0.0
0.0
0.0
0.0
0.0
0.0
0.0
0.0
0.0
0.0
0.0
0.0
0.0
0.07009343597442962
0.0
0.05467156244134203
0.008156382389306278
0.0
0.0
0.0
0.10585520501597408
0.0
0.0
0.0
0.0
0.0
0.0
0.0
0.0
0.0
0.0
0.008025671828309235
0.0
0.0
0.0
0.009882637435350044
0.0
0.06411976898343928
0.0
0.0
0.0
0.0
0.0
0.0
0.0
0.0
0.0
0.0
0.0
0.0
0.0
0.0
0.0
0.0
0.0
0.0
0.019765274870700088
0.0
0.0
0.0
0.0
0.0
0.0
0.0
0.0
0.0
0.0
0.0
0.0
0.0
0.0
0.0
0.0
0.0
0.010314680458817671
0.0
0.0
0.0
0.0
0.0
0.0
0.0
0.0
0.0
0.008514117673411004
0.0
0.0
0.0
0.0
0.0
0.017659325113731476
0.0
0.0
0.0
0.0
0.0
0.0
0.0
0.0
0.010198182318804778
0.0
0.0
0.0
0.0
0.0
0.03190965385196824
0.0
0.0
0.04192178734198418
0.0
0.0
0.0
0.0
0.007888255293667119
0.00994878981050832
0.0
0.0
0.009600372918658775
0.0
0.07548840850698088
0.0
0.0
0.0
0.004311740614227618
0.0
0.015486814623235933
0.01962962027960874
0.0
0.0
0.0
0.0
0.0
0.0
0.0
0.006424045535718974
0.0
0.0
0.0
0.3019536340279235
0.0
0.0
0.0
0.0
0.0
0.05888886083882622
0.0
0.0
0.0
0.0
0.0
0.0
0.0
0.0
0.0
0.0
0.0
0.07548840850698088
0.0
0.0
0.0
0.007743407311617967
0.008025671828309235
0.0
0.0
0.0
0.0
0.0
0.00994878981050832
0.026185664683669795
0.0
0.0
0.0
0.0
0.0
0.030413930249401776
0.0
0.0
0.04005339198538835
0.0
0.03004004398904126
0.03160049630564329
0.0
0.0
0.0
0.0
0.008623481228455236
0.0
0.008514117673411004
0.0
0.0
0.07009343597442962
0.0
0.0
0.0
0.0
0.0
0.0
0.0
0.0
0.0
0.0
0.0
0.0
0.0
0.0
0.0
0.0
0.0
0.0
0.0
0.0
0.06320099261128657
0.0
0.0
0.0
0.0
0.0
0.0
0.007888255293667119
0.0
0.0
0.0
0.12882943379935913
0.0
0.0
0.0
0.0842679901483821
0.0
0.0
0.0
0.0
0.0
0.0
0.0
0.0
0.0
0.0
