0.007759250033458423
0.0
0.0
0.0
0.0
0.0
0.0
0.0
0.0
0.003323421342728672
0.0
0.0
0.0
0.0
0.0
0.0
0.0
0.0
0.0
0.0
0.0
0.0
0.0
0.0
0.0
0.0
0.0
0.0
0.0
0.0
0.0
0.0
0.0
0.0
0.0
0.0
0.0
0.0
0.0
0.0
0.0
0.0
0.0
0.0
0.0
0.0
0.0
0.0
0.0
0.0
0.0
0.0
0.0
0.0
0.0
0.0
0.0
0.0
0.0
0.0
0.002096845408781923
0.0
0.0
0.0
0.0
0.0
0.0
0.0
0.0
0.0
0.0
0.0
0.0
0.008570777692242489
0.0
0.0
0.0
0.0
0.0
0.0
0.0
0.0
0.019712190884480695
0.0
0.0
0.009485210118898723
0.0
0.030068448641170076
0.0
0.0
0.0
0.0
0.0
0.0
0.0
0.0
0.0
0.0
0.0
0.0
0.0
0.0
0.0
0.0
0.0
0.0
0.0
0.0
0.0
0.008907247303402593
0.0
0.0
0.0
0.0
0.0
0.0
0.0
0.0
0.0
0.008570777692242489
0.0
0.0
0.0
0.0
0.0
0.009737448530572648
0.0
0.0
0.0
0.0
0.0
0.0
0.0
0.0
0.0
0.0
0.0
0.0
0.0
0.0
0.0
0.0
0.0
0.0
0.0
0.0
0.0
0.0
0.0
0.0
0.0
0.0
0.0
0.0
0.0
0.0
0.0
0.0
0.0
0.0
0.0
0.0
0.0
0.0
0.0
0.0
0.0
0.0
0.0
0.0
0.0
0.0
0.0
0.0
0.0
0.0
0.0
0.0
0.0
0.0
0.0
0.0
0.0
0.0
0.0
0.0
0.0
0.0
0.0
0.0
0.0
0.0
0.0
0.0
0.007983434687919743
0.0
0.0
0.0
0.0
0.0
0.0
0.0
0.0
0.0
0.0
0.0
0.0
0.0
0.0
0.0
0.0
0.0
0.009856095442240347
0.0
0.0
0.0
0.0
0.0
0.0
0.0
0.0
0.0
0.0
0.0
0.0
0.0
0.0
0.010186435145583088
0.0
0.0
0.0
0.007759250033458423
0.00629053622634577
0.0
0.0
0.0
0.0
0.0
0.0
0.0
0.006965569674068247
0.010080280096701668
0.0
0.0
0.0
0.0
0.0
0.0
0.0
0.0
0.0
0.0
0.0
0.0
0.0
0.0
0.0
0.0
0.0
0.0
0.0
0.0
0.0
0.0
0.019227915138148883
0.0
0.0
0.0
0.0
0.0
0.0
0.0
0.0
0.0
0.0
0.0
0.0
0.0
0.0
0.0
0.0
0.0
0.0
0.0
0.0
0.0
0.0
0.0
0.0
0.0
0.0
0.0
0.0
0.0
0.0
0.0
0.0
0.0
0.0
0.0
0.0
0.0
0.0
0.0
0.007253893306534634
0.0
0.0
0.0
0.0
0.006965569674068247
0.0
0.0
0.0
0.0
0.0
0.0
0.0
0.0
0.0
0.0
0.0
0.0
0.0
0.0
0.0
0.0
0.0
0.010484227043909618
0.0
0.0
0.005420266751510596
0.0
0.0
0.0
0.0
0.0
0.0
0.0
0.0
0.0
0.007253893306534634
0.0
0.0
0.0
0.0
0.0
0.0
0.0
0.0
0.0
0.0
0.0
0.0
0.012010563707018912
0.0
0.0
0.0
0.0
0.004193690817563846
0.0
0.0
0.0
0.0
0.0
0.0
0.0
0.0
0.0
0.0
0.0
0.0
0.010080280096701668
0.0
0.010667623101024414
0.0
0.0
0.0
0.0
0.0
0.0
0.0
0.0
0.0
0.0
0.0
0.0
0.0
0.0
0.0
0.0
0.0
0.0
0.0
0.0
0.0
0.0
0.0
0.0
0.021681067006042384
0.0
0.0
0.009737448530572648
0.0
0.0
0.0
0.0
0.0
0.0
0.0
0.0
0.0
0.0
0.0
0.0
0.0
0.0
0.0
0.004193690817563846
0.0
0.0
0.0
0.0
0.004868724265286324
0.0
0.0
0.0
0.055796302458160474
0.0
0.0
0.0
0.0
0.0
0.0
0.0
0.0
0.0
0.00629053622634577
0.0
0.0
0.0
0.0
0.0
0.0
0.003323421342728672
0.0
0.0
0.0
0.0
0.0
0.0
0.0
0.0
0.0
0.0
0.0
0.0
0.0
0.0
0.0
0.0
0.0
0.0
0.0
0.0
0.0
0.0
0.0
0.0
0.0
0.0
0.01183429393935457
0.0
0.0
0.0
0.07206338224211348
0.021846836743965203
0.0
0.0
0.0
0.0
0.0
0.0
0.0
0.0
0.0
0.0
0.0
0.0
0.0
0.0
0.0
0.0
0.0
0.0
0.0
0.0
0.0
0.0
0.0
0.0
0.015966869375839486
0.004193690817563846
0.0
0.0
0.0
0.0
0.0
0.0
0.0
0.0
0.0
0.0
0.0
0.0
0.0
0.0
0.0
0.0
0.018420021243732987
0.0
0.0
0.0
0.0
0.0
0.008387381635127693
0.002096845408781923
0.007983434687919743
0.10910355814638863
0.0
0.0
0.0
0.0
0.0
0.0
0.009737448530572648
0.010388183787639064
0.0
0.0
0.0
0.0
0.010288991016796919
0.23136538460418826
0.2060844987209563
0.0
0.0
0.0
0.0
0.0
0.0
0.0606130878591048
0.0
0.0
0.0
0.0
0.0
0.0
0.0
0.0
0.0
0.0
0.0
0.0
0.0
0.0
0.0
0.0
0.0
0.0
0.0
0.007983434687919743
0.0
0.0
0.0
0.01151556695074367
0.0
0.0
0.0
0.0
0.0
0.0
0.0
0.0
0.011233958323193818
0.0
0.0
0.010577314649263307
0.0
0.0
0.0
0.0
0.0
0.0
0.0
0.0
0.0
0.0
0.0
0.0
0.0
0.0
0.0
0.0
0.0
0.0
0.0
0.0
0.0
0.0
0.0
0.0
0.0
0.010755313544424145
0.0
0.0
0.0
0.0
0.0
0.0
0.0
0.0
0.0
0.00629053622634577
0.0
0.0
0.0
0.0
0.0
0.0
0.0
0.0
0.0
0.0
0.0
0.0
0.0
0.004193690817563846
0.00629053622634577
0.0
0.0
0.0
0.0
0.0
0.0
0.0
0.0
0.0
0.0
0.0
0.0
0.0
0.0
0.0
0.0
0.0
0.0
0.0
0.0
0.0
0.0
0.0
0.0
0.0
0.0
0.0
0.0
0.0
0.0
0.0
0.0
0.0
0.0
0.0
0.0
0.0
0.0
0.0
0.0
0.0
0.0
0.0
0.0
0.0
0.0
0.0
0.0
0.0
0.0
0.0
0.0
0.0
0.0
0.0
0.0
0.0
0.0
0.0
0.0
0.0
0.0
0.0
0.0
0.0
0.0
0.0
0.0
0.0
0.0
0.0
0.0
0.0
0.0
0.0
0.0
0.0
0.0
0.0
0.0
0.0
0.0
0.0
0.0
0.0
0.0
0.0
0.0
0.0
0.0
0.0
0.0
0.0
0.0
0.0
0.0
0.0
0.0
0.0
0.0594709951748558
0.0
0.0
0.008907247303402593
0.0
0.0
0.0
0.019227915138148883
0.0
0.008387381635127693
0.0
0.0
0.0
0.0
0.0
0.0
0.007517112160292519
0.0
0.0
0.0
0.0
0.0
0.0
0.0
0.0
0.0
0.0
0.0
0.0
0.0
0.0
0.0
0.0
0.0
0.0
0.0
0.0
0.0
0.006965569674068247
0.007517112160292519
0.0
0.0
0.0
0.0
0.0
0.0
0.0
0.0
0.0
0.0
0.0
0.0
0.0
0.0
0.010840533503021192
0.0
0.017141555384484978
0.0
0.0
0.0
0.02231852098326419
0.0
0.0
0.0
0.0
0.0
0.0
0.0
0.03620132831090382
0.03550288181806371
0.0
0.0
0.010484227043909618
0.0
0.0
0.0
0.0
0.0
0.0
0.0
0.0
0.0
0.011159260491632095
0.0
0.009485210118898723
0.0
0.0
0.0
0.0
0.0
0.0
0.0
0.0
0.0
0.0
0.0
0.0
0.0
0.0
0.0
0.0
0.0
0.0
0.0
0.0
0.0
0.0
0.007759250033458423
0.0
0.0
0.0
0.0
0.0
0.009970264028186017
0.0
0.0
0.0
0.0
0.0
0.0
0.0
0.0
0.0
0.0
0.0
0.0
0.0
0.0
0.0
0.010388183787639064
0.0
0.03301227813655355
0.03226594063327244
0.0
0.0
0.0
0.0
0.0
0.0
0.0
0.0
0.0
0.0
0.0
0.0
0.0
0.0
0.0
0.0
0.0
0.0
0.0
0.0
0.008743688094239267
0.0
0.0
0.0
0.0
0.0
0.0
0.0
0.0
0.0
0.0
0.0
0.0
0.0
0.0
0.0
0.0
0.0
0.0
0.0
0.0
0.0
0.0
0.0
0.0
0.0
0.0
0.0
0.0
0.0
0.0
0.0
0.0
0.0
0.0
0.0
0.0
0.0
0.0
0.0
0.0
0.0
0.0
0.0
0.0
0.0
0.0
0.0
0.04522742412259367
0.0
0.0
0.0
0.0
0.0
0.0
0.0
0.0
0.0
0.0
0.0
0.0
0.0
0.0
0.0
0.0
0.0
0.0
0.0
0.0
0.0
0.0
0.0
0.0
0.0
0.0
0.0
0.0
0.0
0.0
0.0
0.0
0.0
0.0
0.0
0.0
0.0
0.0
0.0
0.0
0.0
0.0
0.0
0.0
0.0
0.0
0.0
0.0
0.0
0.0
0.0
0.0
0.02329422826262302
0.0
0.0
0.0
0.0
0.0
0.0
0.0
0.0
0.0
0.0
0.0
0.0
0.0
0.007983434687919743
0.0
0.0
0.0
0.0
0.0
0.0
0.004868724265286324
0.0
0.0
0.0
0.0
0.0
0.0
0.0
0.0
0.021335246202048828
0.0
0.0
0.0
0.0
0.0
0.0
0.0
0.0
0.0
0.0
0.0
0.0
0.0
0.0
0.002096845408781923
0.0
0.0
0.011582055527680648
0.004193690817563846
0.0
0.0
0.0
0.0
0.024354251010967186
0.0
0.0
0.0
0.1583026315712867
0.0
0.010667623101024414
0.0
0.0
0.0
0.0
0.0
0.0
0.0
0.0
0.0
0.0
0.011378038337732266
0.0
0.0
0.0
0.0
0.0
0.0
0.0
0.0
0.0
0.0
0.0
0.0
0.0
0.0
0.0
0.0
0.0
0.0
0.0
0.0
0.0
0.0
0.0
0.0
0.0
0.0
0.0
0.0
0.0
0.0
0.0
0.0
0.0
0.0
0.0
0.0
0.0
0.0
0.0
0.0
0.00629053622634577
0.0
0.0
0.0
0.0
0.0
0.0
0.0
0.0
0.008192145608014997
0.0
0.0
0.007759250033458423
0.002096845408781923
0.0
0.0
0.0
0.0
0.0
0.0
0.0
0.0
0.0
0.0
0.0
0.0
0.0
0.0
0.0
0.0
0.0
0.0
0.0
0.0
0.0
0.0
0.0
0.0
0.0
0.011306856030648417
0.0
0.0
0.0
0.0
0.0
0.0
0.0
0.0
0.0
0.0
0.0
0.0
0.0
0.0
0.0
0.0
0.0
0.0
0.023546357116551286
0.0
0.0
0.0
0.0
0.0
0.0
0.0
0.007759250033458423
0.0
0.0
0.0
0.0
0.0
0.0
0.0
0.0
0.0
0.0
0.0
0.0
0.0
0.0
0.0
0.0
0.0
0.0
0.0
0.0
0.0
0.0
0.0
0.0
0.0
0.0
0.0
0.0
0.0
0.0
0.0
0.01151556695074367
0.0
0.011004092712184518
0.0
0.0
0.01151556695074367
0.0
0.0
0.0
0.0
0.0
0.0
0.0
0.0
0.0
0.0
0.0
0.0
0.0
0.0
0.0
0.0
0.0
0.0
0.0
0.0
0.0
0.0
0.0
0.0
0.0
0.0
0.0
0.0
0.0
0.0
0.0
0.0
0.0
0.0
0.0
0.0
0.0
0.010186435145583088
0.0
0.0
0.0
0.0
0.0
0.0
0.0
0.0
0.007253893306534634
0.0
0.0
0.0
0.0
0.0
0.0
0.0
0.16814789189826476
0.0
0.0
0.0
0.0
0.0
0.0
0.0
0.0
0.0
0.0
0.0
0.0
0.0
0.0
0.0
0.0
0.0
0.0
0.0
0.0
0.0
0.0
0.0
0.0
0.0
0.0
0.0
0.0
0.0
0.0
0.0
0.0
0.0
0.0
0.0
0.0
0.0
0.0
0.0
0.0
0.0
0.0
0.0
0.0
0.0
0.0
0.0
0.0
0.0
0.0
0.0
0.0
0.01183429393935457
0.0
0.0
0.0
0.0
0.0
0.0
0.0
0.0
0.0
0.0
0.0
0.0
0.0
0.0
0.0
0.0
0.0
0.010755313544424145
0.0
0.0
0.0
0.0
0.0
0.0
0.02342160595571273
0.0
0.0
0.021681067006042384
0.0
0.0
0.0
0.0
0.0
0.0
0.0
0.0
0.0
0.0
0.0
0.0
0.0
0.0
0.0
0.0
0.0
0.0
0.0
0.0
0.0
0.0
0.0
0.0
0.0
0.0
0.0
0.0
0.0
0.0
0.0
0.0
0.0
0.0
0.0
0.0
0.0
0.0
0.0
0.0
0.0
0.0
0.0
0.0
0.0
0.0
0.0
0.0
0.0
0.0
0.0
0.0
0.0
0.0
0.0
0.0
0.0
0.0
0.0
0.0
0.0
0.0
0.0
0.0
0.0
0.0
0.0
0.0
0.0
0.0
0.0
0.0
0.0
0.022008185424369036
0.0
0.0
0.0
0.0
0.0
0.0
0.0
0.0
0.0
0.0
0.0
0.0
0.0
0.0
0.0
0.0
0.0
0.0
0.0
0.0
0.0
0.0
0.0
0.0
0.0
0.0
0.0
0.010484227043909618
0.0
0.0
0.0
0.0
0.0
0.0
0.0
0.0
0.0
0.0
0.0
0.0
0.0
0.0
0.0
0.0
0.0
0.0
0.0
0.0
0.0
0.04179341804440948
0.0
0.0
0.0
0.0
0.0
0.0
0.0
0.0
0.0
0.0
0.0
0.0
0.0
0.0
0.0
0.0
0.0
0.0
0.0
0.0
0.0
0.0
0.0
0.0
0.0
0.0
0.0
0.0
0.009970264028186017
0.0
0.0
0.0
0.0
0.0
0.0
0.0
0.0
0.0
0.0
0.0
0.041155964067187675
0.0
0.0
0.02289516824819696
0.008743688094239267
0.0
0.0
0.0
0.0
0.0
0.0
0.0
0.18183926357731436
0.006646842685457344
0.0
0.0
0.0
0.0
0.010080280096701668
0.0
0.009350738715316557
0.005886589279137822
0.0
0.0
0.0
0.0
0.0
0.0
0.0
0.004193690817563846
0.0
0.004868724265286324
0.0
0.010388183787639064
0.0
0.0
0.0
0.0
0.0
0.0
0.0
0.0
0.0
0.0
0.0
0.02275607667546453
0.0
0.020776367575278128
0.0
0.0
0.0
0.009210010621866493
0.0
0.0
0.0
0.0
0.0
0.0
0.0
0.0
0.0
0.0
0.0
0.0
0.0
0.0
0.0
0.0
0.003323421342728672
0.0
0.0
0.0
0.0
0.0
0.0
0.0
0.0
0.0
0.0
0.0
0.004193690817563846
0.0
0.0
0.0
0.0
0.0
0.0
0.0
0.0
0.0
0.02151062708884829
0.0
0.0
0.0
0.0
0.0
0.0
0.0
0.0
0.011004092712184518
0.0
0.0
0.0
0.0
0.0
0.0
0.0
0.0
0.0
0.0
0.0
0.0
0.0
0.0
0.0
0.0
0.0
0.0
0.0
0.0
0.0
0.0
0.0
0.0
0.07136519420982697
0.002096845408781923
0.0
0.0
0.0
0.0
0.0
0.0
0.0
0.04658845652524604
0.0
0.0
0.0
0.0
0.0
0.018970420237797447
0.0
0.0
0.0
0.0
0.0
0.0
0.0
0.0
0.0
0.0
0.0
0.0
0.0
0.0
0.0
0.0
0.0
0.0
0.0
0.0
0.0
0.0
0.0
0.0
0.0
0.0
0.0
0.0
0.0
0.0
0.0
0.0
0.0
0.0
0.0
0.0
0.0
0.0
0.0
0.0
0.0
0.0
0.0
0.0
0.0
0.0
0.03145268113172885
0.0
0.0
0.0
0.0
0.016384291216029995
0.0
0.0
0.0
0.0
0.009613957569074441
0.0
0.0
0.0
0.0
0.0
0.0
0.0
0.0
0.0
0.0
0.0
0.0
0.0
0.0
0.0
0.0
0.0
0.009210010621866493
0.0
0.0
0.0
0.0
0.0
0.0
0.0
0.0
0.014507786613069267
0.0
0.0
0.0
0.0
0.0
0.0
0.0
0.0
0.009737448530572648
0.0
0.0
0.0
0.0
0.0
0.0
0.0
0.0
0.0
0.0
0.0
0.0
0.0
0.0
0.0
0.0
0.0
0.0
0.009613957569074441
0.0
0.0
0.0
0.0
0.0
0.0
0.005420266751510596
0.007517112160292519
0.0
0.0
0.0
0.0
0.0
0.0
0.0
0.0
0.0
0.0
0.0
0.0
0.0
0.0
0.0
0.0
0.0
0.0
0.0
0.0
0.0
0.0
0.0
0.0
0.0
0.0
0.0
0.0
0.0
0.0
0.0
0.0
0.0
0.0
0.0
0.0
0.0
0.0
0.00906241508285017
0.0
0.0
0.0
0.00629053622634577
0.0
0.0
0.0
0.0
0.0
0.0
0.0
0.0
0.0
0.0
0.0
0.0
0.0
0.0
0.0
0.0
0.0
0.0
0.0
0.0
0.0
0.0
0.0
0.0
0.0
0.0
0.0
0.0
0.0
0.0
0.0
0.0
0.006646842685457344
0.0
0.0
0.0
0.0
0.0
0.0
0.0
0.0
0.0
0.0
0.0
0.0
0.0
0.0
0.0
0.0
0.0
0.002096845408781923
0.0
0.0
0.0
0.0
0.0
0.0
0.0
0.0
0.0
0.0
0.007759250033458423
0.0
0.00629053622634577
0.0
0.0
0.0
0.0
0.0
0.0
0.010923418371982602
0.0
0.0
0.0
0.0
0.0
0.0
0.0
0.0
0.0
0.0
0.0
0.0
0.0
0.0
0.0
0.0
0.0
0.0
0.0
0.0
0.0
0.0
0.0
0.0
0.0
0.0
0.0
0.0
0.0
0.0
0.0
0.0
0.0
0.0
0.0
0.0
0.0
0.0
0.0
0.0
0.0
0.0
0.0
0.0
0.0
0.0
0.0
0.0
0.0
0.0
0.0
0.0
0.0
0.0
0.0
0.0
0.0
0.0
0.0
0.0
0.0
0.0
0.0
0.0
0.0
0.0
0.0
0.0
0.0
0.0
0.0
0.0
0.0
0.0
0.0
0.0
0.0
0.011710802977856365
0.0
0.0
0.0
0.0
0.0
0.0
0.022613712061296833
0.0
0.0
0.0
0.0
0.0
0.0
0.0
0.0
0.010923418371982602
0.006965569674068247
0.0
0.0
0.007983434687919743
0.0
0.0
0.0
0.0
0.011710802977856365
0.0
0.0
0.0
0.0
0.0
0.0
0.006646842685457344
0.0
0.0
0.004193690817563846
0.0
0.0
0.0
0.0
0.0
0.0
0.0
0.0
0.0
0.0
0.0
0.0
0.0
0.0
0.0
0.0
0.0
0.0
0.0
0.0
0.010288991016796919
0.0
0.0
0.0
0.0
0.0
0.0
0.0
0.0
0.0
0.0
0.0
0.0
0.0
0.0
0.0
0.0
0.0
0.0
0.0
0.014507786613069267
0.003323421342728672
0.005886589279137822
0.0
0.008387381635127693
0.0
0.0
0.0
0.0
0.0
0.0
0.0
0.010080280096701668
0.0
0.007253893306534634
0.0
0.0
0.0
0.0
0.0
0.009970264028186017
0.0
0.0
0.0
0.0
0.0
0.0
0.0
0.0
0.0
0.007517112160292519
0.0
0.0
0.0
0.0
0.0
0.0
0.0
0.0
0.0
0.0
0.0
0.0
0.0
0.0
0.013293685370914687
0.008743688094239267
0.0
0.010080280096701668
0.0
0.0
0.0
0.0
0.0
0.0
0.009856095442240347
0.0
0.0
0.0
0.0
0.0
0.0
0.0
0.0
0.009613957569074441
0.0
0.0
0.033248014128561286
0.0
0.0
0.0
0.0
0.0
0.0
0.0
0.0
0.002096845408781923
0.0
0.0
0.0
0.0
0.0
0.0
0.0
0.0
0.0
0.0
0.0
0.0
0.0
0.0
0.0
0.0
0.0
0.0
0.0
0.0
0.0
0.0
0.00629053622634577
0.0
0.0
0.0
0.0
0.0
0.0
0.0
0.07026481786713819
0.0
0.0
0.004868724265286324
0.0
0.0
0.0
0.008743688094239267
0.0
0.0
0.0
0.0
0.0
0.011233958323193818
0.0
0.0
0.010577314649263307
0.0
0.0
0.0
0.0
0.0
0.0
0.0
0.0
0.0
0.0
0.0
0.0
0.0
0.0
0.0
0.0
0.0
0.0
0.0
0.0
0.0
0.0
0.0
0.0
0.0
0.005886589279137822
0.0
0.002096845408781923
0.0
0.0
0.0
0.0
0.0
0.0
0.0
0.0
0.0
0.0
0.0
0.007517112160292519
0.0
0.0
0.0
0.0
0.0
0.0
0.0
0.0
0.0
0.0
0.0
0.0
0.0
0.0
0.0
0.0
0.0
0.0
0.0
0.0
0.0
0.0
0.0
0.0
0.0
0.0
0.0
0.0
0.0
0.0
0.0
0.0
0.009970264028186017
0.0
0.0
0.0
0.0
0.0
0.0
0.0
0.0
0.0
0.0
0.0
0.0
0.0
0.03474616658304194
0.0
0.0
0.0
0.0
0.02329422826262302
0.0
0.0
0.0606130878591048
0.0
0.0
0.009970264028186017
0.018970420237797447
0.0
0.005886589279137822
0.007983434687919743
0.0
0.0
0.0
0.0
0.0
0.0
0.008907247303402593
0.0
0.0
0.0
0.0
0.0
0.0
0.0
0.005886589279137822
0.0
0.0
0.0
0.0
0.0
0.0
0.0
0.0
0.0
0.0
0.0
0.0
0.0
0.0
0.0
0.0
0.0
0.0
0.0
0.0
0.0
0.0
0.0
0.0
0.0
0.0
0.0
0.0
0.0
0.0
0.0
0.0
0.0
0.0
0.0
0.0
0.0
0.0
0.0
0.0
0.0
0.0
0.0
0.0
0.0
0.0
0.0
0.0
0.0
0.0
0.0
0.0
0.0
0.0
0.0
0.0
0.0
0.0
0.0
0.0
0.0
0.0
0.0
0.0
0.0
0.0
0.0
0.0
0.0
0.0
0.0
0.0
0.0
0.0
0.0
0.0
0.0
0.0
0.0
0.0
0.0
0.0
0.0
0.0
0.010388183787639064
0.0
0.010186435145583088
0.0
0.0
0.011159260491632095
0.0
0.0
0.0
0.0
0.003323421342728672
0.0
0.0
0.0
0.0
0.0
0.0
0.0
0.0
0.0
0.011378038337732266
0.0
0.0
0.0
0.0
0.009856095442240347
0.0
0.0
0.0
0.0
0.0
0.0
0.0
0.0
0.0
0.0
0.0
0.0
0.0
0.013293685370914687
0.0
0.009613957569074441
0.0
0.0
0.010484227043909618
0.0
0.0
0.0
0.0
0.0
0.0
0.0
0.0
0.0
0.0
0.0
0.006646842685457344
0.0
0.0
0.0
0.0
0.0
0.0
0.0
0.0
0.0
0.0
0.0
0.0
0.0
0.0
0.0
0.0
0.0
0.0
0.0
0.0
0.0
0.03347778147489629
0.0
0.0
0.0
0.0
0.0
0.0
0.0
0.0
0.0
0.0
0.0
0.0
0.0
0.0
0.0
0.0
0.0
0.0
0.0
0.0
0.0
0.0
0.009737448530572648
0.0
0.0
0.0
0.0
0.0
0.0
0.0
0.05976470425511136
0.0
0.0
0.0
0.0
0.0
0.0
0.009970264028186017
0.0
0.008907247303402593
0.010388183787639064
0.0
0.0
0.0
0.0
0.0
0.0
0.0
0.0
0.0
0.0
0.0
0.0
0.004868724265286324
0.04179341804440948
0.0
0.0
0.0
0.0
0.0
0.0
0.0
0.0
0.002096845408781923
0.0
0.0
0.0
0.0
0.0
0.0
0.0
0.0
0.0
0.0
0.0
0.0
0.0
0.0
0.0
0.0
0.002096845408781923
0.0
0.0
0.0
0.0
0.010288991016796919
0.005886589279137822
0.0
0.0
0.0
0.0
0.04684321191142546
0.0
0.0
0.0
0.0
0.0
0.0
0.0
0.0
0.0
0.0
0.0
0.0
0.0
0.0
0.0
0.0
0.0
0.007517112160292519
0.0
0.0
0.0
0.0
0.0
0.0
0.0
0.0
0.0
0.0
0.0
0.0
0.0
0.0
0.0
0.0
0.0
0.0
0.0
0.004868724265286324
0.0
0.0
0.0
0.0
0.0
0.0
0.0
0.0
0.007759250033458423
0.0
0.0
0.0
0.0
0.0
0.010484227043909618
0.0
0.0
0.0
0.12177125505483592
0.007253893306534634
0.0
0.0
0.0
0.0
0.0
0.0
0.0
0.0
0.0
0.0
0.0
0.0
0.0
0.0
0.0
0.0
0.0
0.0
0.0
0.0
0.0
0.0
0.0
0.0
0.0
0.0
0.0
0.0
0.0
0.009350738715316557
0.0
0.0
0.0
0.0
0.0
0.007983434687919743
0.0
0.0
0.0
0.0
0.0
0.0
0.0
0.0
0.0
0.0
0.0
0.03603169112105674
0.010388183787639064
0.0
0.0
0.0
0.0
0.0
0.0
0.010484227043909618
0.0
0.0
0.0
0.0
0.0
0.0
0.0
0.0
0.0
0.0
0.0
0.0
0.0
0.0
0.011082671376187094
0.017141555384484978
0.011004092712184518
0.0
0.14412676448422695
0.0
0.0
0.0
0.0
0.0
0.0
0.0
0.011082671376187094
0.0
0.0
0.0
0.0
0.0
0.0
0.0
0.0
0.0
0.0
0.0
0.0
0.1212261757182096
0.0
0.0
0.0
0.0
0.0
0.0
0.0
0.0
0.0
0.0
0.0
0.0
0.0
0.0
0.0
0.0
0.0
0.0
0.0
0.0
0.0
0.0
0.0
0.0
0.0
0.0
0.0
0.0
0.0
0.03620132831090382
0.0
0.010840533503021192
0.0
0.0
0.0
0.0
0.0
0.0
0.0
0.005886589279137822
0.0
0.0
0.0
0.0
0.0
0.0
0.004868724265286324
0.0
0.0
0.0
0.0
0.0
0.007253893306534634
0.0
0.008387381635127693
0.0
0.0
0.0
0.0
0.0
0.0
0.0
0.004868724265286324
0.0
0.0
0.0
0.0
0.0
0.0
0.0
0.003323421342728672
0.0
0.0
0.0
0.0
0.0
0.005420266751510596
0.002096845408781923
0.0
0.0
0.0
0.0
0.0
0.0
0.0
0.0
0.0
0.0
0.0
0.0
0.0
0.0
0.0
0.0
0.0
0.009350738715316557
0.0
0.0
0.0
0.0
0.009613957569074441
0.0
0.0
0.0
0.0
0.0
0.0
0.0
0.0
0.0
0.0
0.0
0.0
0.0
0.010484227043909618
0.0
0.0
0.0
0.0
0.0
0.0
0.00629053622634577
0.0
0.0
0.0
0.0
0.0
0.0
0.0
0.0
0.0
0.0
0.0
0.0
0.0
0.0
0.0
0.0
0.0
0.0
0.0
0.0
0.0
0.0
0.010484227043909618
0.0
0.0
0.0
0.0
0.0
0.0
0.0
0.0
0.0
0.0
0.0
0.0
0.0
0.0
0.0
0.0
0.0
0.0
0.0
0.0
0.0
0.0
0.0
0.0
0.0
0.0
0.0
0.011082671376187094
0.0
0.005420266751510596
0.0
0.0
0.0
0.0
0.0
0.03585882255306681
0.0
0.0
0.0
0.0
0.0
0.0
0.0
0.0
0.0
0.0
0.0
0.0
0.0
0.0
0.0
0.0
0.0
0.008907247303402593
0.0
0.0
0.0
0.0
0.0
0.14343529021226725
0.0
0.0
0.0
0.0
0.0
0.0
0.009350738715316557
0.0
0.0
0.021681067006042384
0.0
0.0
0.0
0.0
0.0
0.0
0.0
0.04369367348793041
0.0
0.0
0.0
0.0
0.0
0.0
0.0
0.0
0.006646842685457344
0.0
0.0
0.0
0.0
0.0
0.0
0.0
0.0
0.0
0.0
0.0
0.0
0.0
0.0
0.0
0.0
0.0
0.0
0.005420266751510596
0.0
0.0
0.0
0.0
0.0
0.0
0.0
0.04302125417769658
0.013293685370914687
0.0
0.0
0.0
0.0
0.0
0.0
0.0
0.0
0.0
0.0
0.0
0.0
0.0
0.0
0.0
0.0
0.009970264028186016
0.0
0.0
0.0
0.0
0.0
0.0
0.0
0.0
0.0
0.0
0.0
0.0
0.0
0.13394838056031952
0.007759250033458423
0.0
0.0
0.0
0.0
0.0
0.0
0.0
0.0
0.0
0.0
0.05976470425511136
0.0
0.0
0.0
0.0
0.0
0.0
0.0
0.0
0.0
0.007253893306534634
0.0
0.054202667515105954
0.0
0.0
0.0
0.0
0.04369367348793041
0.0
0.0
0.010755313544424145
0.0
0.0
0.0
0.027630031865599484
0.0
0.03894979412229059
0.0
0.0
0.022613712061296833
0.0
0.0
0.0
0.0
0.0
0.0
0.0
0.0
0.0
0.0
0.0
0.0
0.0
0.0
0.0
0.010667623101024414
0.0
0.0
0.0
0.0
0.0
0.0
0.0
0.0
0.0
0.0
0.0
0.0
0.0
0.0
0.0
0.0
0.0
0.0
0.0
0.0
0.0
0.0
0.0
0.0
0.0
0.0
0.0
0.0746733617071709
0.03392056809194525
0.0
0.010484227043909618
0.0
0.0
0.0
0.0
0.0
0.0
0.0
0.0
0.0
0.0
0.0
0.0
0.0
0.006965569674068247
0.0
0.0
0.0
0.0
0.0
0.0
0.0
0.0
0.0
0.0
0.0
0.0
0.0
0.0
0.0
0.0
0.0
0.0
0.0
0.0
0.0
0.0
0.0
0.0
0.0
0.0
0.0
0.0
0.0
0.0
0.0
0.0
0.0
0.0
0.0
0.0
0.0
0.007517112160292519
0.0
0.0
0.0
0.0
0.0
0.0
0.0
0.0
0.0
0.0
0.0
0.0
0.0
0.0
0.0
0.0
0.003323421342728672
0.0
0.0
0.0
0.0
0.0
0.0
0.0
0.0
0.0
0.0
0.0
0.0
0.0
0.0
0.0
0.0
0.0
0.0
0.0
0.0
0.023164111055361297
0.005420266751510596
0.0
0.0
0.0
0.0
0.0
0.0
0.0
0.0
0.0
0.0
0.0
0.0
0.0
0.0
0.0
0.0
0.0
0.03550288181806371
0.0
0.0
0.0
0.0
0.0
0.0
0.0
0.0
0.0
0.0
0.0
0.0
0.0
0.0
0.0
0.0
0.0
0.0
0.0
0.0
0.0
0.0
0.0
0.0
0.0
0.0
0.004193690817563846
0.0
0.0
0.0
0.0
0.048069787845372206
0.0
0.019712190884480695
0.0
0.0
0.0
0.0
0.0
0.0
0.010288991016796919
0.0
0.0
0.021681067006042384
0.0
0.0
0.0
0.0
0.0
0.0
0.0
0.019227915138148883
0.0
0.12177125505483592
0.0
0.0
0.0
0.0
0.0
0.0
0.0
0.0
0.0
0.0
0.0
0.0
0.0
0.0
0.0
0.0
0.0
0.0
0.0
0.0
0.0
0.0
0.0
0.0
0.0
0.0
0.0
0.0
0.0
0.08325939324479813
0.0
0.006965569674068247
0.0
0.00629053622634577
0.0
0.0
0.0
0.0
0.0
0.0
0.0
0.0
0.0
0.0
0.0
0.0
0.0
0.0
0.0
0.0
0.0
0.0
0.005420266751510596
0.0
0.0
0.0
0.0
0.0
0.0
0.0
0.0
0.024245235143641915
0.011159260491632095
0.0
0.0
0.0
0.0
0.0
0.0
0.0
0.005886589279137822
0.0
0.03454670085223101
0.0
0.0
0.0
0.0
0.0
0.0
0.0
0.004193690817563846
0.0
0.0
0.0
0.0
0.0
0.008907247303402593
0.006965569674068247
0.009856095442240347
0.0
0.004193690817563846
0.0
0.0
0.0
0.003323421342728672
0.0
0.0
0.0
0.0
0.0
0.0
0.0
0.0
0.0
0.009485210118898723
0.0
0.0
0.0
0.0
0.0
0.0
0.0
0.0
0.0
0.0
0.0
0.0
0.0
0.0
0.0
0.0
0.0
0.0
0.0
0.0
0.0
0.0
0.0
0.0
0.0
0.0
0.0
0.0
0.0
0.0
0.011773178558275643
0.0
0.0
0.0
0.0
0.003323421342728672
0.004193690817563846
0.0
0.0
0.0
0.0
0.0
0.0
0.0
0.0
0.0
0.0
0.0
0.003323421342728672
0.0
0.01164711413131151
0.0
0.0
0.0
0.0
0.0
0.0
0.0
0.0
0.0
0.0
0.0
0.0
0.0
0.0
0.0
0.006646842685457344
0.0
0.0
0.0
0.0
0.0
0.0
0.0
0.0
0.008387381635127693
0.008743688094239267
0.008907247303402593
0.0
0.0
0.008387381635127693
0.010923418371982602
0.0
0.0
0.0
0.0
0.0
0.0
0.0
0.0
0.0
0.0
0.0
0.0
0.002096845408781923
0.0
0.0
0.0
0.0
0.011710802977856365
0.0
0.005886589279137822
0.0
0.0
0.0
0.0
0.0
0.0
0.0
0.0
0.0
0.0
0.0
0.0
0.0
0.006646842685457344
0.009485210118898723
0.0
0.0
0.0
0.00906241508285017
0.023546357116551286
0.0
0.0
0.0
0.009856095442240347
0.0
0.0
0.0
0.03620132831090382
0.0
0.0
0.0
0.0
0.0
0.0
0.0
0.0
0.0
0.0
0.0
0.0
0.0
0.0
0.0
0.00629053622634577
0.0
0.0
0.0
0.0
0.0
0.0
0.0
0.0
0.0
0.02991079208455805
0.0
0.0
0.0
0.0
0.0
0.0
0.0
0.0
0.0
0.0
0.0
0.0
0.0
0.0
0.0
0.0
0.0
0.0
0.0
0.023164111055361297
0.0
0.006646842685457344
0.0
0.0
0.0
0.0
0.0
0.0
0.0
0.0
0.0
0.0
0.0
0.02216534275237419
0.0
0.0
0.0
0.0
0.0
0.0
0.0
0.0
0.0
0.004193690817563846
0.0
0.0
0.0
0.005420266751510596
0.0
0.0
0.0
0.0
0.0
0.0
0.0
0.0
0.0
0.0
0.0
0.0
0.0
0.0
0.0
0.004193690817563846
0.0
0.01144758412409848
0.0
0.0
0.0
0.0
0.0
0.0
0.0
0.0
0.0
0.0
0.0
0.0
0.0
0.0
0.0
0.0
0.0
0.07240265662180764
0.010388183787639064
0.0
0.0
0.0
0.0
0.0
0.0
0.0
0.0
0.0
0.0
0.0
0.003323421342728672
0.0
0.0
0.0
0.0
0.0
0.0
0.0
0.0
0.0
0.0
0.020776367575278128
0.01189419903497116
0.0
0.0
0.0
0.0
0.0
0.0
0.0
0.0
0.0
0.0
0.0
0.0
0.0
0.0
0.0
0.0
0.0
0.0
0.0
0.0
0.0
0.0
0.011082671376187094
0.0
0.0
0.0
0.0
0.0
0.0
0.0
0.0
0.0
0.0
0.0
0.0
0.0
0.0
0.0
0.0
0.0
0.0
0.0
0.03494134239393453
0.0
0.01151556695074367
0.0
0.006646842685457344
0.0
0.0
0.0
0.0
0.0
0.0
0.0
0.0
0.0
0.0
0.0
0.0
0.0
0.0
0.010186435145583088
0.0
0.0
0.0
0.0
0.0
0.0
0.0
0.010923418371982602
0.0
0.0
0.0
0.0
0.0
0.0
0.0
0.0
0.0
0.0
0.0
0.0
0.03991717343959872
0.0
0.0
0.0
0.0
0.0
0.0
0.0
0.0
0.0
0.0
0.009613957569074441
0.0
0.0
0.0
0.0
0.0
0.0
0.021846836743965203
0.0
0.0
0.0
0.0
0.0
0.0
0.0
0.0
0.0
0.011159260491632095
0.0
0.0
0.0
0.0
0.04757679613988464
0.0
0.0
0.0
0.0
0.0
0.0
0.0
0.0
0.0
0.00629053622634577
0.0
0.0
0.0
0.0
0.0
0.0
0.0
0.0
0.0
0.0
0.0
0.0
0.0
0.0
0.0
0.0
0.0
0.0
0.0
0.0
0.0
0.0
0.0
0.0
0.0
0.0
0.0
0.0
0.0
0.0
0.0
0.0
0.0
0.0
0.0
0.0
0.0
0.0
0.0
0.0
0.03392056809194525
0.0
0.0
0.0
0.0
0.0
0.0
0.0
0.0
0.0
0.0
0.0
0.0
0.04826843774787176
0.0
0.0
0.003323421342728672
0.0
0.0
0.02303113390148734
0.0
0.0
0.0
0.0
0.0
0.0
0.0
0.0
0.0
0.0
0.007759250033458423
0.0
0.009210010621866493
0.0
0.0
0.0
0.0
0.0
0.0
0.0
0.0
0.0
0.0
0.0
0.0
0.0
0.0
0.0
0.0
0.0
0.0
0.0
0.0
0.011233958323193818
0.1697166460054934
0.0
0.0
0.0
0.0
0.010667623101024414
0.0
0.0
0.0
0.0
0.0
0.0
0.0
0.0
0.0
0.03585882255306681
0.02216534275237419
0.0
0.0
0.0
0.0
0.0
0.0
0.0
0.0
0.005420266751510596
0.0
0.0
0.0
0.0
0.00629053622634577
0.0
0.010667623101024414
0.0
0.0
0.0
0.0
0.0
0.0
0.0
0.0
0.0
0.0
0.0
0.0
0.0
0.0
0.0
0.0
0.004868724265286324
0.0
0.0
0.0
0.0
0.0
0.0
0.0
0.0
0.0
0.0
0.0
0.05855401488928182
0.0
0.0836705859571559
0.0
0.0
0.0
0.0
0.0
0.0
0.0
0.0
0.009737448530572648
0.0
0.0
0.0
0.0
0.0
0.0
0.0
0.0
0.0
0.0
0.0
0.0
0.0
0.0
0.0
0.0
0.0
0.0
0.0
0.0
0.0
0.0
0.0
0.0
0.0
0.0
0.024354251010967186
0.0
0.0
0.0
0.0
0.0
0.022467916646387635
0.0
0.01189419903497116
0.0
0.0
0.0
0.008387381635127693
0.0
0.0
0.0
0.0
0.0
0.0
0.0
0.0
0.00906241508285017
0.022613712061296833
0.032770255115947805
0.0
0.0
0.0
0.0
0.0
0.0
0.0
0.0
0.0
0.0
0.0
0.0
0.0
0.0
0.0
0.0
0.0
0.0
0.0
0.0
0.0
0.0
0.0
0.0
0.0
0.0
0.0
0.0
0.0
0.008907247303402593
0.004868724265286324
0.0
0.0
0.022008185424369036
0.009970264028186017
0.0
0.0
0.0
0.0
0.004193690817563846
0.0
0.0
0.0
0.0
0.0
0.0
0.0
0.0
0.003323421342728672
0.010288991016796919
0.0
0.0
0.0
0.0
0.0
0.0
0.0
0.08523987853838515
0.0
0.0
0.012010563707018912
0.0
0.0
0.021681067006042384
0.0
0.0
0.0
0.0
0.00629053622634577
0.0
0.0
0.0
0.0
0.010186435145583088
0.0
0.0
0.0
0.0
0.0
0.0
0.0
0.0
0.0
0.0
0.01258107245269154
0.0
0.0
0.0
0.0
0.0
0.0
0.0
0.0
0.0
0.0
0.010577314649263307
0.0
0.0
0.0
0.0
0.0
0.0
0.0
0.0
0.035682597104913484
0.0
0.0
0.0
0.0
0.0
0.2922510121316062
0.0
0.0
0.0
0.0
0.0603355471848397
0.0
0.0
0.0
0.0
0.0
0.0
0.013293685370914687
0.0
0.0
0.0
0.0
0.0
0.0
0.0
0.0
0.0
0.0
0.0
0.0
0.0
0.0
0.014507786613069267
0.0
0.0
0.0
0.0
0.0
0.0
0.0
0.0
0.0
0.0
0.0
0.0
0.0
0.0
0.0
0.0
0.009350738715316557
0.0
0.0
0.0
0.0
0.0
0.0
0.0
0.0
0.0
0.0
0.0
0.0
0.0
0.0
0.0
0.0
0.0
0.0
0.0
0.0
0.0
0.0
0.0
0.0
0.0
0.008192145608014997
0.0
0.0
0.0
0.0
0.0
0.0
0.0
0.0
0.0
0.0
0.0
0.0
0.0
0.0
0.0
0.0
0.0
0.0
0.0
0.0
0.0
0.0
0.0
0.0
0.0
0.0
0.0
0.0341341150131968
0.0
0.0
0.0
0.0
0.0
0.0
0.0
0.0
0.0
0.0
0.0
0.0
0.0
0.0
0.0
0.0
0.0
0.0
0.0
0.0
0.0
0.0
0.0
0.0
0.0
0.0
0.0
0.0
0.018970420237797447
0.0
0.0
0.0
0.0
0.0
0.0
0.010577314649263307
0.0
0.0
0.00629053622634577
0.0
0.009350738715316557
0.0
0.0
0.0
0.0
0.0
0.0
0.0
0.0
0.0
0.0
0.0
0.0
0.002096845408781923
0.0
0.06088562752741796
0.0
0.010667623101024414
0.0
0.0
0.0
0.0
0.0
0.0
0.0
0.0
0.0
0.0
0.0
0.0
0.0
0.0
0.0
0.0
0.0
0.0
0.0
0.0
0.020372870291166176
0.0
0.0
0.0
0.0
0.0
0.0
0.0
0.0
0.0
0.0
0.0
0.0
0.0
0.0
0.0
0.0
0.0
0.0
0.0
0.0
0.0
0.010080280096701668
0.0
0.0
0.0
0.0
0.0
0.0
0.0
0.0
0.0
0.0
0.0
0.0
0.0
0.0
0.0
0.0
0.0
0.0
0.0
0.0
0.020577982033593838
0.0
0.0
0.0
0.0
0.0
0.11710802977856365
0.0
0.0
0.0
0.0
0.0
0.0
0.0
0.0
0.0
0.00906241508285017
0.0
0.0
0.0
0.0
0.0
0.0
0.0
0.0
0.007517112160292519
0.0
0.0
0.0
0.0
0.0
0.0
0.0
0.0
0.0
0.0
0.003323421342728672
0.0
0.0
0.0
0.0
0.0
0.0
0.0
0.0
0.0
0.03434275237229544
0.0
0.0
0.0
0.0
0.007983434687919743
0.0
0.0
0.0
0.0
0.0
0.0
0.0
0.0
0.0
0.0
0.0
0.0
0.0
0.0
0.0
0.0
0.0
0.0
0.0
0.0
0.0
0.0
0.0
0.0
0.0
0.0
0.0
0.0
0.0
0.0
0.0
0.021681067006042384
0.0
0.0
0.0
0.0
0.0
0.0
0.0
0.0
0.0
0.0
0.0
0.0
0.0
0.0
0.0
0.0
0.0
0.0
0.0
0.0
0.0
0.0
0.0
0.0
0.0
0.0
0.0
0.0
0.0
0.0
0.0
0.007253893306534634
0.0
0.0
0.0
0.002096845408781923
0.0
0.0
0.0
0.0
0.0
0.0
0.0
0.0
0.0
0.0
0.0
0.0
0.0
0.0
0.05976470425511136
0.0
0.0
0.0
0.0
0.0
0.0
0.0
0.0
0.0
0.0
0.0
0.005886589279137822
0.0
0.0
0.0
0.0
0.0
0.005886589279137822
0.0
0.0
0.0
0.007759250033458423
0.0
0.0
0.0
0.0
0.0
0.0
0.007253893306534634
0.0
0.0
0.0
0.0
0.0
0.007253893306534634
0.0
0.0
0.0
0.00629053622634577
0.0
0.0
0.004193690817563846
0.0
0.0
0.0
0.0
0.0
0.0
0.0
0.0
0.0
0.0
0.009210010621866493
0.0
0.0
0.0
0.0
0.0
0.0
0.0
0.0
0.0
0.0
0.0
0.0
0.0
0.0
0.0
0.0
0.0
0.0
0.0
0.0
0.0
0.0
0.0
0.0
0.0
0.0
0.0
0.0
0.0
0.0
0.0
0.0
0.0
0.0
0.0
0.0
0.0
0.013293685370914687
0.0
0.0
0.0
0.0
0.0
0.0
0.0
0.0
0.0
0.0
0.0
0.009350738715316557
0.0
0.011082671376187094
0.0
0.0
0.0
0.0
0.0
0.0
0.0
0.0
0.0
0.0
0.0
0.0
0.0
0.0
0.010388183787639064
0.0
0.0
0.0
0.0
0.0
0.0
0.0
0.0
0.0
0.0
0.0
0.0
0.0
0.0
0.0
0.0
0.0
0.0
0.0
0.0
0.0
0.0
0.0
0.0
0.0
0.0
0.0
0.003323421342728672
0.0
0.0
0.0
0.0
0.0
0.0
0.04804225482807565
0.0
0.0
0.0
0.0
0.0
0.0
0.0
0.0
0.0
0.0
0.0
0.0
0.0
0.0
0.0
0.0
0.0
0.0
0.0
0.0
0.0
0.0
0.0
0.0
0.0
0.0
0.0
0.0
0.0
0.0
0.0
0.022008185424369036
0.005886589279137822
0.0
0.0
0.0
0.0
0.0
0.0
0.0
0.008570777692242489
0.0
0.0
0.0
0.0
0.0
0.00906241508285017
0.0
0.0
0.0
0.0
0.0
0.0
0.0
0.0
0.0
0.0
0.0
0.0
0.011773178558275643
0.0
0.0
0.0
0.0
0.0
0.0
0.0
0.0
0.0
0.0
0.0
0.0
0.0
0.04522742412259367
0.0
0.0
0.0
0.0
0.0
0.0
0.0
0.00906241508285017
0.0
0.0
0.0
0.0
0.0
0.0
0.0
0.0
0.0
0.0
0.0
0.0
0.0
0.0
0.011233958323193818
0.0
0.0
0.0
0.0
0.0
0.0
0.0
0.0
0.0
0.0
0.0
0.0
0.0
0.006965569674068247
0.0
0.0
0.0
0.0
0.0
0.0
0.0
0.0
0.0
0.0
0.00906241508285017
0.0
0.0
0.0
0.0
0.0
0.0
0.0
0.0
0.0
0.0
0.0
0.0
0.0
0.0
0.0
0.0
0.0
0.007517112160292519
0.0
0.0
0.0
0.0
0.0
0.010667623101024414
0.0
0.0
0.0
0.0
0.0
0.0
0.0
0.0
0.0
0.0
0.0
0.0
0.008570777692242489
0.0
0.0
0.0
0.0
0.0
0.0
0.0
0.0
0.0
0.011082671376187094
0.0
0.006965569674068247
0.0
0.0
0.0
0.0
0.0
0.0
0.0
0.0
0.0
0.0
0.0
0.0
0.0
0.0
0.0
0.0
0.0
0.009350738715316557
0.0
0.0
0.0
0.0
0.0
0.0
0.0
0.0
0.0
0.0
0.008192145608014997
0.0
0.0
0.0
0.0
0.0
0.0
0.0
0.0
0.0
0.01206710943696794
0.0
0.010755313544424145
0.0
0.0
0.0
0.0
0.0
0.0
0.0
0.0
0.0
0.0
0.0
0.0
0.0
0.0
0.0
0.0
0.0
0.0
0.0
0.0
0.0
0.0
0.0
0.0
0.0
0.0
0.0
0.0
0.0
0.021154629298526614
0.0
0.0
0.0
0.0
0.010755313544424145
0.007517112160292519
0.0
0.0
0.002096845408781923
0.0
0.0
0.0
0.0
0.0
0.0
0.0
0.0
0.0
0.0
0.004193690817563846
0.0
0.0
0.0
0.0
0.04605005310933247
0.0
0.0
0.0
0.0
0.0
0.0
0.0
0.0
0.0
0.0
0.0
0.0
0.0
0.0
0.0
0.0
0.0
0.0
0.0
0.0
0.0
0.0
0.0
0.0
0.0
0.0
0.0
0.005420266751510596
0.0
0.0
0.0
0.0
0.0
0.0
0.0
0.0
0.0
0.008387381635127693
0.0
0.008192145608014997
0.0
0.0
0.0
0.0
0.0
0.0
0.0
0.0
0.0
0.0
0.0
0.0
0.0
0.0
0.0
0.0
0.0
0.0
0.0
0.0
0.0
0.0
0.0
0.0
0.0
0.0
0.0
0.0
0.0
0.0
0.0
0.0
0.0
0.0
0.007759250033458423
0.0
0.0
0.0
0.0
0.0
0.0
0.0
0.0
0.0
0.0
0.0
0.0
0.0
0.020776367575278128
0.0
0.0
0.0
0.0
0.0
0.0
0.0
0.0
0.0
0.0
0.030559305436749267
0.0
0.011710802977856365
0.0
0.0
0.0
0.0
0.0
0.0
0.0
0.0
0.0
0.0
0.0
0.0
0.0
0.0
0.0
0.0
0.0
0.0
0.0
0.0
0.0
0.0
0.0
0.0
0.0
0.0
0.0
0.0
0.0
0.0
0.0
0.0
0.0
0.0
0.0
0.0
0.0
0.008743688094239267
0.0
0.0
0.0
0.0
0.0
0.0
0.0
0.0
0.0
0.0
0.0
0.0
0.0
0.0
0.0
0.0
0.0
0.0
0.0
0.019940528056372035
0.0
0.0
0.0
0.005420266751510596
0.0
0.0
0.0
0.00906241508285017
0.0
0.0
0.0
0.1704797570767703
0.0
0.0
0.0
0.0
0.0
0.0
0.0
0.0
0.0
0.0
0.0
0.035132408933569094
0.0
0.0
0.0
0.010484227043909618
0.0
0.0
0.0
0.0
0.0
0.0
0.008907247303402593
0.0
0.010186435145583088
0.0
0.0
0.015966869375839486
0.0
0.0
0.0
0.0
0.0
0.0
0.0
0.0
0.0
0.0
0.0
0.0
0.0
0.011004092712184518
0.0
0.0
0.0
0.01164711413131151
0.0
0.0
0.0
0.0
0.0
0.0
0.0
0.0
0.0
0.0
0.0
0.0
0.005886589279137822
0.0
0.0
0.0
0.01164711413131151
0.0
0.0
0.0
0.0
0.0
0.0
0.0
0.0
0.0
0.0
0.0
0.0
0.0
0.0
0.0
0.0
0.0
0.0
0.0
0.0
0.0
0.0
0.0
0.0
0.0
0.0
0.0
0.0
0.0
0.03392056809194525
0.0
0.0
0.0
0.009970264028186017
0.0
0.0
0.0
0.02303113390148734
0.0
0.0
0.0
0.0
0.0
0.0
0.0
0.0
0.004193690817563846
0.010923418371982602
0.0
0.0
0.0
0.0
0.0
0.0
0.0
0.006965569674068247
0.0
0.0
0.0
0.018871608679037307
0.0
0.0
0.0
0.0
0.0
0.0
0.0
0.0
0.0
0.004868724265286324
0.0
0.0
0.0
0.0
0.005420266751510596
0.0
0.0
0.0
0.0
0.0
0.0
0.0
0.0
0.009856095442240347
0.0
0.0
0.0
0.0
0.0
0.0
0.0
0.0
0.0
0.0
0.0
0.0
0.0
0.0
0.0
0.0
0.0
0.0
0.0
0.0
0.0
0.0
0.0
0.0
0.0
0.0
0.0
0.0
0.0
0.0
0.0
0.0
0.0
0.0
0.0
0.09698094057456766
0.0
0.0
0.0
0.0
0.0
0.0
0.02845563035669617
0.0
0.0
0.0
0.0
0.0
0.0
0.0
0.00629053622634577
0.007759250033458423
0.0
0.009350738715316557
0.0
0.0
0.0
0.0
0.022008185424369036
0.0
0.0
0.020372870291166176
0.0
0.0
0.0
0.0
0.0
0.0
0.0
0.0
0.0
0.0
0.0
0.0
0.0
0.0
0.0
0.0
0.0
0.0
0.0
0.0
0.0
0.0
0.0
0.0
0.0
0.008743688094239267
0.0
0.0
0.0
0.0
0.0
0.0
0.0
0.009856095442240347
0.002096845408781923
0.0
0.0
0.0
0.007759250033458423
0.0
0.0
0.035132408933569094
0.0
0.011082671376187094
0.0
0.0
0.0
0.0
0.0
0.0
0.0
0.0
0.0
0.0
0.0
0.0
0.0
0.0
0.0
0.0
0.0
0.0
0.0
0.0
0.0
0.0
0.0
0.0
0.0
0.0
0.0
0.0
0.0
0.0
0.0
0.0
0.0
0.0
0.0
0.0
0.0
0.0
0.0
0.0
0.0
0.0
0.0
0.0
0.0
0.0
0.0
0.0
0.0
0.0
0.0
0.0
0.0
0.0
0.0
0.0
0.0
0.0
0.0
0.04849047028728383
0.0
0.0
0.0
0.006965569674068247
0.0
0.0
0.0
0.0
0.0
0.0
0.0
0.007983434687919743
0.0
0.0
0.004193690817563846
0.008570777692242489
0.0
0.0
0.0
0.023164111055361297
0.0
0.0
0.0
0.0
0.0
0.008907247303402593
0.0
0.0
0.006646842685457344
0.0
0.0
0.0
0.0
0.0
0.0
0.0
0.0
0.0
0.0
0.0
0.0
0.0
0.0
0.0
0.0
0.0
0.009737448530572648
0.0
0.0
0.0
0.0
0.0
0.0
0.02275607667546453
0.0
0.0
0.0
0.0
0.0
0.0
0.0
0.0
0.0
0.0
0.009737448530572648
0.0
0.0
0.0
0.0
0.0
0.0
0.0
0.0
0.0
0.0
0.0
0.0
0.0
0.0
0.0
0.0
0.0
0.0
0.0
0.0
0.005420266751510596
0.0
0.0
0.0
0.0
0.002096845408781923
0.0
0.0
0.0
0.0
0.0
0.0
0.0
0.0
0.0
0.0
0.0
0.0
0.0
0.0
0.0
0.0
0.0
0.0
0.0
0.002096845408781923
0.0
0.0
0.0
0.006646842685457344
0.0
0.0
0.0
0.03145268113172885
0.020968454087819235
0.00906241508285017
0.0
0.0
0.0
0.0
0.0848583230027467
0.0
0.0
0.002096845408781923
0.0
0.0
0.0
0.0
0.0
0.0
0.0
0.0
0.0
0.0
0.0
0.0
0.0
0.0
0.0
0.0
0.005886589279137822
0.0
0.0
0.0
0.0
0.0
0.0
0.0
0.0
0.0
0.0
0.0
0.0
0.03454670085223101
0.0
0.0
0.0
0.0
0.0
0.0
0.0
0.0
0.0
0.0
0.0
0.0
0.0
0.0
0.0
0.0
0.0
0.0
0.007983434687919743
0.0
0.0
0.0
0.0
0.0
0.0
0.0
0.0
0.0
0.0
0.0
0.011159260491632095
0.0
0.0
0.0
0.0
0.0
0.0
0.0
0.0
0.0
0.0
0.0
0.0
0.0
0.0
0.0
0.0
0.0
0.0
0.0
0.0
0.0
0.0
0.0
0.0
0.0
0.0
0.0
0.0
0.0
0.0
0.0
0.0
0.0
0.0
0.0
0.002096845408781923
0.0
0.0
0.0
0.0
0.0
0.0
0.0
0.0
0.0
0.0
0.0
0.0
0.0
0.0
0.0
0.0
0.0
0.0
0.0
0.0
0.0
0.0
0.0
0.0
0.0
0.0
0.0
0.0
0.0
0.0
0.0
0.0
0.011773178558275643
0.018970420237797447
0.0
0.0
0.0
0.0
0.0
0.0
0.0
0.009970264028186017
0.00906241508285017
0.0
0.0
0.0
0.0
0.0
0.0
0.0
0.0
0.0
0.0
0.0
0.0
0.0
0.0
0.0
0.0
0.0
0.0
0.0
0.0
0.0
0.0
0.0
0.005886589279137822
0.0
0.0
0.0
0.0
0.004193690817563846
0.0
0.0
0.0
0.0
0.0
0.0
0.0
0.0
0.0
0.0
0.0
0.020160560193403336
0.0
0.04606226780297468
0.0
0.0
0.0
0.03603169112105674
0.0
0.0
0.0
0.0
0.0
0.01189419903497116
0.0
0.0
0.0
0.0
0.0
0.0
0.0
0.0
0.0
0.0
0.0
0.0
0.0
0.0
0.0
0.0
0.0
0.0
0.0
0.0
0.0
0.0
0.0
0.0
0.06909340170446202
0.0
0.0
0.0
0.0
0.0
0.0
0.0
0.0
0.0
0.0
0.0
0.0
0.0
0.0
0.0
0.0
0.0
0.0
0.0
0.0
0.0
0.0
0.0
0.0
0.0
0.0
0.0
0.0
0.0
0.0
0.0
0.0
0.0
0.0
0.0
0.0
0.0
0.0
0.0
0.0
0.0
0.0
0.0
0.0
0.0
0.0
0.0
0.02231852098326419
0.03145268113172885
0.0
0.0
0.0
0.0
0.0
0.0
0.0
0.0
0.011952940851022272
0.011710802977856365
0.0
0.0
0.0
0.1826568825822539
0.0
0.008570777692242489
0.1212261757182096
0.0
0.01206710943696794
0.0
0.0
0.02303113390148734
0.0
0.0
0.0
0.0
0.03603169112105674
0.0
0.03494134239393453
0.0
0.0
0.0
0.0
0.0
0.0
0.1704797570767703
0.0
0.024021127414037825
0.0
0.0
0.0
0.0
0.0
0.0
0.0
0.0
0.0
0.010923418371982602
0.0
0.0
0.0
0.0
0.0
0.035132408933569094
0.0
0.0
0.0
0.0
0.0
0.004868724265286324
0.0
0.0
0.0
0.0
0.0
0.0
0.036367852715462876
0.0
0.0
0.0
0.0
0.0
0.0
0.0
0.0
0.0
0.01151556695074367
0.02378839806994232
0.0
0.0
0.0
0.007759250033458423
0.0
0.0
0.0
0.0
0.0
0.0
0.0
0.007253893306534634
0.0
0.0
0.010667623101024414
0.0
0.0
0.0
0.0
0.0
0.0
0.0
0.0
0.0
0.0
0.0
0.0
0.0
0.0
0.0
0.0
0.0
0.007759250033458423
0.0
0.0
0.0
0.0
0.0
0.0
0.0
0.0
0.0
0.0
0.0
0.0
0.0
0.0
0.0
0.04632822211072259
0.0
0.0
0.0
0.0
0.0
0.0
0.0
0.0
0.0
0.0
0.0
0.0
0.0
0.0
0.0
0.0
0.0
0.0
0.0
0.0
0.0
0.0
0.0
0.0
0.0
0.0
0.0
0.0
0.0
0.0
0.0
0.0
0.0
0.0
0.0
0.0
0.0
0.0
0.0
0.0
0.0
0.0
0.0
0.0
0.0
0.0
0.0
0.0
0.0
0.005420266751510596
0.0
0.010186435145583088
0.0
0.0
0.0
0.0
0.0
0.0
0.0
0.0
0.0
0.0
0.0
0.0
0.04658845652524604
0.0
0.0
0.0
0.009970264028186017
0.0
0.0
0.0
0.0
0.0
0.0
0.0
0.0
0.0
0.0
0.004193690817563846
0.0
0.0
0.0
0.0
0.0
0.0
0.0
0.0
0.0
0.0
0.0
0.0
0.0
0.0
0.0
0.012122617571820957
0.0
0.0
0.0
0.0
0.0
0.004868724265286324
0.0
0.0
0.0
0.0
0.0
0.0
0.0
0.0
0.0
0.0
0.0
0.0
0.0
0.0
0.0
0.04709271423310257
0.0
0.0
0.0
0.0
0.0
0.0
0.0
0.0
0.0
0.0
0.0
0.0
0.0
0.0
0.0
0.0
0.0
0.0
0.0
0.0
0.0
0.0
0.0
0.0
0.0
0.0
0.0
0.0
0.0
0.0
0.0
0.0
0.0
0.0
0.0
0.0
0.0
0.02378839806994232
0.0
0.0
0.0
0.0
0.0
0.0
0.0
0.0
0.0
0.007759250033458423
0.0
0.0
0.0
0.0
0.0
0.0
0.0
0.0
0.0
0.009737448530572648
0.0
0.0
0.0
0.0
0.0
0.0
0.0
0.0
0.0
0.0
0.0
0.0
0.0
0.0
0.0
0.0
0.0
0.0
0.0
0.0
0.0
0.003323421342728672
0.009856095442240347
0.0
0.0
0.0
0.0
0.0
0.0
0.0
0.004193690817563846
0.0
0.0
0.0
0.0
0.0
0.0
0.0
0.0
0.0
0.0
0.0
0.0
0.0
0.0
0.0
0.0
0.0
0.0
0.0
0.0
0.0
0.0
0.0
0.0
0.0
0.0
0.0
0.0
0.0
0.0
0.0
0.0
0.022613712061296833
0.0
0.0
0.0
0.003323421342728672
0.0
0.0
0.0
0.0
0.0
0.0
0.011306856030648417
0.0
0.0
0.0
0.0
0.0
0.0
0.0
0.0
0.0
0.0
0.006965569674068247
0.0
0.0
0.0
0.0
0.009485210118898723
0.004868724265286324
0.0
0.0
0.0
0.0
0.0
0.0
0.0
0.0
0.0
0.0
0.0
0.0
0.0
0.0
0.0
0.0
0.0
0.0
0.0
0.008570777692242489
0.0
0.0
0.0
0.0
0.0
0.0
0.0
0.0
0.0
0.0
0.017487376188478534
0.0
0.0
0.0
0.0
0.0
0.022613712061296833
0.0
0.041155964067187675
0.018420021243732987
0.0
0.0
0.0
0.10757646765920044
0.0
0.0
0.009737448530572648
0.0
0.0
0.0
0.0
0.0
0.0
0.0
0.0
0.0
0.0
0.0
0.011159260491632095
0.0
0.04826843774787176
0.007517112160292519
0.0
0.010080280096701668
0.0
0.0
0.0
0.0
0.0
0.0
0.0
0.0
0.0
0.0
0.0
0.0
0.0
0.0
0.0
0.011159260491632095
0.0
0.0
0.0
0.0
0.0
0.0
0.0
0.0
0.0
0.0
0.007517112160292519
0.0
0.0
0.0
0.003323421342728672
0.0
0.0
0.03494134239393453
0.0
0.0
0.0
0.0
0.0
0.0
0.0
0.0
0.009856095442240347
0.009613957569074441
0.0
0.0
0.0
0.0
0.0
0.0
0.0
0.0
0.0
0.0
0.0
0.0
0.0
0.0
0.0
0.007983434687919743
0.0
0.0
0.0
0.0
0.012010563707018912
0.006646842685457344
0.0
0.03550288181806371
0.0
0.011159260491632095
0.0
0.0
0.0
0.0
0.010755313544424145
0.0
0.010840533503021192
0.0
0.08523987853838515
0.0
0.0
0.010288991016796919
0.0
0.0
0.0
0.0
0.0
0.0
0.0
0.0
0.0
0.0
0.0
0.014507786613069267
0.0
0.0
0.002096845408781923
0.3409595141535406
0.0
0.0
0.0
0.0
0.0
0.033248014128561286
0.005420266751510596
0.0
0.0
0.0
0.0
0.0
0.0
0.0
0.0
0.0
0.0
0.1948340080877375
0.0
0.0
0.0
0.008743688094239267
0.0
0.0
0.0
0.0
0.0
0.0
0.011233958323193818
0.0
0.0
0.0
0.0
0.0
0.0
0.01144758412409848
0.011710802977856365
0.0
0.03392056809194525
0.0
0.011306856030648417
0.07136519420982697
0.0
0.0
0.003323421342728672
0.0
0.0
0.0
0.0
0.0
0.0
0.0
0.0
0.0
0.0
0.0
0.0
0.0
0.0
0.0
0.0
0.0
0.0
0.0
0.0
0.0
0.0
0.0
0.0
0.0
0.0
0.0
0.035682597104913484
0.0
0.0
0.0
0.0
0.0
0.0
0.008907247303402593
0.008570777692242489
0.020160560193403336
0.0
0.1212261757182096
0.0
0.0
0.0
0.0594709951748558
0.0
0.0
0.0
0.0
0.0
0.0
0.0
0.0
0.0
0.0
