0.0
0.0
0.0
0.0
0.0
0.0
0.0
0.0
0.0
0.0
0.0
0.0
0.0
0.0
0.0
0.0
0.0
0.0
0.0
0.0
0.0
0.0
0.0
0.0
0.0
0.0
0.0
0.0
0.0
0.0
0.0
0.0
0.0
0.0
0.0
0.0
0.0
0.0
0.0
0.0
0.0
0.0
0.0
0.0
0.0
0.0
0.0
0.0
0.0
0.0
0.0
0.0
0.0
0.0
0.0
0.0
0.0
0.0
0.0
0.0
0.0
0.0
0.0
0.0
0.0
0.0
0.0
0.0
0.0
0.0
0.0
0.0
0.0
0.0
0.0
0.0
0.0
0.0
0.0
0.0
0.0
0.0
0.0
0.0
0.0
0.0
0.0
0.014129319390178176
0.0
0.0
0.0
0.0
0.0
0.0
0.0
0.0
0.0
0.0
0.0
0.0
0.0
0.0
0.0
0.0
0.0
0.0
0.0
0.0
0.0
0.0
0.0
0.0
0.0
0.0
0.0
0.0
0.0
0.0
0.0
0.0
0.0
0.006246771448694323
0.0
0.0
0.0
0.0
0.0
0.0
0.0
0.0
0.0
0.0
0.0
0.0
0.0
0.0
0.0
0.0
0.0
0.0
0.0
0.0
0.0
0.0
0.0
0.0
0.0
0.0
0.0
0.0
0.0
0.0
0.0
0.0
0.0
0.0
0.0
0.0
0.0
0.0
0.003688184960313288
0.0
0.0020822571495647743
0.0
0.0020822571495647743
0.0
0.003396015139812083
0.0
0.0
0.0
0.0
0.0
0.0
0.0
0.0
0.0
0.0
0.0
0.0
0.0
0.0
0.0
0.0
0.0
0.0
0.0
0.0
0.0
0.0
0.0
0.0
0.0
0.0
0.0
0.005001942950560595
0.0
0.0
0.0
0.0
0.0
0.0
0.0
0.0
0.0
0.0
0.0
0.0
0.0
0.0
0.0
0.0
0.0
0.0
0.0
0.0
0.0
0.0
0.0
0.0
0.002627515980494617
0.0
0.0
0.0
0.0
0.0
0.0
0.0
0.0
0.0
0.0
0.0
0.0
0.0
0.0
0.0
0.0
0.0
0.0
0.0
0.0
0.0
0.0
0.0
0.0
0.0
0.0
0.0
0.0
0.0
0.0
0.0
0.0
0.0
0.0
0.0
0.0
0.0
0.0
0.0
0.0
0.0
0.0
0.0
0.0
0.0
0.0
0.0
0.0
0.0
0.0
0.0
0.0
0.0
0.0
0.0
0.0
0.0
0.0
0.0
0.0
0.0
0.0
0.0
0.0
0.0
0.0
0.0
0.0
0.0
0.0
0.0
0.0
0.0
0.0
0.0
0.0
0.0
0.0
0.0
0.0
0.0
0.0
0.0
0.0
0.0
0.0
0.0
0.0
0.0
0.0
0.0
0.0
0.0
0.0
0.0
0.0
0.0
0.0
0.0
0.0
0.0
0.0
0.0
0.0
0.0
0.0
0.0
0.0
0.0
0.0
0.0
0.0
0.0
0.0
0.0
0.0
0.0
0.0
0.0
0.0
0.0
0.0
0.0
0.0
0.0
0.0
0.0013137579902473084
0.0
0.0
0.011717227841892476
0.0
0.0
0.0
0.06772591138215059
0.0
0.0
0.0
0.0
0.0
0.0
0.0
0.013634567792096786
0.0
0.0
0.0
0.0
0.004164514299129549
0.0
0.0
0.0
0.0
0.0
0.0
0.0
0.0
0.0
0.0
0.0
0.0
0.0
0.0039412739707419256
0.0
0.0
0.0
0.0
0.0
0.0
0.0
0.0
0.0
0.01000388590112119
0.0
0.0
0.0
0.0
0.0
0.0
0.0
0.0
0.003688184960313288
0.0
0.0061009031748759665
0.0
0.0
0.0
0.0
0.0
0.0
0.005132708737002758
0.0
0.0
0.0
0.0
0.0
0.0
0.0
0.0
0.0
0.0
0.0
0.0
0.0
0.0
0.0
0.0
0.0
0.00699172555817991
0.0
0.0
0.0
0.0
0.0
0.0
0.0
0.0
0.0
0.0
0.0
0.002627515980494617
0.0
0.0
0.0
0.0
0.0
0.0
0.0
0.0
0.0
0.0
0.0
0.0
0.0
0.0
0.0
0.0
0.0
0.0
0.0
0.0
0.0
0.0
0.0
0.0
0.0
0.0
0.0
0.0
0.004709773130059392
0.0
0.0
0.01482932233024655
0.0
0.0
0.0
0.0075251012646833995
0.013687921967831534
0.0
0.0
0.0
0.0
0.0
0.0
0.003396015139812083
0.0
0.0
0.0
0.0
0.0
0.014129319390178176
0.0
0.0
0.0
0.0
0.0
0.0
0.0
0.0
0.0
0.0
0.0
0.0
0.002627515980494617
0.0
0.0
0.0
0.0
0.0
0.0
0.0
0.0
0.0
0.0
0.0
0.0
0.0
0.0
0.0
0.0
0.0
0.0
0.0
0.010510063921978468
0.0
0.0
0.0
0.0
0.015005828851681786
0.015190615036273825
0.0
0.0
0.0
0.0
0.0
0.0
0.0
0.0
0.0
0.0
0.0
0.0
0.0
0.03814729465527607
0.03038123007254765
0.0
0.0
0.0
0.0
0.0
0.0
0.04557184510882148
0.0
0.0
0.0
0.0
0.0
0.0
0.0
0.0
0.0
0.0
0.0
0.0
0.0
0.0
0.0
0.0
0.0
0.0
0.0
0.0
0.0
0.0
0.0
0.021644897659702598
0.0
0.0
0.0
0.0
0.008329028598259097
0.0
0.0
0.0
0.014077053508464986
0.008728419155370584
0.0
0.006627113080263704
0.012201806349751933
0.0020822571495647743
0.004164514299129549
0.0
0.0
0.0
0.0
0.0
0.0
0.0
0.0
0.0
0.0
0.0
0.0
0.0
0.0
0.0
0.0
0.0
0.0
0.0
0.0020822571495647743
0.0
0.0020822571495647743
0.0
0.0
0.0
0.0
0.0
0.0
0.0
0.0
0.0
0.0
0.0
0.0
0.0
0.0
0.004544855930698929
0.0
0.0
0.0
0.005255031960989234
0.0
0.0
0.0
0.0
0.0
0.0
0.0
0.0
0.006683694957778908
0.0
0.0
0.0
0.0
0.0
0.0
0.0
0.0
0.0
0.0
0.0
0.003688184960313288
0.0
0.0
0.0
0.0
0.0
0.0
0.0
0.0
0.0
0.0
0.006382211348818419
0.0
0.0
0.0
0.0
0.0
0.0
0.0
0.0
0.0
0.0
0.0
0.0
0.0
0.0
0.0
0.0
0.0
0.0
0.0
0.0
0.0
0.0
0.0
0.0
0.0
0.0
0.0
0.0
0.0
0.0
0.0
0.02929306960473119
0.0
0.0
0.0
0.005255031960989234
0.0
0.0
0.0
0.0
0.0
0.0
0.0
0.0
0.0
0.0
0.0
0.0
0.0
0.0
0.0
0.0
0.0
0.004709773130059392
0.0
0.0
0.0
0.0
0.0
0.0
0.0
0.0
0.0
0.0
0.0
0.0
0.0
0.0
0.012892933454500132
0.0
0.0
0.0
0.0
0.0020822571495647743
0.0
0.0
0.0
0.005580748712777891
0.0
0.0
0.0
0.0120470622406134
0.0
0.005255031960989234
0.0
0.0
0.0
0.0
0.0
0.004164514299129549
0.0
0.0
0.0
0.0
0.0
0.0
0.0
0.005580748712777891
0.0
0.0
0.0
0.0
0.0
0.0
0.0
0.0
0.0
0.0
0.0
0.0
0.002627515980494617
0.0
0.0
0.0
0.0
0.0
0.0
0.003396015139812083
0.0
0.0
0.0
0.0
0.0
0.0
0.0
0.0
0.0
0.0
0.0
0.0
0.0053699369675316
0.0
0.0
0.0
0.034958627790899546
0.0060235311203067
0.0
0.0
0.0
0.0
0.0
0.0
0.06804476495047469
0.01482932233024655
0.0
0.0
0.0
0.0
0.0
0.0
0.0
0.007882547941483851
0.0
0.0
0.0
0.0
0.01398345111635982
0.0
0.0
0.0
0.074102882848604
0.0
0.0
0.0
0.0
0.0
0.0
0.0
0.0
0.0
0.0
0.0
0.0
0.0
0.0
0.0
0.0
0.0
0.0
0.0
0.0
0.0
0.0
0.0
0.0
0.0
0.0
0.0
0.0
0.0
0.0
0.0
0.014168400200250742
0.017575841762838714
0.0
0.0
0.0
0.0
0.0
0.0
0.0
0.013137579902473088
0.005770442109878062
0.013017229976048985
0.0
0.0
0.03369318273875636
0.0
0.0
0.0
0.0
0.0
0.0
0.0
0.0
0.0
0.0
0.0
0.0
0.0
0.0
0.0
0.0
0.0
0.0
0.0
0.0
0.0
0.0
0.0
0.0
0.0
0.0
0.0
0.0
0.0
0.0
0.0
0.0
0.0
0.0
0.0
0.0
0.0
0.0
0.0
0.0
0.0
0.0
0.0
0.0
0.0
0.0
0.0
0.0
0.0
0.0
0.0
0.0
0.0
0.0
0.003688184960313288
0.0
0.0
0.002627515980494617
0.0
0.0
0.0
0.004164514299129549
0.0
0.0
0.0
0.0
0.0
0.0
0.0
0.0
0.0
0.0
0.0
0.0
0.0
0.0
0.0
0.0
0.005580748712777891
0.0
0.0
0.0
0.0
0.0
0.0
0.0
0.0
0.0
0.0
0.0
0.0
0.0
0.0
0.0
0.0
0.0
0.0
0.0
0.0
0.0
0.0
0.0
0.0
0.0
0.0
0.0
0.0
0.0
0.0
0.0
0.0
0.0
0.0
0.0
0.0
0.0
0.0
0.0
0.0
0.0
0.0
0.02189215645929036
0.0
0.0020822571495647743
0.0
0.0
0.0
0.0
0.004544855930698929
0.0
0.0
0.0
0.0
0.0039412739707419256
0.0
0.0
0.0
0.0
0.0
0.0
0.0
0.0
0.0
0.0
0.0
0.0
0.0
0.0
0.0
0.0
0.0
0.0
0.0
0.0
0.0
0.0
0.0
0.0
0.0
0.0
0.0
0.0
0.0
0.0
0.0
0.0
0.0
0.0
0.0
0.007256623654395954
0.0
0.0
0.0
0.0
0.0
0.09155350717266256
0.0
0.0
0.0
0.08392404824160735
0.0
0.0
0.0
0.0
0.0
0.0
0.0
0.0
0.0
0.005255031960989234
0.0
0.0
0.0
0.0
0.0
0.0
0.0
0.0
0.0
0.0
0.0
0.0
0.0
0.0107398739350632
0.0
0.0
0.0061009031748759665
0.0
0.0
0.0013137579902473084
0.0
0.0
0.0
0.0
0.0
0.0
0.0
0.0
0.0
0.0
0.0
0.0
0.0
0.0
0.0
0.0
0.0
0.0
0.0
0.0
0.0
0.0
0.0
0.0
0.0
0.0
0.0
0.0
0.0
0.0
0.0
0.0
0.0
0.0
0.0
0.0
0.0
0.0039412739707419256
0.0020822571495647743
0.0
0.0
0.0
0.0
0.0
0.0
0.0
0.0
0.0
0.0
0.0
0.0
0.0
0.0
0.0
0.0
0.0
0.0
0.0
0.0
0.0
0.0
0.0
0.0
0.0
0.0
0.0
0.0
0.0039412739707419256
0.0039412739707419256
0.0
0.0
0.0
0.0
0.0
0.0
0.0
0.0
0.0
0.0
0.0
0.01263140188161581
0.0
0.0
0.0
0.0
0.0
0.0
0.0
0.0
0.0
0.0
0.0
0.0
0.0
0.0
0.0
0.0
0.0
0.0
0.0
0.0
0.0
0.0
0.0
0.0
0.0
0.0
0.0
0.0
0.0
0.0
0.0
0.0
0.0
0.0
0.0
0.0
0.0
0.0
0.0
0.0
0.014429931773135065
0.0
0.0
0.0
0.0
0.007214965886567532
0.0
0.0
0.0
0.0
0.0
0.0
0.0
0.0
0.0
0.0
0.0
0.0
0.0
0.0
0.0
0.0
0.0
0.0
0.0
0.0
0.0
0.007214965886567532
0.0
0.007297385486430118
0.0
0.0
0.0
0.0
0.0
0.0
0.0
0.0
0.0
0.0
0.0
0.0
0.0
0.006382211348818419
0.0
0.0
0.0
0.0
0.0
0.0
0.01000388590112119
0.0
0.0
0.0
0.0
0.0
0.0
0.0
0.0
0.0
0.0075251012646833995
0.0020822571495647743
0.005478272289376858
0.0
0.0039412739707419256
0.0
0.0
0.0
0.0
0.0
0.0
0.0
0.0
0.0
0.0
0.0
0.0
0.0
0.0
0.0
0.0
0.0
0.0
0.0
0.0
0.0
0.0
0.0
0.0
0.0
0.0
0.0
0.0
0.0
0.0
0.0
0.0
0.0
0.0
0.0
0.0
0.0
0.0
0.0
0.0
0.0
0.0
0.0
0.0
0.0
0.0
0.0
0.0
0.06673195048610947
0.0
0.0
0.0
0.0
0.0
0.0
0.0
0.0
0.0
0.0
0.0
0.0
0.0
0.003396015139812083
0.0
0.0
0.0
0.0
0.0
0.0
0.0
0.0
0.0
0.0
0.007337289110554008
0.0
0.0
0.0
0.0
0.0
0.0
0.0
0.0
0.0
0.0
0.0
0.0
0.0
0.0
0.0
0.0
0.0
0.0
0.0
0.0
0.004709773130059392
0.0
0.0
0.0
0.0
0.0
0.0
0.0
0.0
0.0
0.0
0.0
0.0
0.0
0.0
0.0
0.0
0.0
0.0
0.0
0.004164514299129549
0.003688184960313288
0.0
0.0
0.0
0.0
0.0
0.0
0.0
0.0039412739707419256
0.0
0.0
0.0
0.0
0.004861482247136358
0.0
0.0
0.0
0.0
0.0
0.0
0.0
0.0
0.0
0.0
0.0
0.0
0.0
0.0
0.005255031960989234
0.0
0.0
0.0
0.0
0.0
0.0
0.0
0.0
0.0
0.0
0.0
0.0
0.0
0.0
0.0
0.0
0.0
0.0
0.0
0.0
0.0
0.0
0.0
0.0
0.0
0.0
0.0
0.0
0.0
0.0
0.0
0.0030504515874379833
0.0
0.0
0.0
0.0
0.0
0.0
0.0
0.0
0.0
0.0
0.0
0.0
0.0
0.0
0.0
0.0
0.0
0.0013137579902473084
0.0
0.0
0.008728419155370584
0.0
0.0
0.0
0.004364209577685292
0.0
0.0
0.0
0.0
0.0
0.0
0.0
0.0
0.0
0.0
0.0
0.0
0.0
0.0
0.0
0.0
0.0
0.0
0.0
0.0
0.0
0.0
0.0
0.0
0.0
0.0
0.0
0.0
0.0
0.0
0.0
0.0
0.0
0.0
0.0
0.0
0.0
0.0
0.0
0.0
0.0
0.0
0.0
0.007172371911193546
0.0
0.0061009031748759665
0.0
0.0
0.0
0.0
0.0
0.0
0.015190615036273825
0.0
0.0
0.0
0.0
0.004861482247136358
0.0
0.0
0.0
0.0
0.0
0.0
0.0
0.0
0.0
0.0
0.0
0.0
0.0
0.0
0.0
0.0
0.0
0.0
0.0
0.0
0.0
0.0
0.0
0.0
0.0
0.0
0.0
0.0
0.0
0.0
0.0
0.0
0.0
0.0
0.0
0.0
0.0
0.0
0.0
0.004164514299129549
0.0
0.0
0.0
0.0
0.0
0.0
0.0
0.0
0.0
0.0
0.0
0.0
0.0
0.0
0.0
0.0
0.0
0.0
0.0
0.0
0.0
0.0
0.0
0.0
0.0
0.004364209577685292
0.0
0.0
0.0
0.0
0.0
0.0
0.0
0.0
0.0
0.0
0.0
0.0
0.0
0.0
0.0
0.0
0.0
0.0030504515874379833
0.0
0.0
0.0
0.0
0.0
0.0
0.0
0.0056779675679326
0.0
0.0
0.0
0.0
0.0
0.0
0.0
0.0
0.0
0.0039412739707419256
0.0
0.002627515980494617
0.0
0.0
0.03726097058548187
0.0013137579902473084
0.0020822571495647743
0.0
0.0
0.0
0.0
0.0
0.0
0.1605424807014626
0.0
0.0
0.0
0.0
0.0
0.0
0.0
0.0
0.0
0.0
0.0
0.0
0.0
0.0
0.0
0.0
0.0
0.0
0.0
0.0
0.0
0.0
0.0
0.0
0.0
0.0
0.0
0.0
0.0
0.0
0.0
0.0
0.0
0.0
0.0
0.0
0.0
0.0
0.0
0.0
0.0
0.0
0.0
0.0
0.0
0.0
0.0
0.0
0.0
0.0
0.0
0.0
0.0
0.0
0.0
0.0
0.0
0.0
0.0
0.0
0.0
0.0
0.0
0.0
0.0
0.0
0.0
0.0
0.0
0.0
0.0
0.0
0.0
0.0
0.0
0.0020822571495647743
0.0
0.0
0.0
0.0
0.0
0.0
0.0
0.0
0.0
0.0
0.0
0.0
0.0
0.0
0.0
0.0
0.0
0.0
0.0
0.0
0.0
0.01000388590112119
0.0
0.0
0.0
0.0
0.0
0.0
0.0
0.0
0.0
0.0
0.0
0.0
0.0
0.0
0.0
0.0
0.0
0.0
0.0
0.0
0.010510063921978468
0.0
0.0
0.0
0.0
0.0
0.0
0.0
0.0
0.0
0.0
0.0
0.0
0.0
0.0
0.0
0.0
0.0
0.0
0.0
0.0
0.0
0.0
0.0
0.0
0.0
0.0
0.0
0.0
0.003688184960313288
0.0
0.0
0.0
0.0
0.0
0.0
0.0
0.0
0.0030504515874379833
0.0
0.0
0.0
0.006246771448694324
0.0
0.0
0.0
0.0
0.0
0.0
0.0013137579902473084
0.0
0.0
0.0
0.0
0.0
0.0
0.0
0.0
0.0
0.0
0.0
0.0
0.0
0.0
0.0
0.0
0.0
0.0
0.0
0.0
0.0
0.0
0.0
0.0
0.0
0.0
0.0
0.0
0.0
0.0
0.0
0.013017229976048985
0.02191308915750743
0.0
0.0
0.0
0.005942865664148645
0.0
0.0039412739707419256
0.0
0.0
0.0
0.0
0.0
0.0
0.0
0.0
0.0
0.0
0.0
0.0
0.0
0.0
0.0
0.0
0.0
0.0
0.0
0.0
0.0
0.0
0.0
0.0
0.0
0.0
0.0
0.0
0.0
0.0
0.0
0.0
0.020531882951747304
0.0061009031748759665
0.0
0.0
0.0
0.0
0.0
0.0
0.0
0.0
0.0
0.0
0.0
0.0
0.0
0.0
0.0
0.0020822571495647743
0.0
0.0
0.0
0.0
0.0
0.0
0.0
0.0
0.0
0.0
0.0
0.0
0.013584060559248332
0.0
0.0
0.0
0.0
0.0
0.0
0.0
0.0
0.0
0.0
0.0
0.0
0.0
0.0
0.0
0.0
0.0
0.0
0.0
0.0
0.0
0.0
0.0
0.0
0.0
0.0
0.0
0.0
0.0
0.0
0.0
0.0
0.0
0.0
0.0
0.0
0.0
0.0
0.0
0.0
0.0
0.0
0.017828596992445937
0.0060235311203067
0.0
0.0
0.0
0.04402373466332406
0.0
0.0
0.0
0.0
0.0
0.0
0.014168400200250742
0.0
0.006315700940807905
0.0
0.0
0.0
0.012764422697636838
0.0
0.0
0.0
0.0
0.0
0.0
0.0
0.0
0.0
0.0
0.0
0.014674578221108016
0.0
0.0
0.0
0.0
0.0
0.0
0.0
0.0
0.0
0.0
0.0
0.0
0.0
0.0
0.0
0.0
0.0
0.0
0.0
0.0
0.0
0.0
0.0
0.0
0.0
0.0
0.0
0.0
0.0
0.0
0.0
0.0
0.0
0.0
0.0
0.0
0.0
0.0
0.0
0.0056779675679326
0.0
0.0
0.0
0.0
0.0
0.0
0.0
0.0
0.0
0.005942865664148645
0.0
0.0
0.0
0.0
0.0
0.0
0.0
0.0030504515874379833
0.0
0.0
0.0
0.0
0.018947102822423716
0.0
0.0
0.0
0.0
0.0
0.0
0.0
0.0
0.0
0.0
0.0
0.006568789951236544
0.0
0.0
0.0
0.0
0.0
0.0
0.0
0.0
0.0
0.0
0.0
0.0
0.0
0.0
0.0
0.0
0.0
0.0
0.0
0.0
0.0
0.010956544578753715
0.0
0.0
0.0
0.0
0.0
0.0
0.0
0.0
0.0
0.0
0.0
0.0
0.0
0.0
0.0
0.0
0.0
0.0060235311203067
0.0
0.0
0.0
0.0
0.0
0.0
0.0
0.0
0.0
0.0013137579902473084
0.0
0.0
0.0
0.0013137579902473084
0.0
0.0
0.0
0.0
0.0
0.0
0.0
0.0
0.0
0.0
0.0
0.0
0.0
0.0
0.0
0.0
0.0
0.0
0.0
0.0
0.0
0.0
0.0
0.0
0.0
0.0
0.0
0.0
0.03668644555277004
0.0
0.0
0.0
0.0
0.0
0.0
0.0
0.0
0.0
0.0
0.0
0.0060235311203067
0.0
0.009722964494272715
0.002627515980494617
0.0
0.0
0.0
0.0
0.0
0.0
0.0
0.0
0.0
0.0
0.0
0.0
0.0
0.0
0.0
0.0
0.0
0.0
0.0
0.0
0.0
0.0
0.0
0.0
0.0
0.0
0.0
0.0
0.0
0.0
0.0
0.0
0.0056779675679326
0.0
0.0
0.0
0.0
0.0
0.0
0.0
0.0
0.0
0.0
0.0
0.0
0.0
0.0
0.0
0.0
0.0
0.0
0.0
0.004164514299129549
0.0
0.0
0.0013137579902473084
0.0
0.0
0.0
0.0
0.0
0.0
0.0
0.0
0.0
0.0
0.0
0.006246771448694324
0.0
0.0
0.0
0.0
0.0039412739707419256
0.0
0.0
0.0
0.0
0.0
0.0030504515874379833
0.0
0.0
0.0
0.0039412739707419256
0.0
0.0
0.0
0.0
0.07982286019835551
0.0020822571495647743
0.0
0.0
0.0
0.007297385486430118
0.0
0.0
0.03797653759068457
0.004861482247136358
0.0
0.0
0.0
0.0
0.003688184960313288
0.0
0.0
0.0
0.0
0.0
0.0
0.0
0.0
0.0
0.0
0.0
0.0
0.0
0.0
0.0
0.003688184960313288
0.0
0.0
0.0
0.0
0.0
0.0
0.0
0.0
0.0
0.0
0.0
0.0
0.0
0.0
0.0
0.0020822571495647743
0.0
0.0
0.0
0.0
0.0
0.0
0.0
0.0
0.0
0.0
0.0
0.0
0.0
0.0
0.0
0.0
0.0
0.0
0.0
0.0013137579902473084
0.0
0.0
0.0
0.0
0.0
0.0
0.0
0.0
0.0
0.0
0.0
0.0
0.0013137579902473084
0.0
0.0
0.0
0.0
0.0
0.0
0.0
0.0
0.0
0.0
0.0
0.0
0.0
0.0
0.0
0.0
0.0
0.0
0.0
0.0
0.0
0.0
0.0
0.0
0.0
0.0
0.0
0.0
0.0
0.0
0.005858613920946238
0.0
0.0
0.0
0.0
0.006508614988024492
0.0
0.0
0.0
0.0
0.0
0.0
0.0
0.0
0.0
0.0
0.0
0.0
0.0
0.0
0.0
0.0
0.0
0.0
0.0
0.0
0.0
0.0
0.0
0.0
0.012350480474767334
0.0
0.0
0.0
0.0
0.0
0.0
0.0
0.0
0.0
0.0
0.0
0.0
0.0
0.004164514299129549
0.0
0.0
0.0
0.0
0.0
0.0
0.0
0.0
0.0
0.0
0.0
0.0
0.0
0.0
0.0
0.0
0.0
0.0
0.0
0.0
0.0
0.0
0.0
0.0
0.0
0.0
0.0
0.0
0.011161497425555783
0.0
0.0
0.0
0.0
0.0
0.0
0.0
0.0
0.0
0.0
0.0
0.0
0.0
0.0
0.0
0.0
0.0
0.0
0.0
0.0
0.0
0.002627515980494617
0.0
0.0
0.0
0.0030504515874379833
0.0
0.0
0.0
0.0
0.0
0.0
0.0
0.0
0.002627515980494617
0.0061009031748759665
0.0
0.0
0.0
0.0
0.014977996455261952
0.0
0.0
0.0
0.0
0.0
0.011540884219756124
0.0
0.0
0.0
0.0
0.0
0.0
0.0
0.0
0.0
0.0
0.0
0.0
0.0
0.0
0.0
0.0
0.0
0.0
0.0
0.0
0.0
0.0
0.0
0.0
0.0
0.0
0.0
0.0
0.0
0.004544855930698929
0.0
0.0
0.0
0.01018804541943625
0.0
0.0
0.0
0.0
0.0
0.0
0.0
0.0
0.0
0.0
0.0
0.0
0.0
0.0
0.019339400181750198
0.0
0.0
0.0
0.0
0.0
0.0
0.0
0.0013137579902473084
0.004861482247136358
0.0
0.0
0.0
0.0
0.0
0.004544855930698929
0.0
0.0
0.0
0.0
0.0
0.0
0.0
0.0
0.0
0.0
0.0
0.0
0.0
0.0
0.0
0.0
0.0
0.0
0.0
0.0
0.0
0.0
0.0
0.0
0.0
0.0013137579902473084
0.0
0.0
0.0
0.0
0.0
0.0061009031748759665
0.0
0.0
0.0
0.0
0.0
0.004861482247136358
0.0
0.0
0.0
0.0
0.0
0.039412739707419264
0.0
0.0030504515874379833
0.0
0.015258917862110428
0.004544855930698929
0.0
0.0
0.0
0.0
0.0
0.0
0.0
0.0
0.0
0.0020822571495647743
0.0013137579902473084
0.0
0.0
0.0
0.0
0.0
0.0
0.0
0.013634567792096786
0.0
0.007038526754232493
0.0
0.0
0.0
0.0
0.0
0.0
0.0
0.0020822571495647743
0.005858613920946238
0.0
0.0
0.0
0.0
0.0
0.0
0.0
0.005255031960989234
0.0
0.0
0.0
0.0
0.0
0.0
0.0
0.0
0.0
0.037625506323417
0.0
0.0
0.0
0.0
0.0
0.0
0.002627515980494617
0.006568789951236544
0.0
0.0
0.0013137579902473084
0.0
0.0
0.005001942950560595
0.0
0.0
0.0
0.0
0.0
0.0
0.0
0.0
0.020831218190103397
0.0
0.0
0.0
0.060200810117467196
0.0
0.0
0.0
0.0
0.0
0.0
0.0
0.006943739396701132
0.0
0.0
0.0
0.0
0.0
0.0
0.026508452321054816
0.0
0.0
0.0
0.0
0.0
0.0
0.0
0.0
0.0
0.0
0.0
0.0
0.0
0.0
0.0
0.0
0.0
0.0
0.0
0.0013137579902473084
0.0
0.0
0.0
0.0
0.0
0.0
0.0
0.0
0.0
0.0
0.0
0.0
0.0
0.0
0.0
0.03780264719470816
0.004164514299129549
0.006792030279624166
0.0
0.0
0.0
0.0
0.0
0.0
0.0
0.0
0.0
0.0
0.0
0.0
0.0
0.0
0.0
0.0
0.0
0.0
0.0120470622406134
0.0
0.0
0.0
0.0
0.0
0.0
0.0
0.0
0.0
0.0
0.0
0.0
0.0
0.0
0.0
0.0
0.0
0.0
0.0
0.0
0.0
0.0
0.0
0.0
0.0
0.0
0.0
0.0
0.0
0.0
0.0
0.0
0.0
0.0
0.0
0.0
0.0
0.0
0.0
0.0
0.0
0.0
0.0
0.0
0.017575841762838714
0.0
0.0
0.002627515980494617
0.0
0.0
0.0
0.0
0.0
0.0
0.0
0.002627515980494617
0.0
0.0
0.0
0.0
0.0
0.0
0.0
0.06568789951236544
0.0
0.015005828851681786
0.003688184960313288
0.0
0.0
0.0
0.0
0.0
0.0
0.0
0.0
0.0
0.0
0.0
0.0
0.0
0.0
0.0
0.0
0.0
0.0
0.0
0.0
0.0
0.01018804541943625
0.0
0.009419546260118783
0.0
0.0
0.013137579902473088
0.0
0.0
0.0
0.0
0.0
0.0
0.0
0.0
0.005580748712777891
0.0
0.0
0.0
0.0
0.0
0.0
0.0
0.0
0.0
0.0
0.0
0.0
0.0
0.0
0.0
0.0
0.0
0.0
0.006943739396701132
0.0
0.0
0.0
0.0
0.002627515980494617
0.0
0.0
0.04493398936578586
0.0
0.011064554880939862
0.0
0.0
0.0
0.0
0.0
0.0
0.0
0.0
0.0013137579902473084
0.0
0.0
0.0
0.0
0.0
0.0
0.0
0.0
0.0
0.0
0.0
0.0
0.007488998227630976
0.005001942950560595
0.0
0.0
0.0
0.0
0.0
0.0
0.0
0.0
0.0
0.004544855930698929
0.007882547941483851
0.0
0.0
0.0
0.0
0.0
0.020531882951747304
0.0
0.0
0.0
0.0
0.0
0.0
0.0
0.0
0.0
0.0183027095246279
0.0
0.0
0.0
0.0
0.0
0.0
0.005770442109878062
0.0
0.0
0.0
0.013092628733055875
0.0
0.0
0.0
0.0
0.0
0.0
0.0
0.0
0.0
0.0
0.0
0.0
0.0
0.0
0.0
0.0
0.0
0.0
0.02151711573358064
0.0
0.0
0.0
0.0
0.0
0.0
0.0
0.0
0.0
0.0
0.0
0.0
0.0
0.0
0.0
0.0
0.0
0.0
0.0
0.0
0.0
0.0
0.0
0.0
0.0
0.0
0.0
0.2594016036558773
0.0
0.0
0.0
0.0
0.0
0.0
0.0
0.0
0.0
0.0
0.0
0.029955992910523904
0.0
0.0
0.0
0.0
0.0
0.0
0.0
0.0
0.0
0.013634567792096786
0.0
0.0
0.0
0.0
0.0
0.0
0.06159564885524191
0.0
0.0
0.0
0.0
0.0
0.0
0.005770442109878062
0.0
0.0
0.0
0.0
0.0
0.0
0.0
0.0
0.0
0.0
0.0
0.0
0.0
0.0
0.0
0.0
0.0
0.0
0.0
0.0
0.0
0.005001942950560595
0.0
0.007882547941483851
0.0013137579902473084
0.0
0.0
0.0
0.0
0.0
0.0
0.0
0.0
0.0
0.0
0.0
0.0
0.0
0.0
0.0
0.0
0.0
0.0
0.0
0.0
0.0
0.0
0.0
0.0
0.014168400200250742
0.0
0.0
0.0
0.003396015139812083
0.0
0.0
0.0
0.0
0.0
0.0
0.0
0.018740314346082972
0.0
0.0
0.0
0.0
0.0
0.0
0.0
0.0
0.0
0.0
0.0013137579902473084
0.0
0.0
0.0
0.0
0.0
0.0
0.0
0.0
0.0
0.0
0.0
0.0
0.0
0.0
0.0
0.0
0.0
0.0
0.0
0.0
0.0
0.0
0.0
0.0
0.0
0.0
0.0
0.0
0.0
0.0
0.0
0.0
0.0
0.0
0.0
0.0
0.0
0.0
0.0
0.0
0.0
0.0
0.0
0.0
0.0
0.0
0.0
0.0
0.0
0.0
0.0
0.0
0.0
0.0
0.0
0.0
0.0
0.0
0.0
0.0
0.0
0.0
0.0
0.0
0.0
0.0
0.0
0.0
0.0
0.0
0.0
0.0
0.0
0.0
0.0
0.0
0.0
0.0
0.0
0.0
0.0
0.0
0.0
0.0
0.0
0.0013137579902473084
0.0
0.0
0.0
0.0
0.0
0.0
0.0
0.0
0.0
0.0
0.0
0.0
0.0
0.0
0.0
0.0
0.0
0.0
0.0
0.0
0.0
0.0
0.0
0.0
0.0
0.0
0.0
0.0
0.0
0.0
0.0
0.0
0.0
0.11444709128582731
0.0
0.012350480474767334
0.0
0.0
0.0
0.0
0.0
0.0
0.006446466727250066
0.0
0.0
0.013584060559248332
0.0
0.0
0.0
0.0
0.0
0.1512155833728448
0.0
0.0120470622406134
0.0
0.4425086180012024
0.0
0.0
0.0
0.004709773130059392
0.0039412739707419256
0.0203760908388725
0.0
0.0
0.0
0.0
0.0
0.0
0.0
0.0
0.0
0.0
0.0
0.0
0.0
0.0
0.0
0.0
0.0
0.0
0.004164514299129549
0.0
0.021353161112065883
0.0013137579902473084
0.0
0.0
0.0
0.0
0.0
0.0039412739707419256
0.0
0.005001942950560595
0.0
0.0
0.0
0.0
0.0
0.0
0.0
0.0
0.0
0.0
0.0
0.0
0.0
0.0
0.0
0.0
0.0
0.0
0.0
0.0
0.0
0.0
0.0
0.0
0.0
0.007595307518136913
0.0
0.0
0.0
0.0
0.0
0.0
0.0
0.0
0.0
0.0
0.014429931773135065
0.0
0.0
0.0
0.0
0.0
0.0
0.0013137579902473084
0.0
0.0
0.0
0.010956544578753715
0.0
0.0
0.0
0.0
0.0
0.009089711861397858
0.0
0.0
0.0
0.0
0.0
0.0
0.0
0.0
0.0
0.0
0.06334674078809244
0.0030504515874379833
0.0
0.0
0.005942865664148645
0.0
0.0
0.0
0.0
0.0
0.0
0.0
0.0
0.0
0.0
0.0
0.0
0.0
0.0
0.0
0.0
0.0
0.0
0.0
0.0
0.0
0.0
0.0
0.0
0.0
0.0
0.0
0.0
0.0
0.005770442109878062
0.014752739841253151
0.0
0.0
0.0
0.0
0.0
0.0
0.0
0.0
0.0
0.0
0.0
0.0
0.0
0.0
0.0
0.0
0.0
0.0
0.0
0.0
0.0
0.0
0.0
0.0
0.0
0.0
0.0
0.0
0.0
0.0
0.0
0.0
0.0
0.0
0.005858613920946238
0.008329028598259097
0.0
0.0
0.0
0.0
0.0
0.0
0.0
0.0
0.005255031960989234
0.0
0.0
0.0
0.0
0.0
0.0
0.0
0.0
0.0
0.0
0.0
0.0
0.0
0.0
0.0
0.0
0.0
0.0
0.0
0.0
0.0
0.0
0.0
0.04402373466332406
0.0
0.007376369920626576
0.0
0.0
0.0
0.0
0.0
0.0
0.0
0.0
0.0
0.0
0.0
0.0
0.0
0.0
0.0
0.0
0.0
0.0
0.0
0.0
0.0
0.0
0.0
0.0
0.0
0.0
0.0
0.03780264719470816
0.0
0.0
0.0
0.0
0.0
0.0
0.003688184960313288
0.0
0.0
0.0
0.0
0.0
0.0
0.0
0.0
0.0
0.0
0.0
0.0
0.0
0.0
0.0020822571495647743
0.009089711861397858
0.012892933454500132
0.0
0.0
0.024700960949534667
0.0
0.0
0.0
0.0
0.0
0.0
0.0
0.0
0.0
0.0
0.0
0.0
0.0
0.0
0.0
0.013477273095502543
0.0053699369675316
0.0
0.0
0.0
0.0
0.0
0.0
0.0
0.0
0.0
0.0
0.0
0.0
0.0
0.0
0.0
0.0
0.0
0.0
0.0
0.0
0.019706369853709632
0.0
0.0
0.0
0.0
0.0
0.0
0.0
0.0
0.0
0.0
0.0
0.0
0.0
0.0
0.0
0.0
0.0
0.0
0.0
0.0
0.0
0.0
0.0
0.0
0.0
0.0
0.03586185955596773
0.0
0.0
0.0
0.0
0.0
0.0
0.0
0.0
0.0
0.0
0.0
0.0
0.0
0.0
0.0
0.006683694957778908
0.0
0.015121058877883266
0.02603445995209797
0.0
0.0
0.0
0.0
0.0
0.0
0.0
0.0
0.0
0.0
0.0
0.0
0.0
0.0
0.0
0.0
0.0
0.0
0.0
0.0
0.0
0.0
0.0
0.029808776468385496
0.0
0.0
0.0
0.0
0.0
0.0
0.0
0.0
0.0
0.0
0.0
0.0
0.0
0.0
0.0
0.0
0.0
0.0
0.0
0.0
0.0
0.0
0.0
0.0
0.0
0.0
0.0
0.0
0.0
0.0
0.0
0.0
0.0
0.0
0.005132708737002758
0.0
0.005001942950560595
0.007882547941483851
0.0039412739707419256
0.0
0.0
0.0
0.1167581677828819
0.0
0.021644897659702598
0.0
0.0
0.0
0.0
0.002627515980494617
0.0
0.0
0.0
0.0
0.0
0.0
0.0
0.0
0.0
0.0
0.0
0.0
0.005132708737002758
0.0
0.0
0.0
0.0
0.0
0.0
0.0
0.0
0.0
0.0
0.0
0.0
0.0
0.0
0.0
0.0
0.0
0.0
0.0
0.0
0.0
0.0
0.0
0.0
0.0
0.0
0.0
0.0
0.0
0.0
0.0
0.0
0.0
0.0
0.0
0.0
0.0
0.020531882951747304
0.0
0.0
0.0
0.0
0.0
0.0
0.0
0.007882547941483851
0.0
0.02796690223271964
0.0
0.0
0.0
0.0
0.0
0.0
0.003688184960313288
0.0
0.0
0.0
0.0
0.0
0.0
0.0
0.0
0.0
0.0039412739707419256
0.0
0.0
0.0
0.0
0.0
0.0
0.0
0.0
0.0
0.0
0.0
0.0
0.0
0.0
0.0
0.0
0.016980075699060414
0.0
0.005580748712777891
0.0
0.0
0.0
0.0
0.0
0.0
0.0
0.0
0.0
0.0
0.0
0.0
0.0
0.0
0.0
0.0
0.0
0.0
0.0
0.0
0.0
0.0
0.0
0.0
0.0
0.0
0.0
0.0
0.0
0.003688184960313288
0.0
0.0
0.015121058877883266
0.0
0.0
0.0
0.0
0.0020822571495647743
0.007214965886567532
0.0
0.0
0.0
0.0
0.0
0.0
0.0
0.0
0.0
0.0
0.004861482247136358
0.0
0.0
0.002627515980494617
0.0
0.0
0.0
0.0
0.020831218190103397
0.0
0.0
0.0
0.0
0.0
0.0
0.0
0.005132708737002758
0.004364209577685292
0.0
0.0
0.0
0.0
0.0
0.07038526754232492
0.04557184510882148
0.0
0.0
0.0
0.0020822571495647743
0.0
0.0
0.005255031960989234
0.0
0.0
0.0
0.0
0.0
0.0
0.0
0.04493398936578586
0.0
0.0
0.0
0.0
0.0
0.0
0.0
0.0
0.0
0.0
0.0
0.0
0.0
0.0
0.0
0.0
0.0
0.0
0.0013137579902473084
0.0
0.0
0.0
0.007256623654395954
0.0
0.0
0.0
0.0
0.0
0.0
0.008728419155370584
0.0
0.0
0.003396015139812083
0.0030504515874379833
0.0
0.0
0.0
0.0
0.0
0.0
0.0
0.0
0.0020822571495647743
0.0
0.0
0.02201186733166203
0.0
0.007488998227630976
0.0
0.0013137579902473084
0.0
0.0
0.0
0.0
0.0
0.0
0.0061009031748759665
0.0
0.003688184960313288
0.0
0.0
0.0
0.0
0.0
0.0
0.0
0.0
0.0
0.0
0.0
0.0
0.0
0.0
0.0
0.0
0.0
0.0
0.0
0.0
0.0
0.0
0.0
0.0
0.1678480964832147
0.0
0.013789013406050401
0.0
0.0
0.0
0.0
0.0
0.022356582351289123
0.0
0.0
0.0
0.015765095882967702
0.012350480474767334
0.0
0.0
0.0
0.0
0.0
0.0
0.0
0.0
0.028336800400501485
0.0
0.0
0.0
0.0
0.0
0.0
0.0
0.0
0.0
0.0
0.0
0.0
0.0
0.0
0.0
0.0
0.0
0.0
0.0
0.0
0.0
0.0
0.0
0.0
0.0
0.006246771448694324
0.0
0.0
0.0
0.0
0.011161497425555783
0.0
0.0030504515874379833
0.0
0.0
0.0
0.0
0.0
0.0
0.0
0.0
0.0
0.0
0.0
0.003688184960313288
0.0
0.0
0.0
0.0
0.0
0.0
0.0
0.0
0.0
0.0
0.0
0.0
0.0
0.08392404824160735
0.0
0.0
0.0526757088527838
0.0
0.0
0.0
0.0
0.0
0.003396015139812083
0.0
0.0
0.0
0.0
0.0
0.0
0.0
0.0
0.0030504515874379833
0.0
0.0
0.0
0.003688184960313288
0.0
0.0
0.0
0.0
0.0
0.0
0.0
0.0
0.0
0.015050202529366799
0.0
0.0
0.0
0.0
0.0
0.0
0.0
0.0
0.0
0.0
0.0
0.0
0.0
0.0
0.014904388234192748
0.0056779675679326
0.0
0.0
0.0
0.0
0.053406212517386496
0.0
0.0
0.0
0.0
0.015121058877883266
0.0
0.0
0.0
0.0
0.0
0.0
0.0
0.0
0.0
0.0
0.0
0.0
0.0
0.0
0.0
0.0
0.0
0.0
0.0
0.0
0.0
0.0
0.03688184960313288
0.0
0.0
0.0
0.0
0.0
0.0
0.0
0.0
0.0
0.0
0.0
0.0
0.0
0.0
0.0
0.0
0.0
0.0
0.0
0.0
0.0
0.0
0.0
0.0
0.0
0.0
0.0
0.0
0.0
0.0
0.0
0.0
0.0
0.0
0.0
0.0
0.0
0.0
0.0
0.0
0.0
0.0
0.0
0.0
0.0
0.0
0.0
0.0
0.0
0.0
0.0
0.0
0.0
0.0013137579902473084
0.0
0.0
0.0
0.0
0.0
0.0
0.0
0.0
0.0
0.0
0.0
0.0
0.0
0.0
0.0
0.0071287986786872344
0.0
0.0
0.0
0.0
0.0
0.0
0.0
0.0
0.011717227841892476
0.0
0.0
0.0
0.0
0.0
0.0
0.0
0.0
0.0
0.0
0.0
0.0
0.0
0.0
0.0
0.0
0.0
0.0
0.0
0.0
0.0
0.0
0.0
0.0
0.0
0.0
0.006627113080263704
0.0
0.0
0.0
0.0
0.02929306960473119
0.0
0.0
0.0
0.0
0.0
0.0
0.0
0.0
0.0
0.0
0.0
0.0
0.0
0.0
0.053406212517386496
0.004364209577685292
0.020051084873336726
0.0
0.0
0.0
0.0
0.0
0.0
0.0
0.0
0.0
0.0
0.0
0.0
0.0
0.0
0.0
0.0
0.0
0.0
0.0
0.0
0.006382211348818419
0.0
0.0
0.0
0.0
0.0
0.0
0.0
0.0
0.0
0.0
0.0
0.0
0.0
0.0
0.0
0.0013137579902473084
0.0
0.0
0.0
0.0
0.0
0.0
0.0
0.0
0.0
0.0
0.0
0.0
0.0
0.0
0.0
0.0
0.0
0.0
0.0
0.0
0.0
0.0
0.0
0.0
0.0
0.0
0.012892933454500132
0.0020822571495647743
0.0
0.0
0.0
0.0
0.0
0.0053699369675316
0.0
0.0
0.0
0.0
0.0
0.0
0.0
0.0
0.0
0.0
0.0
0.0
0.0
0.0
0.0
0.002627515980494617
0.0
0.0
0.0
0.0
0.0
0.0
0.0
0.0
0.0
0.0
0.0
0.0
0.0
0.011717227841892476
0.0
0.0
0.0
0.0
0.0
0.0
0.0
0.0
0.007172371911193546
0.0
0.0
0.0
0.006792030279624166
0.005001942950560595
0.005001942950560595
0.0
0.0
0.0
0.0
0.0
0.0
0.0
0.0
0.0030504515874379833
0.0
0.0
0.0
0.0
0.0
0.0
0.0
0.0
0.0
0.0
0.0
0.0
0.0
0.0
0.0
0.0
0.0
0.0
0.0
0.0
0.0
0.0
0.006843960983915767
0.0
0.010510063921978468
0.0
0.0
0.0
0.0
0.0
0.0
0.0
0.0
0.0
0.0
0.0
0.0020822571495647743
0.0
0.0
0.0
0.0
0.0
0.0
0.0
0.0
0.0
0.0
0.0
0.0
0.0
0.0
0.0
0.0
0.0
0.0
0.0
0.0
0.0
0.0013137579902473084
0.0
0.0
0.0
0.0
0.0
0.0
0.0
0.0
0.0
0.0
0.0
0.0
0.0
0.0973569769592027
0.0
0.0
0.0
0.008329028598259097
0.0
0.0
0.0
0.0
0.0
0.0
0.0
0.0
0.0
0.0
0.0
0.0
0.0
0.003688184960313288
0.0
0.0
0.0
0.0
0.0
0.0
0.0
0.0
0.0
0.0
0.0
0.0
0.0
0.0
0.0
0.005478272289376858
0.0
0.0
0.0
0.0
0.0
0.0
0.05743990213936577
0.0
0.0
0.004164514299129549
0.0
0.0
0.0
0.0
0.0
0.0
0.0
0.0
0.0
0.0
0.0
0.0
0.0
0.0
0.0
0.0
0.0
0.0
0.0
0.0
0.0
0.0
0.005942865664148645
0.0
0.0
0.0
0.0
0.0
0.0053699369675316
0.0
0.0
0.0
0.0
0.0
0.0
0.0
0.0
0.0
0.0
0.0
0.0
0.0
0.0
0.0
0.0
0.0
0.0
0.0
0.0
0.0
0.0
0.0
0.0
0.0
0.0
0.0
0.0
0.0
0.0
0.0
0.0
0.0
0.0
0.0
0.0
0.0
0.0
0.0
0.0
0.0
0.0
0.0
0.0
0.0
0.0
0.0
0.0
0.0
0.0020822571495647743
0.0
0.0
0.0
0.006943739396701132
0.0
0.0
0.0
0.0
0.0
0.0
0.0
0.0
0.0
0.0
0.0
0.0
0.0
0.0
0.0
0.0
0.0
0.0020822571495647743
0.0
0.0
0.0
0.0
0.0
0.0
0.005001942950560595
0.0
0.0
0.0
0.0
0.0
0.0
0.0
0.0
0.0
0.0
0.0
0.0
0.0
0.0
0.0
0.0
0.0
0.0
0.0
0.0
0.0
0.0
0.0
0.0
0.0
0.0
0.0
0.0
0.0
0.0
0.0
0.0
0.0
0.0
0.0
0.0
0.0
0.0
0.0
0.0
0.0
0.0
0.0
0.0
0.0
0.0
0.0
0.0
0.0
0.0
0.0
0.0
0.0
0.0
0.0
0.0
0.0
0.0
0.0013137579902473084
0.0
0.0
0.0
0.0
0.0
0.0
0.0
0.0
0.0
0.0
0.0
0.0
0.0
0.0
0.0
0.0
0.0
0.0495894007008776
0.005255031960989234
0.0
0.0
0.0
0.0
0.0
0.004164514299129549
0.0
0.0
0.0
0.0
0.0
0.0
0.0
0.0
0.033484492276667346
0.0
0.0
0.0
0.0
0.0
0.0
0.0
0.0
0.0
0.0
0.0
0.0
0.0
0.0214797478701264
0.0
0.0
0.0
0.0
0.0
0.0
0.0
0.0
0.0
0.0
0.0
0.0
0.0
0.0
0.0
0.0
0.0
0.0
0.0
0.0
0.0
0.0
0.0
0.0
0.0
0.0
0.0
0.0
0.0
0.0
0.0
0.0
0.0
0.0
0.0
0.0
0.0
0.0
0.0
0.0
0.0
0.0
0.0
0.0
0.0
0.0
0.004709773130059392
0.0
0.0
0.0
0.0
0.0
0.0
0.0
0.0
0.011161497425555783
0.0
0.0
0.0
0.0
0.0
0.0
0.0
0.0
0.0
0.0
0.0
0.0
0.0
0.0
0.0
0.0
0.0
0.004164514299129549
0.0
0.0
0.0
0.0
0.0
0.002627515980494617
0.0
0.0
0.0
0.0
0.0
0.0
0.0
0.0
0.0
0.002627515980494617
0.0
0.0
0.0
0.0
0.0
0.0
0.0
0.0
0.0
0.0
0.0
0.0
0.0
0.0
0.0
0.007560529438941633
0.0
0.0067386365477512715
0.0
0.0
0.0
0.0
0.0
0.0
0.0
0.0
0.0
0.0
0.0
0.0
0.0
0.0
0.0
0.0
0.0
0.0
0.0
0.0
0.0
0.0
0.0
0.0
0.0
0.0
0.0
0.0
0.0
0.0
0.0
0.0
0.0013137579902473084
0.0
0.0
0.0
0.0
0.0
0.0
0.0
0.0
0.0
0.0
0.0
0.0
0.0
0.0
0.0
0.0
0.0
0.0
0.0
0.0
0.0
0.0
0.0
0.0
0.0
0.004364209577685292
0.0
0.0
0.0013137579902473084
0.0
0.0
0.0
0.0
0.0
0.0
0.0
0.0
0.0
0.0
0.0
0.0
0.0
0.0
0.005255031960989234
0.0
0.0
0.0
0.0
0.0
0.0
0.0
0.0
0.005255031960989234
0.0
0.0
0.0
0.0
0.0
0.0
0.0
0.0
0.0
0.0
0.0
0.0
0.0
0.0
0.0056779675679326
0.0
0.0
0.0
0.0
0.0
0.0
0.0
0.0
0.0
0.0
0.0
0.0
0.0
0.0
0.0
0.0061009031748759665
0.0
0.0
0.0
0.0
0.0
0.0
0.0
0.0
0.0
0.0
0.0
0.0
0.0
0.0
0.0
0.0
0.0
0.0
0.0
0.0
0.0
0.00915135476231395
0.0013137579902473084
0.0
0.0
0.0
0.0
0.0
0.0
0.0
0.0
0.0
0.0
0.0
0.0
0.0
0.0
0.0
0.0
0.02201186733166203
0.0
0.0
0.0
0.0
0.0
0.0
0.0
0.0
0.0
0.011717227841892476
0.0
0.0
0.005478272289376858
0.0
0.0
0.0
0.0
0.0
0.0
0.0
0.0
0.0
0.0
0.0
0.0013137579902473084
0.0
0.0
0.0
0.0
0.0
0.0
0.0
0.0
0.0
0.0
0.0
0.0
0.0
0.0
0.0
0.0107398739350632
0.0
0.0
0.0
0.0
0.0
0.0
0.0
0.0
0.0
0.0
0.002627515980494617
0.0
0.0
0.0
0.0
0.0
0.0
0.0
0.006508614988024492
0.0
0.0
0.0
0.0
0.0
0.0
0.0
0.0
0.0
0.25177214472482207
0.0
0.0
0.0
0.0
0.0
0.0
0.0
0.0
0.0
0.0
0.0
0.0
0.0
0.0
0.0
0.0
0.0
0.0
0.0
0.0
0.0
0.0
0.0
0.0
0.0
0.0
0.0
0.0
0.0
0.0
0.0
0.0
0.0
0.0
0.0
0.0
0.0
0.0
0.004544855930698929
0.0
0.0
0.0
0.0
0.0
0.005001942950560595
0.02189215645929036
0.005942865664148645
0.0
0.0
0.0
0.0
0.0
0.0
0.0
0.0
0.0
0.0
0.0
0.0
0.0
0.0
0.0
0.0
0.0
0.0
0.0
0.0
0.0
0.0
0.0
0.0
0.0
0.0
0.0
0.0
0.0
0.0
0.0
0.0
0.0
0.0
0.0
0.0
0.0
0.0
0.0
0.0
0.005580748712777891
0.0
0.0013137579902473084
0.0
0.0
0.014168400200250742
0.0
0.0
0.0
0.0
0.0
0.0
0.0
0.014429931773135065
0.018525720712151
0.0
0.0
0.0
0.0
0.0
0.0
0.0
0.0
0.006843960983915767
0.0
0.0
0.0
0.0
0.0
0.0
0.0
0.0
0.0
0.0
0.0
0.0
0.0
0.006446466727250066
0.0
0.0
0.0
0.0
0.0
0.0
0.004861482247136358
0.0
0.0
0.0
0.0
0.0
0.0
0.0
0.0
0.0
0.0
0.0
0.0
0.0030504515874379833
0.0
0.0
0.0030504515874379833
0.0
0.0
0.0
0.0
0.0
0.0
0.0
0.0
0.0
0.0
0.0
0.0
0.0
0.0
0.0
0.0
0.0
0.0
0.0
0.0
0.0
0.0
0.0
0.0
0.0
0.0
0.0
0.0
0.0
0.0
0.0
0.0
0.0
0.0
0.007595307518136913
0.0
0.0
0.0
0.0
0.0
0.0
0.005942865664148645
0.0
0.0
0.0
0.0
0.0013137579902473084
0.0
0.0
0.0
0.0
0.0
0.0
0.0
0.0
0.0
0.0
0.0068945067030252005
0.0
0.0
0.006382211348818419
0.0
0.0
0.0
0.0
0.0
0.0
0.0
0.0
0.0
0.0
0.0
0.0
0.0
0.0
0.010510063921978468
0.0
0.0
0.0
0.0
0.0
0.0
0.0
0.0020822571495647743
0.0
0.0
0.0
0.0
0.0
0.0
0.0
0.0
0.0020822571495647743
0.0
0.0
0.0
0.0
0.0
0.0
0.004861482247136358
0.0
0.0
0.007337289110554008
0.0
0.013887478793402264
0.0
0.0
0.0
0.0
0.0
0.0
0.0
0.01018804541943625
0.0
0.0
0.0
0.0
0.0
0.0
0.0
0.0
0.0
0.0
0.0
0.0
0.0
0.0
0.0
0.0
0.0
0.0
0.0
0.0
0.0
0.0
0.0
0.0
0.0
0.0
0.0
0.0
0.0
0.0
0.0
0.0
0.0
0.0
0.0
0.0
0.0
0.0
0.0
0.0
0.0
0.0
0.0
0.0
0.0
0.0
0.0
0.0
0.0
0.0
0.0
0.0607624601450953
0.0
0.0
0.0
0.0
0.0
0.0161098109025948
0.0
0.0
0.0
0.0
0.0
0.0
0.0
0.0
0.002627515980494617
0.0053699369675316
0.0
0.0039412739707419256
0.0
0.014513247308791909
0.0
0.0
0.0
0.0
0.0
0.03906524098944524
0.0
0.0
0.0
0.0
0.0056779675679326
0.002627515980494617
0.0
0.0
0.0
0.0
0.0
0.0
0.0
0.0
0.0
0.0
0.0
0.0
0.0
0.0
0.0
0.0
0.0
0.0
0.010510063921978468
0.0
0.0
0.0
0.0
0.0
0.0
0.0
0.0
0.0
0.0
0.0
0.0
0.0
0.0
0.0
0.0
0.0
0.0
0.0
0.0
0.0
0.0
0.0
0.0
0.0
0.0
0.0
0.005255031960989234
0.0
0.0
0.0
0.0
0.0
0.0
0.0
0.0
0.0
0.0
0.0
0.0
0.0013137579902473084
0.0
0.0
0.0030504515874379833
0.003396015139812083
0.0
0.0
0.0
0.0
0.0
0.0
0.0
0.0
0.0
0.0
0.0
0.0
0.0
0.0
0.0
0.0
0.017828596992445937
0.0
0.0
0.0
0.0061009031748759665
0.0
0.006568789951236544
0.0
0.0
0.0
0.0
0.0
0.0
0.15190615036273827
0.0
0.0
0.0
0.0
0.0
0.0
0.0
0.0
0.0
0.0
0.0
0.0
0.0
0.0
0.0
0.0
0.0
0.0
0.0
0.0
0.0
0.0
0.0
0.0
0.0
0.0053699369675316
0.0
0.0
0.0
0.0
0.0
0.0
0.014429931773135065
0.0
0.0
0.0
0.0
0.0
0.0
0.0
0.0
0.0
0.0
0.0013137579902473084
0.0039412739707419256
0.0
0.0
0.0
0.0
0.0
0.006627113080263704
0.0
0.0
0.0
0.0
0.0
0.0
0.0
0.0
0.003396015139812083
0.0
0.0
0.0
0.0
0.0
0.0
0.0
0.0
0.0
0.0
0.0
0.0
0.0
0.0
0.0
0.0
0.0
0.0
0.0
0.0
0.0
0.0
0.0
0.0
0.0
0.0
0.0
0.0
0.0
0.0
0.0
0.0
0.0
0.0
0.0
0.0
0.0
0.0
0.0
0.0
0.0
0.0
0.0
0.0
0.0
0.0
0.0
0.0
0.0
0.0
0.0
0.0
0.0
0.0
0.0
0.0
0.0
0.0
0.0
0.0
0.0
0.0
0.0
0.0
0.0
0.0
0.0
0.0
0.0
0.0
0.0
0.0
0.014752739841253151
0.0
0.004709773130059392
0.008329028598259097
0.0
0.0
0.0
0.0
0.0
0.0
0.0
0.0
0.0
0.0
0.0
0.0
0.0
0.0
0.0
0.0
0.0
0.0
0.0
0.0
0.0
0.0
0.0
0.0
0.0
0.0
0.0
0.0
0.0
0.0
0.0
0.0
0.0
0.0
0.0
0.0
0.0
0.0
0.0
0.0
0.0
0.0
0.0
0.0
0.0
0.0
0.0
0.01263140188161581
0.005580748712777891
0.007214965886567532
0.0
0.0
0.0
0.075251012646834
0.015252257937189918
0.0
0.0
0.0
0.0
0.007452194117096374
0.0053699369675316
0.0
0.0
0.0
0.0
0.0
0.0
0.012350480474767334
0.0
0.0
0.0
0.0
0.0
0.0
0.0
0.0
0.0
0.0
0.0
0.0
0.0
0.0
0.0
0.003396015139812083
0.0
0.0
0.0
0.0
0.0
0.0
0.0
0.0
0.0
0.0
0.0
0.0
0.0
0.0
0.0
0.0
0.0
0.0
0.0
0.0
0.0
0.0
0.0
0.011717227841892476
0.003396015139812083
0.0
0.0
0.0
0.0
0.0
0.0
0.0
0.0
0.0
0.0
0.0
0.0
0.0
0.023434455683784952
0.0
0.0
0.012201806349751933
0.0
0.0
0.0
0.0
0.0
0.04238795817053453
0.01398345111635982
0.026275159804946175
0.0
0.0
0.011064554880939862
0.0
0.0
0.0
0.0
0.0
0.014977996455261952
0.07337289110554009
0.0
0.0
0.0
0.35095511082853986
0.0
0.0
0.007595307518136913
0.0
0.015121058877883266
0.0
0.0107398739350632
0.007214965886567532
0.03688184960313288
0.0
0.0
0.007414661165123275
0.150502025293668
0.0
0.014594770972860237
0.018947102822423716
0.0
0.005255031960989234
0.0
0.0
0.0
0.07629458931055214
0.0
0.0451506075881004
0.0
0.0
0.006843960983915767
0.0
0.0
0.0
0.0
0.0
0.0
0.013687921967831534
0.0
0.0
0.0
0.0
0.0
0.0
0.003688184960313288
0.0
0.0
0.0
0.0
0.0
0.0
0.0
0.0
0.0
0.0
0.0
0.04557184510882148
0.0
0.0
0.0
0.0
0.0
0.0
0.0
0.0
0.0
0.007214965886567532
0.022356582351289123
0.0
0.0
0.0
0.0
0.0
0.0
0.0
0.0
0.0
0.0
0.0
0.0
0.005255031960989234
0.0
0.006683694957778908
0.005858613920946238
0.0
0.0
0.0
0.0
0.0
0.0
0.0
0.0
0.0
0.0
0.0
0.0120470622406134
0.0
0.0170339027037978
0.0
0.0
0.0
0.0
0.0
0.0
0.0
0.0
0.004164514299129549
0.0
0.0
0.0
0.0
0.0
0.0
0.0
0.0
0.0
0.0
0.0
0.0
0.0
0.0
0.0
0.0
0.0
0.0
0.0
0.0
0.0
0.0
0.0
0.0
0.0
0.0
0.0
0.0
0.0
0.0
0.0
0.0
0.0
0.0
0.0
0.0
0.0
0.0
0.0
0.0
0.0
0.0
0.0
0.0
0.0
0.0
0.0
0.003396015139812083
0.009722964494272715
0.0
0.0
0.0
0.0056779675679326
0.0
0.0
0.0
0.0
0.0
0.004544855930698929
0.0
0.0
0.0
0.0
0.0
0.0
0.0
0.0
0.0
0.0
0.003396015139812083
0.0
0.0
0.005942865664148645
0.004709773130059392
0.007297385486430118
0.0
0.0
0.0
0.018740314346082972
0.0
0.0
0.0
0.0
0.0
0.0
0.0
0.0
0.0
0.0
0.0
0.0
0.0
0.0053699369675316
0.0
0.0
0.0
0.0
0.0
0.0
0.0
0.0
0.0
0.0
0.006446466727250066
0.0
0.02278592255441074
0.0
0.0
0.0
0.0
0.0
0.0
0.0
0.0
0.0
0.0
0.0
0.0
0.0
0.0
0.002627515980494617
0.0
0.0
0.0
0.0
0.0
0.0
0.0
0.0
0.0
0.0
0.0
0.0
0.0
0.0
0.0
0.0
0.0
0.0
0.0
0.0
0.0
0.0
0.0
0.0
0.0
0.0
0.0
0.0
0.0
0.0
0.0
0.0
0.0
0.0
0.0
0.0
0.0
0.0
0.0
0.0
0.0
0.0
0.0
0.0
0.11178291175644561
0.0
0.0
0.0
0.0
0.0
0.0
0.0
0.0
0.0
0.0
0.0
0.004164514299129549
0.0
0.0
0.0
0.0
0.0
0.0
0.0
0.0
0.0
0.0
0.0
0.0
0.0
0.0
0.0
0.0
0.0
0.0
0.0
0.0
0.0
0.0
0.0
0.0
0.0
0.0
0.0
0.0
0.0
0.0
0.0
0.0
0.0
0.0
0.0
0.0
0.0
0.0
0.0
0.0
0.0
0.0
0.012350480474767334
0.0
0.0
0.0
0.0
0.0
0.0
0.0
0.0
0.0
0.0
0.0
0.0
0.0
0.0
0.0
0.0
0.0
0.0
0.0
0.0
0.011540884219756124
0.0
0.0
0.0
0.0
0.0
0.0
0.0
0.0495894007008776
0.0
0.0
0.0
0.0
0.0
0.0
0.0
0.0
0.0
0.0
0.1204314017021313
0.0
0.0
0.0
0.004164514299129549
0.0
0.0
0.0
0.0
0.0
0.0
0.0
0.0056779675679326
0.0
0.0
0.0
0.0
0.0
0.0
0.0
0.0
0.0
0.0
0.0
0.011823821912225776
0.0
0.0
0.0
0.0
0.006508614988024492
0.0
0.0
0.0
0.0
0.0
0.0
0.0
0.0
0.0
0.0
0.0
0.0030504515874379833
0.0
0.0
0.0
0.0
0.0
0.0
0.0
0.0
0.0
0.0
0.0
0.0
0.0
0.0
0.0
0.0
0.0
0.0
0.0
0.02246699468289293
0.0
0.0
0.0
0.0
0.0
0.0
0.0
0.0
0.0
0.0
0.0
0.0
0.0
0.0
0.0
0.0
0.03780264719470816
0.0
0.0
0.0
0.0
0.0
0.0
0.0
0.0
0.0
0.0
0.0
0.0
0.0
0.0
0.0
0.0
0.0
0.0
0.01398345111635982
0.0
0.0
0.0
0.0
0.0
0.0
0.0
0.0
0.0
0.0
0.0
0.0
0.0
0.0
0.0
0.0
0.0
0.029189541945720474
0.0
0.0
0.0
0.0
0.0
0.0
0.0
0.003688184960313288
0.0
0.0
0.016434816868130572
0.0
0.0
0.0
0.0
0.012493542897388648
0.0
0.0
0.0
0.0
0.0
0.0
0.0
0.0
0.021644897659702598
0.01000388590112119
0.0020822571495647743
0.0
0.0
0.0
0.060200810117467196
0.0
0.0
0.09639059514660257
0.0
0.034958627790899546
0.0
0.0
0.0
0.03519263377116246
0.0
0.0
0.0
0.0
0.030517835724220857
0.0
0.0
0.006446466727250066
0.0
0.0
0.0
0.020831218190103397
0.0
0.0
0.0
0.0
0.0
0.0
0.0
0.0
0.0
0.0
0.0
0.20599539113849077
0.0
0.0
0.0
0.015765095882967702
0.0
0.0
0.0
0.0
0.0
0.0
0.0
0.0
0.0013137579902473084
0.0
0.0
0.0
0.0
0.13733026075899385
0.0
0.0
0.0
0.0
0.0056779675679326
0.0
0.0
0.0
0.0
0.0
0.0
0.0
0.0
0.0
0.0
0.0
0.0
0.007172371911193546
0.014674578221108016
0.0
0.0
0.0
0.0
0.03726097058548187
0.0
0.0
0.0
0.0
0.0
0.0
0.0060235311203067
0.0
0.0
0.035421000500626854
0.0
0.0
0.0
0.0
0.0
0.0020822571495647743
0.0
0.0
0.0053699369675316
0.0
0.0
0.004164514299129549
0.0
0.0
0.0
0.0
0.0
0.0
0.0
0.0
0.052165358819674615
0.0
0.0
0.0
0.0
0.0
0.0013137579902473084
0.005580748712777891
0.0
0.0
0.006315700940807905
0.28862168568920266
0.006683694957778908
0.0
0.0
0.0
0.0
0.0
0.0
0.0
0.0
0.0030504515874379833
0.0
0.0
0.0
0.0
