0.0
0.0
0.0
0.0
0.0
0.0
0.0
0.0
0.0
0.0
0.0
0.0
0.0
0.0
0.0
0.0
0.0
0.0
0.0
0.0
0.0
0.0
0.0
0.0
0.0
0.0
0.0
0.0
0.0
0.0
0.0
0.0
0.0
0.0
0.0
0.0
0.0
0.0
0.0
0.0
0.0
0.0
0.0
0.0
0.0
0.0
0.0
0.0
0.0
0.0
0.0
0.0
0.0
0.0
0.0
0.0
0.0
0.0
0.0
0.0
0.0
0.0
0.0
0.0
0.0
0.0
0.0
0.0
0.0
0.0
0.0
0.0
0.0
0.0
0.0
0.0
0.0
0.0
0.0
0.0
0.0
0.0
0.0
0.0
0.0
0.0
0.0
0.0
0.0
0.0
0.0
0.0
0.0
0.0
0.0
0.0
0.0
0.0
0.0
0.0
0.0
0.0
0.009267225833900545
0.0
0.0
0.0
0.0
0.0
0.0
0.005689735761944058
0.0
0.0
0.0
0.0
0.0
0.0
0.0
0.0
0.0
0.0
0.0
0.0
0.0
0.0
0.0
0.0
0.0
0.0
0.0
0.0
0.0
0.0
0.0
0.0
0.0
0.0
0.0
0.0
0.0
0.0
0.0
0.0
0.0
0.0
0.0
0.0
0.0
0.0
0.0
0.0
0.0
0.0
0.0
0.0
0.0
0.006220048377159632
0.0
0.0042458435522516646
0.0
0.0
0.003760211925921545
0.0
0.0
0.0
0.0
0.0
0.0
0.0
0.0
0.0
0.0
0.0
0.0
0.0
0.0
0.0
0.0
0.0
0.0
0.0
0.0
0.0
0.0
0.0
0.0
0.0
0.0
0.0
0.0
0.0
0.0
0.0
0.0
0.0
0.0
0.0
0.0
0.0
0.0
0.005357658052250209
0.0
0.0
0.0
0.0
0.0
0.0
0.0
0.0
0.0
0.0
0.0
0.0
0.0
0.0
0.0
0.0060589245346803905
0.0
0.0
0.0
0.0
0.0
0.0
0.0
0.0
0.0
0.0
0.0
0.00650685024905593
0.0
0.0
0.0
0.0
0.0
0.0
0.0
0.0
0.0
0.0
0.0
0.0
0.004449438701642368
0.00643904095204665
0.0
0.0
0.0
0.0
0.0
0.0
0.0
0.0
0.0
0.0
0.0
0.0
0.0
0.0
0.0
0.0
0.0
0.0
0.0
0.0
0.0
0.0
0.0
0.0
0.0
0.0
0.0
0.0
0.0
0.0
0.0
0.0
0.0
0.0
0.0
0.0
0.0
0.0
0.0
0.0
0.0
0.0
0.0
0.0
0.0
0.0
0.0
0.0
0.0
0.0
0.0
0.0
0.0
0.0
0.0
0.0
0.0
0.0
0.0
0.0
0.0
0.0
0.0
0.0
0.0
0.0
0.0
0.0
0.0
0.0
0.0
0.0
0.0
0.0
0.0
0.0
0.0
0.0
0.0
0.0
0.0
0.0
0.0
0.0
0.0
0.006697072565312762
0.0
0.0
0.0
0.0
0.0
0.0
0.0
0.0
0.0
0.0
0.0
0.0
0.0
0.0
0.0
0.0
0.0
0.0
0.0
0.0
0.0
0.0
0.0
0.0
0.0
0.115080896797647
0.015698837894116947
0.0
0.0
0.0
0.0
0.0
0.003760211925921545
0.004633612916950272
0.0
0.0
0.0
0.0
0.0
0.0
0.0
0.0
0.0
0.0
0.0
0.0
0.0
0.0
0.0
0.0
0.005232945964705649
0.0
0.0
0.0
0.0
0.0
0.0
0.0
0.0
0.0
0.0
0.0
0.005099626438984097
0.0
0.0
0.0
0.0
0.0
0.0
0.0
0.01384934515675354
0.0
0.0
0.0
0.0
0.0
0.0
0.004956422663191278
0.0
0.0
0.0
0.0
0.0
0.0
0.0
0.0
0.0
0.0
0.0
0.0
0.0
0.0
0.0
0.004956422663191278
0.0
0.0
0.0
0.0
0.007128267727767474
0.0
0.0
0.0
0.0
0.0
0.0
0.0
0.0
0.0
0.0
0.0
0.0
0.0
0.0
0.0
0.008036487078375313
0.0
0.0
0.0
0.0
0.0
0.0
0.0
0.0
0.0
0.0
0.0
0.0
0.0
0.0
0.0
0.0
0.0
0.0
0.0
0.0
0.0
0.0
0.0
0.0
0.0
0.0
0.006814221564237152
0.015118925780444367
0.0
0.0
0.0
0.023016179359529404
0.020932852329137924
0.0
0.0
0.0
0.013271444877386258
0.0
0.0
0.0
0.0
0.0
0.024564661261253954
0.0
0.0
0.0
0.0
0.0
0.0
0.004018243539187657
0.0
0.0
0.0
0.0
0.0
0.0
0.0
0.0
0.0
0.0
0.005357658052250209
0.0
0.0
0.0
0.0
0.0
0.0
0.0
0.0021229217761258323
0.0
0.0
0.0
0.0
0.0
0.005689735761944058
0.005883133702047377
0.0
0.0
0.005357658052250209
0.005474807051174599
0.0
0.0
0.0
0.020398505755936387
0.030974548422120354
0.0
0.0
0.0
0.0
0.0
0.0
0.0
0.0
0.0
0.0
0.0
0.0
0.0
0.023335366395327604
0.06194909684424071
0.0
0.0
0.0
0.0
0.0
0.0
0.07743637105530089
0.0
0.0
0.0
0.0
0.0
0.0
0.0
0.0
0.0
0.0
0.0
0.0
0.0
0.0013394145130625522
0.0
0.005474807051174599
0.0
0.0
0.0
0.0
0.0
0.0
0.0
0.03677933870415741
0.0
0.004633612916950272
0.0
0.0
0.0
0.0
0.0
0.0
0.021527948728418494
0.004449438701642368
0.0
0.006756534693076105
0.006220048377159632
0.0
0.0
0.0
0.0
0.0
0.0
0.0
0.0
0.0
0.0
0.0
0.0
0.0
0.0013394145130625522
0.0
0.0
0.0
0.0
0.0
0.0
0.0
0.0
0.0
0.0
0.0
0.0
0.0021229217761258323
0.0
0.0
0.0
0.0
0.0042458435522516646
0.0026788290261251044
0.0
0.0
0.0
0.0
0.0
0.0
0.0
0.0
0.0
0.0
0.0
0.0
0.0
0.0
0.0
0.0
0.0
0.0
0.006814221564237152
0.0
0.0
0.0
0.0
0.0021229217761258323
0.0
0.0021229217761258323
0.0
0.0
0.0
0.0
0.0
0.0
0.0
0.0
0.0
0.0
0.0
0.0
0.0
0.0
0.0
0.00650685024905593
0.0
0.0
0.0
0.0
0.0
0.0
0.0
0.0
0.0
0.0
0.0
0.0
0.0
0.0
0.0
0.0
0.0
0.0
0.0
0.0
0.0
0.0
0.0
0.0
0.0
0.0
0.0
0.0
0.0
0.0
0.0
0.04181119201008977
0.0
0.0
0.003462336289188385
0.005357658052250209
0.0
0.0
0.0
0.0
0.0
0.0
0.009267225833900545
0.0
0.0
0.0
0.0
0.0
0.0
0.0
0.0
0.0
0.0
0.0
0.0
0.0
0.0
0.0
0.0
0.0
0.0
0.0
0.0
0.0
0.0
0.0
0.0
0.0
0.0065723604777682
0.0
0.0
0.0
0.0
0.0
0.045586372963802586
0.0
0.0
0.0
0.0
0.0
0.0
0.0061411653153134885
0.0
0.0
0.0
0.0
0.0
0.0
0.0
0.0
0.0
0.0
0.0
0.0
0.0
0.0
0.0
0.005689735761944058
0.0
0.0
0.0
0.0
0.0
0.0
0.0
0.0013394145130625522
0.0
0.0
0.0
0.0
0.0
0.0
0.004449438701642368
0.009603501604501874
0.0
0.00692467257837677
0.0
0.0
0.0
0.0
0.0
0.0
0.0
0.0
0.0
0.0
0.0021229217761258323
0.0
0.0
0.0
0.0
0.0
0.0
0.0
0.028513070911069895
0.012282330630626977
0.0
0.0
0.0
0.0
0.0
0.0
0.05395725889008035
0.02267838867066655
0.0
0.0
0.0
0.0
0.0
0.0
0.0
0.0
0.0
0.0
0.005689735761944058
0.0
0.021384803183302423
0.0
0.0
0.0
0.0
0.0
0.0
0.0
0.0
0.0
0.0
0.0
0.0
0.0
0.0
0.0
0.0
0.0
0.0
0.0061411653153134885
0.0
0.0
0.0
0.0
0.0
0.0
0.0
0.0
0.0
0.0
0.0
0.0
0.0
0.0
0.0
0.003760211925921545
0.0
0.0
0.009267225833900545
0.0
0.0
0.0
0.0
0.0
0.0
0.0
0.0
0.013271444877386258
0.0
0.0
0.0
0.0
0.0
0.0
0.0
0.0
0.0
0.0
0.0
0.0
0.0
0.0
0.0
0.0
0.0
0.0
0.0
0.0
0.0
0.0
0.0
0.0
0.0
0.0021229217761258323
0.0
0.0
0.0
0.0
0.0
0.0
0.0
0.0
0.0
0.0
0.0
0.0
0.0
0.0
0.0
0.0
0.0
0.0
0.0
0.0
0.0
0.0
0.0
0.0
0.0
0.0
0.0
0.0
0.0
0.0
0.0
0.0
0.0
0.0
0.0
0.0
0.0
0.0
0.0042458435522516646
0.0
0.0
0.0
0.0
0.0
0.0
0.01444509643021986
0.0
0.0
0.0
0.0
0.0
0.0
0.0
0.0
0.0
0.0
0.0
0.0
0.0
0.0021229217761258323
0.0
0.0
0.0
0.004801750802250937
0.0
0.0
0.0
0.0
0.0
0.0
0.0
0.0
0.0042458435522516646
0.0
0.0
0.0
0.0
0.0
0.0
0.0
0.0
0.0
0.0
0.0
0.0
0.0
0.0
0.0
0.0
0.0
0.0
0.0
0.0
0.006220048377159632
0.0
0.0
0.0
0.0
0.0
0.0
0.0
0.0
0.0
0.0
0.0
0.0
0.0
0.0
0.0
0.0
0.0
0.0
0.005099626438984097
0.0
0.0
0.0
0.0
0.0
0.0
0.0
0.0
0.0
0.0
0.0
0.0
0.0
0.0
0.0
0.0
0.0
0.0
0.004801750802250937
0.0
0.0
0.0
0.0
0.0
0.0
0.0
0.0
0.0
0.0
0.0
0.0
0.0
0.0
0.02219501714322883
0.0
0.0
0.0
0.0
0.0
0.10111992104641963
0.0
0.0
0.0
0.08556301011620122
0.0
0.0
0.0
0.0
0.0
0.0
0.0
0.0
0.0
0.0
0.0
0.0
0.04360810658500681
0.0
0.0
0.0
0.0
0.0
0.0
0.0
0.0013394145130625522
0.0
0.0
0.0
0.0
0.0
0.0
0.0042458435522516646
0.0
0.0
0.0
0.0
0.0
0.0
0.0
0.0
0.0
0.0
0.0
0.0
0.006814221564237152
0.0
0.004801750802250937
0.0
0.0
0.0
0.0
0.0
0.0
0.004956422663191278
0.0
0.0
0.0
0.0
0.0
0.0
0.0
0.0057888532147049206
0.0
0.0
0.0
0.0
0.0
0.0
0.0
0.0
0.0
0.0
0.0
0.0
0.0
0.0
0.0
0.0
0.0
0.0
0.0
0.0
0.0
0.0
0.0
0.0
0.0
0.0
0.0
0.0
0.0
0.0
0.0
0.0
0.0
0.0
0.01444509643021986
0.00692467257837677
0.0
0.0
0.0
0.0
0.0
0.0
0.0
0.0
0.0
0.0
0.0
0.004018243539187657
0.0
0.0
0.0
0.0
0.0
0.0
0.0
0.0
0.0
0.0
0.0
0.0
0.0
0.0
0.0
0.0
0.0
0.0
0.0
0.0
0.0
0.0
0.0
0.0
0.0
0.0
0.0
0.0
0.0
0.0
0.0
0.0
0.0
0.0
0.0
0.0
0.0
0.0
0.0
0.0
0.0
0.0
0.0
0.0
0.0
0.014711735481662963
0.0
0.007029150275006611
0.0
0.0
0.0
0.0
0.0
0.0
0.0
0.0
0.0
0.0
0.0
0.0
0.0
0.0
0.0
0.0
0.0
0.0
0.0
0.0
0.0
0.0
0.0
0.0
0.0073558677408314815
0.0
0.014879793844064968
0.0
0.0
0.0
0.009330072565739448
0.0013394145130625522
0.01555012094289908
0.0
0.0
0.0
0.0
0.0
0.0
0.0
0.00650685024905593
0.0
0.0
0.0
0.0
0.0
0.0
0.005099626438984097
0.0
0.004633612916950272
0.0
0.0
0.0
0.0
0.0
0.0
0.0
0.19180149466274501
0.0
0.0
0.0
0.004018243539187657
0.0
0.0
0.0
0.004956422663191278
0.006220048377159632
0.0
0.0
0.0
0.0
0.0
0.0
0.0
0.0
0.0
0.0
0.0
0.0
0.0
0.0
0.0
0.0013394145130625522
0.0
0.0
0.0
0.0
0.0
0.0
0.0
0.0
0.0
0.0
0.0
0.0
0.0
0.0
0.0
0.0
0.0
0.0
0.0
0.0
0.0
0.0
0.0
0.0
0.0
0.0
0.0
0.030237851560888734
0.0
0.0
0.0
0.0
0.0
0.0
0.0
0.0
0.0042458435522516646
0.0
0.0
0.0
0.0
0.0
0.0
0.0
0.0
0.013740472229002723
0.0
0.0
0.0
0.0
0.0
0.0
0.014961159656752081
0.0
0.0
0.00692467257837677
0.0
0.0
0.0
0.0
0.0
0.0
0.0
0.0
0.0
0.0
0.0
0.0
0.0
0.0
0.0
0.0
0.0
0.0
0.0
0.0
0.0
0.0
0.0
0.0
0.0
0.0
0.0
0.0
0.0
0.0
0.0
0.0
0.0
0.0
0.0
0.0
0.0
0.0
0.0
0.0
0.0
0.0
0.0
0.0
0.0
0.0
0.0
0.0
0.0
0.0
0.004018243539187657
0.004956422663191278
0.0
0.0
0.0
0.0
0.0
0.0
0.0
0.0
0.0
0.0021229217761258323
0.0
0.0
0.0
0.0
0.0
0.0
0.0
0.0
0.0
0.0
0.0
0.0
0.006295837176253831
0.0
0.0
0.0
0.0
0.0
0.0
0.0
0.0
0.0
0.0
0.0
0.0
0.0
0.0
0.0
0.0
0.0
0.0
0.0042458435522516646
0.0
0.0013394145130625522
0.0
0.0
0.0
0.0
0.0
0.006697072565312762
0.0
0.0
0.0
0.0
0.0
0.0
0.0
0.0
0.0
0.0
0.0
0.0
0.0
0.0
0.0
0.0
0.0
0.0
0.0
0.0
0.0
0.0
0.0
0.0
0.0
0.0
0.0
0.0
0.0
0.0
0.04507328666432655
0.012737530656754995
0.0
0.0
0.0
0.0
0.0
0.0
0.0
0.0
0.0
0.0
0.0
0.0
0.0
0.0
0.0
0.0
0.0
0.0
0.0
0.0
0.0
0.0
0.008491687104503329
0.015298879316952289
0.0
0.0
0.0
0.0
0.05308577950954503
0.003110024188579816
0.0131447209555364
0.006635722438693129
0.0
0.014624883886150753
0.0
0.0
0.0
0.0
0.0
0.0
0.0
0.0
0.1393854678995416
0.0
0.0
0.0
0.0
0.0
0.00643904095204665
0.0
0.011946054860025649
0.0
0.0
0.0
0.0
0.0
0.0
0.0
0.0
0.0
0.0
0.0
0.0
0.0
0.0
0.0
0.005099626438984097
0.0
0.0
0.0
0.0
0.0
0.0
0.0
0.0
0.021804053292503404
0.0
0.01990716731607939
0.0
0.0
0.0
0.0
0.0
0.0
0.0
0.0
0.0
0.0
0.0
0.0
0.0
0.0
0.0
0.0
0.0
0.0
0.0
0.0
0.0
0.0
0.0
0.0
0.0
0.0
0.0
0.0
0.0026788290261251044
0.0
0.0
0.0
0.0
0.0
0.0
0.0
0.0
0.0
0.0
0.0
0.0
0.0
0.0
0.0
0.0
0.0
0.0
0.0
0.0
0.0
0.0
0.007029150275006611
0.0
0.0
0.0
0.0
0.0
0.0
0.0
0.0
0.0
0.0
0.0
0.0
0.0
0.0
0.0
0.0
0.0
0.0
0.0
0.0
0.0
0.0
0.0
0.0
0.030390915309201728
0.0
0.0
0.0
0.0
0.004018243539187657
0.0
0.0
0.0
0.029759587688129936
0.0
0.0
0.0
0.0
0.0
0.0
0.004956422663191278
0.0
0.0
0.0
0.0
0.0
0.0
0.0
0.0
0.0
0.0
0.0
0.0
0.0
0.0013394145130625522
0.005357658052250209
0.0
0.0
0.0
0.0
0.0
0.011379471523888116
0.0
0.0
0.0
0.003110024188579816
0.0
0.0
0.0
0.0
0.0
0.0
0.0
0.0
0.0
0.0
0.0
0.0021229217761258323
0.0
0.0
0.0
0.0
0.0
0.0
0.0
0.004449438701642368
0.006697072565312762
0.0
0.0
0.0
0.0
0.0
0.0
0.0
0.0
0.0
0.0
0.0
0.0
0.0
0.0
0.0
0.0
0.0
0.0
0.0
0.0
0.0
0.0
0.0
0.0
0.0
0.0
0.0
0.0
0.0
0.0
0.0
0.0
0.0
0.0
0.0
0.00643904095204665
0.0
0.0
0.0
0.0
0.0
0.0
0.0
0.0
0.005099626438984097
0.0
0.0
0.0
0.0
0.0
0.0
0.0
0.0
0.0
0.0
0.0
0.0
0.0
0.0
0.01384934515675354
0.0
0.0
0.0
0.0013394145130625522
0.0
0.0
0.0
0.0
0.0013394145130625522
0.0
0.0
0.0
0.0
0.0
0.0
0.0
0.0
0.0013394145130625522
0.0
0.0
0.0
0.0
0.0
0.0
0.0
0.0013394145130625522
0.0
0.0
0.0042458435522516646
0.0
0.003462336289188385
0.0
0.0
0.0
0.0
0.0
0.0
0.0
0.0
0.0
0.008036487078375313
0.0
0.0
0.0
0.0
0.0
0.01817677360404117
0.012737530656754996
0.0
0.0
0.0
0.028944266073524603
0.0
0.0
0.0
0.0
0.0
0.0
0.0
0.0
0.005357658052250209
0.003760211925921545
0.0
0.0
0.0
0.0
0.0
0.004633612916950272
0.0
0.0
0.0
0.0
0.0
0.0
0.0
0.0
0.0
0.0
0.0
0.0
0.0
0.0
0.0
0.0
0.0
0.0
0.006635722438693129
0.005585258065314217
0.0
0.0
0.0
0.012117849069360781
0.0
0.0
0.0
0.0
0.0
0.0
0.0
0.0
0.0
0.0
0.0
0.0
0.0
0.0
0.0
0.0
0.0
0.0
0.0
0.0
0.004956422663191278
0.008036487078375313
0.0
0.0
0.0
0.0
0.0
0.0
0.0
0.0
0.0
0.0
0.0
0.0
0.0
0.006220048377159632
0.0
0.0
0.0
0.0
0.0
0.0
0.0
0.0
0.0
0.006368765328377497
0.0
0.0
0.004449438701642368
0.0
0.0
0.0021229217761258323
0.0
0.0
0.0
0.0
0.0
0.0
0.0
0.0
0.0
0.0
0.0
0.0
0.0
0.0
0.0
0.0
0.0
0.0
0.0
0.0
0.0
0.0
0.0
0.0
0.0
0.0013394145130625522
0.0
0.0
0.0
0.0
0.0
0.0
0.0
0.0
0.0
0.0
0.0
0.0
0.0
0.0
0.0
0.0
0.0
0.0
0.0
0.0
0.0
0.0
0.0
0.0
0.0
0.00752042385184309
0.0
0.0
0.0
0.0
0.0
0.0
0.018423495945940466
0.0
0.022441739485128124
0.0
0.003110024188579816
0.0
0.0
0.0
0.0
0.0
0.0
0.0
0.0
0.0
0.0
0.01301370049811186
0.0
0.0
0.0
0.0
0.0
0.0
0.0
0.0
0.0
0.0
0.0
0.0
0.0
0.0
0.0
0.0
0.0
0.0
0.0
0.0
0.0
0.0
0.0
0.0
0.0
0.0
0.0
0.0
0.0
0.0
0.0
0.0
0.0
0.0
0.0
0.0
0.0
0.0
0.0
0.0
0.0
0.0
0.0
0.003462336289188385
0.0
0.0
0.0
0.0
0.0
0.0
0.0
0.0
0.0
0.0
0.0
0.0
0.0
0.0
0.0
0.0
0.0
0.0
0.009267225833900545
0.0
0.0
0.0
0.0
0.0
0.0
0.0
0.0
0.0
0.0
0.0
0.0
0.0
0.0
0.0
0.014256535455534947
0.0
0.0
0.0
0.0
0.0
0.0
0.0
0.0
0.0
0.0
0.0
0.0
0.0
0.009603501604501874
0.0
0.0013394145130625522
0.0
0.0
0.0
0.0
0.0
0.0
0.0
0.0
0.0
0.0
0.0
0.0
0.0042458435522516646
0.0
0.0
0.0643904095204665
0.0
0.0
0.0
0.0
0.0
0.0
0.0
0.0
0.0
0.0
0.0
0.0
0.0
0.0
0.0
0.0061411653153134885
0.0
0.0
0.03539672219658556
0.0
0.0
0.0
0.0
0.0
0.0013394145130625522
0.0
0.0
0.0
0.0
0.0
0.0
0.0
0.0
0.0
0.0
0.0
0.0
0.0
0.0
0.0042458435522516646
0.0
0.0
0.0
0.0
0.0
0.0
0.0
0.0
0.0
0.0
0.0
0.0
0.0
0.0
0.0
0.0
0.0
0.0
0.014961159656752081
0.0
0.0
0.0
0.0
0.0
0.0
0.0
0.0
0.0
0.0
0.0
0.0
0.0
0.0
0.0
0.0
0.0
0.0
0.0
0.0
0.0
0.0
0.0
0.0
0.0
0.0
0.0
0.0026788290261251044
0.0
0.0
0.012282330630626977
0.005357658052250209
0.0
0.0
0.0
0.0
0.0
0.0
0.0
0.0
0.0
0.0
0.0
0.0
0.004018243539187657
0.0
0.0
0.0
0.004018243539187657
0.0
0.0
0.006220048377159632
0.0
0.0
0.0
0.0
0.0
0.0
0.0
0.0
0.0
0.0
0.0
0.0
0.0
0.0
0.0
0.0
0.0
0.0
0.0
0.0
0.0
0.0
0.0
0.0
0.0
0.0
0.0
0.0
0.0
0.0
0.0
0.0
0.0
0.0
0.0
0.0
0.08279394926890747
0.0
0.0
0.0
0.0
0.0
0.0
0.0
0.0
0.0
0.0
0.0
0.0
0.0
0.04439003428645766
0.0
0.004633612916950272
0.0
0.0
0.007439896922032484
0.0
0.0
0.023230911316590268
0.0
0.0
0.0
0.0060589245346803905
0.0
0.0
0.020398505755936387
0.0
0.0
0.0
0.004018243539187657
0.0
0.0
0.005689735761944058
0.0
0.0
0.0
0.0
0.0
0.0
0.0
0.0
0.0
0.0
0.0
0.0
0.0
0.0
0.0
0.0
0.0
0.0
0.0
0.0
0.0
0.0
0.0
0.0
0.0
0.0
0.0
0.0
0.0013394145130625522
0.0
0.0
0.0
0.0
0.0
0.0
0.0
0.0
0.005357658052250209
0.0
0.0
0.0
0.0
0.0
0.0
0.0
0.0
0.0
0.0
0.0
0.0
0.0
0.0
0.0
0.0
0.0
0.0013394145130625522
0.0
0.0
0.0
0.0013394145130625522
0.0
0.0
0.0
0.0
0.0
0.0
0.0
0.0
0.0
0.0
0.0
0.0
0.0
0.0
0.0
0.0
0.0
0.0
0.0
0.0
0.0
0.0
0.0
0.0
0.0
0.0
0.0
0.0
0.0
0.0
0.0
0.0042458435522516646
0.013271444877386258
0.0
0.00650685024905593
0.0
0.004018243539187657
0.007128267727767474
0.006368765328377498
0.0
0.0
0.005357658052250209
0.0
0.0
0.0
0.0
0.0
0.0
0.0
0.036164191852688904
0.0
0.0
0.029072071056671204
0.0
0.0
0.0
0.0
0.012591674352507663
0.0
0.0
0.0
0.0
0.0
0.0
0.0
0.0
0.0
0.0
0.0
0.0
0.0
0.0
0.0
0.0
0.0
0.0
0.013394145130625524
0.0
0.0
0.0
0.0
0.0
0.0
0.0
0.0
0.0
0.0
0.0
0.0042458435522516646
0.0
0.0
0.0
0.0
0.0
0.0
0.0
0.0
0.0
0.0
0.0
0.005689735761944058
0.0
0.0
0.0
0.0
0.0
0.0
0.0
0.0
0.0
0.0
0.0
0.005689735761944058
0.0
0.0
0.0
0.0
0.0
0.0
0.0
0.0
0.0
0.0
0.0059730274300128245
0.0
0.028944266073524603
0.0
0.0
0.0
0.0
0.0
0.0
0.0
0.0
0.0
0.0026788290261251044
0.0
0.0
0.0
0.0
0.0
0.007635251689316384
0.006220048377159632
0.0
0.0
0.0
0.0
0.0
0.006368765328377498
0.0
0.0
0.0
0.0
0.0
0.0013394145130625522
0.0
0.0
0.0
0.0
0.0
0.0
0.003462336289188385
0.0
0.0
0.0
0.013348316104927104
0.0
0.0
0.0
0.0
0.0
0.0
0.0
0.0
0.0
0.0
0.0
0.0
0.004018243539187657
0.0
0.0
0.0
0.0
0.0
0.0
0.0
0.0
0.0
0.0
0.0
0.0
0.0
0.0
0.0
0.0
0.0
0.0065723604777682
0.0
0.0
0.0
0.0
0.0
0.007480579828376041
0.0
0.0
0.0
0.0
0.0
0.0
0.0
0.0
0.004633612916950272
0.0
0.0
0.0
0.0
0.0
0.0
0.0
0.0
0.004801750802250937
0.0
0.0
0.0
0.0
0.0
0.0
0.0061411653153134885
0.0
0.0
0.0
0.0
0.0
0.0
0.0
0.0
0.0
0.0
0.0
0.0
0.0
0.0
0.0
0.0
0.0042458435522516646
0.0
0.0
0.006220048377159632
0.0
0.004956422663191278
0.0
0.0
0.0
0.0
0.0
0.0
0.0
0.0
0.0
0.07000609918598281
0.0
0.0
0.0
0.0
0.0
0.005099626438984097
0.0
0.0
0.0
0.0061411653153134885
0.0
0.0
0.0
0.0
0.0
0.0
0.0
0.0
0.0
0.0
0.0
0.04305589745683699
0.0
0.0
0.0
0.0
0.0
0.0
0.0
0.0
0.0
0.0
0.0
0.003760211925921545
0.0
0.012737530656754996
0.0
0.0
0.0
0.0
0.0
0.0
0.0
0.0
0.0
0.0
0.0
0.0
0.0
0.0
0.0
0.0
0.0
0.0
0.0
0.0
0.013394145130625524
0.01817677360404117
0.0
0.0
0.0
0.0
0.03569738507288868
0.0
0.0
0.0013394145130625522
0.0
0.0
0.0
0.0
0.0
0.0
0.0
0.0
0.0
0.023016179359529404
0.0
0.0
0.0
0.0
0.0
0.005585258065314217
0.0
0.0
0.0
0.0
0.0
0.0
0.0
0.0
0.0
0.0
0.0
0.0
0.0
0.0
0.05420545973871062
0.0
0.0
0.0
0.0
0.0
0.0
0.0
0.0
0.0
0.0
0.0
0.0
0.0
0.0
0.0
0.0
0.0
0.0
0.0
0.0
0.0
0.0
0.0
0.0
0.0
0.0
0.0
0.0
0.0
0.0616654387315204
0.0
0.00692467257837677
0.0
0.0
0.0
0.0
0.0
0.0
0.0
0.0
0.0
0.0
0.0
0.0
0.0
0.0
0.003110024188579816
0.0
0.0
0.0
0.0061411653153134885
0.0
0.0
0.0
0.0
0.0
0.0
0.0
0.0
0.0
0.0
0.0
0.0
0.0
0.0
0.0
0.0
0.0
0.0
0.0
0.0
0.0
0.0
0.0026788290261251044
0.0
0.0
0.0
0.0
0.0
0.0
0.0
0.0
0.0
0.004956422663191278
0.0
0.0
0.0
0.0
0.0
0.0
0.0
0.0
0.0
0.0
0.0
0.0
0.0
0.0
0.0
0.0
0.0
0.0
0.0
0.0
0.0060589245346803905
0.0
0.0
0.0
0.004018243539187657
0.0
0.0
0.0
0.0
0.0
0.0
0.010465891929411298
0.005099626438984097
0.0
0.0
0.0
0.0
0.0
0.0
0.0
0.0042458435522516646
0.0
0.0
0.0
0.0
0.0
0.0
0.0
0.0
0.0
0.0
0.0
0.0
0.0
0.0
0.0
0.0
0.0
0.0
0.0
0.013394145130625524
0.0
0.0
0.0013394145130625522
0.0
0.0
0.0
0.0
0.0
0.005689735761944058
0.0
0.0013394145130625522
0.0
0.0
0.0
0.0
0.0013394145130625522
0.0013394145130625522
0.0
0.0
0.0
0.0
0.0
0.0
0.0
0.0
0.0026788290261251044
0.0
0.014158688878634222
0.0
0.003462336289188385
0.0
0.0
0.0
0.0
0.0
0.022905755067949153
0.0
0.0
0.0
0.0
0.0
0.0
0.0
0.0
0.0
0.0
0.0
0.0
0.0
0.0
0.0
0.0
0.0
0.0
0.0042458435522516646
0.0
0.0
0.0
0.0
0.030541006757265537
0.0
0.0
0.0
0.0
0.0
0.0
0.0059730274300128245
0.0
0.0
0.02077401773513031
0.004633612916950272
0.004018243539187657
0.0
0.0
0.0
0.0
0.0
0.0
0.0
0.0
0.0
0.0
0.0
0.0
0.0
0.0
0.0
0.0
0.0
0.0
0.0
0.0013394145130625522
0.0
0.0
0.005883133702047377
0.0
0.0
0.0
0.0
0.0
0.004018243539187657
0.0
0.0
0.0
0.0
0.0
0.0
0.0
0.0
0.0
0.0
0.0
0.0
0.006870236114501362
0.0
0.0
0.0
0.007312441943075377
0.0
0.0
0.0
0.0
0.0
0.0
0.0
0.0
0.0
0.0
0.0
0.0
0.0
0.0
0.0
0.0
0.0
0.0
0.0
0.0
0.0
0.004801750802250937
0.0
0.0
0.0
0.0
0.0
0.24113211941838528
0.0
0.0
0.0
0.0
0.0
0.0026788290261251044
0.0
0.0
0.0
0.0
0.0
0.015270503378632769
0.0
0.0
0.0
0.0
0.0
0.0
0.0
0.0
0.0
0.0
0.0
0.00692467257837677
0.0
0.0
0.0
0.0
0.020932852329137924
0.0
0.0
0.0
0.0
0.0
0.0
0.0
0.0
0.0
0.0
0.0
0.01444509643021986
0.0
0.0
0.0
0.0
0.0
0.0
0.0
0.0
0.0
0.0
0.0
0.0
0.0
0.0
0.0
0.013628443128474305
0.005099626438984097
0.0
0.0
0.0
0.0
0.0
0.0
0.0
0.0
0.0
0.0
0.0
0.0
0.0
0.0
0.0
0.0
0.0042458435522516646
0.0
0.0
0.0
0.0
0.0
0.0
0.0
0.0
0.0
0.006814221564237152
0.00722254821510993
0.0
0.0
0.0
0.0
0.0
0.0
0.0
0.0
0.0
0.0
0.0
0.0
0.0
0.0021229217761258323
0.004018243539187657
0.0
0.0
0.0
0.0
0.0
0.005232945964705649
0.0
0.0
0.0
0.0
0.0
0.0
0.0
0.0
0.0
0.0
0.0
0.0
0.0
0.0
0.0
0.0
0.0
0.0
0.0
0.0
0.0
0.0
0.0
0.0
0.0
0.0
0.0
0.0
0.0
0.0
0.0
0.006870236114501362
0.004801750802250937
0.0
0.0
0.0
0.0
0.0
0.0
0.0
0.010949614102349198
0.0
0.0
0.0
0.0
0.0
0.0
0.0
0.00650685024905593
0.0
0.0
0.004449438701642368
0.0
0.0
0.0
0.0
0.0
0.0
0.0
0.0
0.0
0.0
0.0
0.0
0.0
0.0
0.0
0.0
0.0
0.0
0.03699169523871471
0.0
0.0
0.0
0.0
0.0
0.0
0.010199252877968194
0.0
0.0
0.0
0.0
0.0
0.0
0.0
0.0
0.0
0.0
0.0
0.02267838867066655
0.0
0.0
0.0
0.0
0.0
0.0
0.0
0.0
0.0
0.0
0.0
0.0
0.0
0.0
0.0
0.0
0.0
0.0
0.004449438701642368
0.0
0.0
0.0
0.0
0.0
0.0
0.0
0.0
0.004956422663191278
0.0026788290261251044
0.0
0.0
0.0
0.0
0.0
0.0
0.0
0.0
0.0
0.0
0.0
0.0065723604777682
0.0
0.0
0.0
0.0
0.0
0.0
0.0
0.0
0.0
0.0
0.0061411653153134885
0.0
0.28780285220904045
0.0
0.0
0.0
0.004801750802250937
0.0
0.0
0.0
0.0
0.0
0.0
0.0
0.0
0.0
0.0
0.0
0.0
0.0
0.0
0.0
0.0
0.0
0.0
0.0
0.0
0.0
0.0
0.0
0.0
0.0
0.030390915309201728
0.0013394145130625522
0.0
0.0
0.0
0.0
0.005099626438984097
0.0
0.0
0.0
0.0
0.0
0.0
0.0
0.0
0.0
0.0
0.00692467257837677
0.0
0.0
0.0
0.0
0.0
0.0
0.0
0.0
0.0
0.0
0.0
0.0
0.0
0.0
0.06194909684424071
0.014256535455534947
0.0
0.0
0.0
0.0
0.0
0.0
0.0
0.0
0.0
0.014711735481662963
0.0
0.0
0.0
0.0
0.0
0.0
0.0
0.0
0.0
0.0
0.0
0.0
0.0
0.0
0.0
0.0
0.0
0.0
0.0
0.0
0.0
0.0
0.02256127155552927
0.0
0.0
0.0
0.0
0.04305589745683699
0.0
0.0
0.0
0.0060589245346803905
0.0
0.0
0.0
0.0
0.0
0.0
0.0
0.0
0.0
0.0
0.0
0.0
0.0
0.0
0.0
0.0
0.0
0.0
0.0
0.0
0.0
0.0
0.0
0.0
0.0
0.003462336289188385
0.0
0.006295837176253831
0.0
0.0
0.01504084770368618
0.0
0.0
0.0
0.0
0.0
0.0
0.0
0.0
0.0
0.0
0.0
0.0
0.0
0.0
0.0
0.0
0.0
0.0
0.0
0.0
0.0
0.0
0.0
0.0
0.0
0.0
0.0013394145130625522
0.0
0.0
0.0
0.0
0.01817677360404117
0.0
0.0
0.0
0.0
0.0
0.0
0.0
0.0
0.0
0.0
0.0
0.0
0.0
0.0
0.005689735761944058
0.0
0.0
0.005357658052250209
0.0
0.0
0.0
0.0
0.0
0.0
0.0
0.0
0.0
0.0
0.0
0.0
0.0
0.0
0.0
0.0
0.0
0.0
0.04488347897025625
0.0042458435522516646
0.0
0.0
0.0
0.0
0.0
0.0
0.0
0.0
0.0
0.0
0.0
0.0
0.0026788290261251044
0.0
0.0
0.0
0.0
0.0
0.08177065877084583
0.0057888532147049206
0.03008169540737236
0.0
0.0
0.004633612916950272
0.0
0.004018243539187657
0.0
0.0
0.0462490790486403
0.0
0.0021229217761258323
0.009330072565739448
0.0
0.0
0.0
0.0
0.0
0.0
0.0
0.0
0.005099626438984097
0.0
0.0
0.0
0.0
0.0
0.0
0.0
0.0
0.0
0.0
0.0
0.0065723604777682
0.0
0.0
0.0
0.0
0.0
0.0
0.0
0.0
0.011170516130628434
0.0
0.0
0.0
0.0
0.0
0.0
0.0013394145130625522
0.0
0.0
0.0
0.005474807051174599
0.0
0.014796678095485885
0.0
0.0
0.0
0.0
0.0
0.0
0.0
0.0
0.0
0.0
0.0
0.0
0.0
0.007079344439317111
0.0
0.0
0.0
0.0
0.0
0.003462336289188385
0.0
0.0
0.0
0.0
0.0
0.0
0.0
0.0
0.0
0.0
0.0
0.0
0.0
0.0
0.0
0.0
0.0
0.0
0.0
0.0
0.0
0.0
0.0
0.0
0.021229217761258325
0.021937325829226133
0.0
0.0
0.008036487078375313
0.0
0.0
0.0
0.0
0.0
0.0
0.0
0.0
0.0
0.0
0.0
0.0
0.0
0.0
0.0154163596828801
0.013271444877386258
0.0
0.0
0.0
0.0060589245346803905
0.0
0.0
0.0
0.0
0.0
0.0
0.0
0.0
0.0
0.0
0.0
0.0
0.0
0.0
0.0
0.0
0.0
0.0
0.0
0.022793186481901293
0.0
0.0
0.0
0.0
0.0
0.0
0.0
0.0
0.0
0.0
0.0
0.0
0.0
0.0
0.0
0.0
0.0
0.0
0.0
0.0
0.0
0.0
0.028317377757268444
0.0
0.0
0.0
0.0
0.0
0.0
0.0
0.0
0.0
0.0
0.0
0.005232945964705649
0.0
0.0
0.0
0.0
0.0
0.0
0.0
0.0967186599864223
0.0
0.0073558677408314815
0.0
0.0
0.0
0.0
0.0
0.0
0.0
0.0
0.0
0.0
0.0
0.0
0.004633612916950272
0.0
0.0
0.0
0.058561652241503365
0.015698837894116947
0.0
0.0026788290261251044
0.0
0.0
0.0
0.0
0.006977617443045974
0.0
0.0
0.0
0.0
0.0
0.0
0.0
0.0
0.0
0.0
0.0
0.0
0.0
0.0
0.0
0.004801750802250937
0.0
0.0
0.0
0.0
0.0
0.0
0.0
0.0061411653153134885
0.0
0.0
0.004956422663191278
0.0
0.0
0.0
0.0
0.0
0.0
0.0
0.0
0.0
0.0
0.0
0.0
0.0
0.0
0.0
0.0
0.0
0.0
0.007597728827300432
0.0
0.0
0.0
0.0
0.0
0.0
0.0
0.0
0.0
0.0
0.0
0.0
0.0
0.0
0.0
0.0
0.0
0.004018243539187657
0.0
0.0
0.0
0.0
0.0
0.0
0.0
0.0
0.0
0.0
0.0
0.005099626438984097
0.0
0.0
0.0
0.0
0.0
0.0
0.0
0.0
0.003760211925921545
0.0
0.0
0.0
0.0
0.0
0.0
0.0
0.0
0.015298879316952289
0.0
0.0
0.00722254821510993
0.0
0.0
0.0
0.0
0.010465891929411298
0.0
0.0
0.0
0.0
0.0
0.0013394145130625522
0.0
0.05395725889008035
0.0
0.004633612916950272
0.0
0.0
0.0
0.05149107418582037
0.0
0.0
0.005099626438984097
0.0
0.0
0.0
0.0
0.0
0.0
0.0
0.0
0.0
0.029415668510236886
0.0
0.0
0.0
0.0
0.0
0.014158688878634222
0.0
0.0
0.0
0.0
0.0
0.0
0.0
0.0
0.0
0.0
0.0
0.0
0.0
0.0
0.0
0.05420545973871062
0.008036487078375313
0.0
0.0
0.0
0.0
0.0
0.0
0.0
0.0
0.0
0.0
0.0
0.0
0.0
0.03817625844658192
0.0
0.0
0.0
0.0
0.0
0.0
0.0
0.0
0.0
0.0
0.0
0.0
0.0
0.0
0.0
0.0
0.0
0.0
0.0
0.0
0.0
0.0
0.02959335619097177
0.0
0.0
0.0
0.0
0.0
0.0
0.0
0.0
0.0
0.0
0.0
0.0
0.0
0.0
0.0
0.0
0.0
0.0
0.0
0.0
0.0
0.0
0.029922319313504163
0.0
0.09162302027179661
0.0
0.0
0.0
0.0
0.0
0.0
0.0
0.0
0.0
0.0
0.003760211925921545
0.0
0.010465891929411298
0.0
0.0
0.0
0.0
0.0
0.0
0.0
0.0
0.0
0.0
0.0
0.0
0.0
0.0
0.0
0.0
0.0
0.0
0.0
0.0
0.005883133702047377
0.0
0.08556301011620122
0.0
0.035145751375033056
0.0
0.0
0.0
0.007175982909472831
0.0
0.045586372963802586
0.0
0.0
0.0
0.0
0.006295837176253831
0.0
0.0
0.0
0.0
0.0
0.0
0.0
0.0
0.0
0.006977617443045974
0.0
0.0
0.0
0.0
0.0
0.0
0.0
0.0
0.0
0.0
0.0
0.0
0.0
0.0
0.0
0.0
0.0
0.0
0.0
0.0
0.0
0.0
0.0
0.0
0.006368765328377498
0.0
0.0
0.0
0.0
0.0
0.0
0.0
0.0
0.014058300550013222
0.0
0.0
0.0
0.0
0.0
0.0
0.0
0.0
0.0
0.0
0.004956422663191278
0.0
0.0
0.0
0.0
0.0
0.0
0.0
0.0
0.0
0.0
0.0
0.0
0.08556301011620122
0.0
0.0
0.053704418505568605
0.0
0.0
0.0
0.0
0.0
0.0
0.0
0.0
0.0
0.0
0.0
0.0
0.0
0.006368765328377498
0.0
0.0
0.0
0.0
0.0
0.0
0.0
0.0
0.0
0.0
0.0
0.0
0.0
0.0
0.053704418505568605
0.0
0.0
0.01990716731607939
0.0
0.0
0.006756534693076105
0.0
0.0
0.0
0.0
0.0
0.0
0.0
0.0
0.03798864413650216
0.011577706429409841
0.0
0.0
0.0
0.0
0.3811443177903509
0.0
0.0
0.0
0.0
0.03854089920720025
0.0
0.0
0.0
0.0
0.004018243539187657
0.0
0.0
0.0
0.0
0.0
0.0
0.0
0.0
0.0
0.0
0.0026788290261251044
0.0
0.0
0.0
0.0
0.0
0.0
0.06768381466658781
0.0
0.0
0.0
0.0
0.0
0.0
0.0
0.0
0.0
0.0
0.0
0.0
0.0
0.0
0.0
0.0
0.0
0.0
0.0
0.0
0.0
0.0
0.0
0.0
0.0
0.0
0.0
0.0
0.0
0.0
0.0
0.0
0.0
0.0
0.0
0.0
0.0
0.0
0.0
0.003760211925921545
0.0
0.0
0.0
0.0
0.0
0.0
0.0
0.0
0.0
0.0
0.0
0.0013394145130625522
0.0
0.0
0.0
0.0
0.0
0.0
0.0
0.0
0.0
0.0
0.0
0.0
0.0
0.0
0.0
0.0
0.0
0.036340088820839
0.0
0.0
0.0
0.0
0.0
0.0
0.004449438701642368
0.0
0.0
0.004449438701642368
0.0
0.0
0.0
0.0
0.0
0.01351306938615221
0.0
0.0
0.0
0.0
0.0
0.0
0.0
0.0
0.0
0.0
0.0
0.0
0.0
0.0
0.0
0.0
0.0
0.0
0.0
0.0
0.0
0.0
0.0
0.0
0.0059730274300128245
0.0
0.0
0.0
0.0
0.0
0.0
0.0
0.0
0.0
0.0
0.005357658052250209
0.0
0.0
0.0
0.14779065383707485
0.0
0.006814221564237152
0.0
0.0
0.0
0.0
0.0
0.0
0.0
0.0
0.0
0.0
0.0
0.0
0.0
0.0
0.0
0.0
0.0
0.0
0.0
0.0
0.00650685024905593
0.0
0.0
0.0
0.0
0.0
0.0
0.0
0.0
0.0
0.0
0.0
0.0
0.0
0.0
0.0
0.0
0.0
0.0
0.0
0.0
0.0
0.00643904095204665
0.0
0.0
0.0
0.0
0.0
0.0
0.0
0.0
0.0
0.0026788290261251044
0.0
0.0
0.0
0.0
0.0
0.0
0.0
0.0
0.0
0.0
0.0065723604777682
0.0
0.0
0.0
0.0
0.0
0.0
0.0
0.0
0.0
0.0
0.0
0.0
0.0
0.0
0.0
0.0
0.0
0.0
0.0
0.0
0.0
0.0
0.0
0.0
0.0
0.0
0.0
0.0026788290261251044
0.0
0.0
0.0
0.0
0.0013394145130625522
0.0
0.0021229217761258323
0.0
0.011946054860025649
0.0
0.0
0.0
0.0
0.0
0.0
0.0
0.0
0.014624883886150753
0.0
0.0717598290947283
0.0
0.0
0.020398505755936387
0.010199252877968194
0.0
0.0
0.0
0.0
0.0
0.0
0.0
0.0
0.0
0.0
0.0
0.0
0.0
0.0
0.0
0.0
0.0
0.0
0.0
0.0
0.0
0.0
0.0
0.0
0.0
0.0
0.0
0.0
0.0
0.0
0.00692467257837677
0.06977617443045973
0.0
0.005357658052250209
0.0
0.0
0.0
0.0
0.0
0.0
0.0
0.0013394145130625522
0.0
0.0
0.0
0.0
0.0
0.0
0.0
0.0
0.0
0.0
0.0
0.0
0.0
0.0
0.0
0.0
0.0
0.0
0.0
0.0
0.0
0.0
0.0
0.0
0.0013394145130625522
0.0013394145130625522
0.0
0.0
0.0
0.0
0.0
0.0
0.0
0.0
0.0
0.0
0.0
0.0
0.0
0.0
0.0
0.003462336289188385
0.0
0.0
0.0
0.0026788290261251044
0.0
0.0
0.0
0.0
0.0
0.0
0.0
0.0
0.0
0.0
0.0
0.0
0.0
0.0
0.0
0.004956422663191278
0.0
0.0
0.0
0.0
0.0
0.0
0.0
0.006368765328377497
0.0
0.0
0.003760211925921545
0.0
0.0
0.0
0.0
0.0
0.0
0.003462336289188385
0.0
0.0
0.0
0.0
0.0
0.0
0.0
0.0
0.0
0.0
0.0
0.0
0.005883133702047377
0.0
0.0
0.0
0.0
0.0
0.0
0.0
0.003760211925921545
0.0
0.0
0.0
0.0
0.0
0.0
0.0
0.0
0.0
0.0
0.0
0.0
0.0
0.0
0.0
0.0
0.0
0.0
0.0
0.0
0.0
0.0
0.0
0.0
0.0
0.0
0.0
0.0
0.0
0.0
0.0
0.0
0.0
0.0
0.0026788290261251044
0.0
0.0
0.0
0.0
0.0
0.0
0.0059730274300128245
0.0
0.007079344439317111
0.0
0.0
0.0
0.0
0.0026788290261251044
0.0
0.0
0.0
0.0
0.0
0.0
0.0
0.0
0.0
0.0
0.004018243539187657
0.0
0.0
0.0
0.0
0.0
0.007079344439317111
0.0021229217761258323
0.0026788290261251044
0.0
0.0
0.0
0.0
0.0
0.0
0.0
0.0
0.0
0.0
0.0
0.0
0.0
0.0
0.0
0.0
0.0
0.0
0.0021229217761258323
0.0
0.0
0.0
0.0
0.0
0.0
0.038360298932549004
0.0
0.0
0.0
0.0
0.0
0.0
0.0
0.0
0.0
0.0
0.0
0.010199252877968194
0.0
0.0
0.0
0.0
0.0
0.0
0.0
0.0
0.0
0.0
0.004449438701642368
0.0021229217761258323
0.0
0.0
0.0
0.0
0.0
0.004633612916950272
0.0
0.007029150275006611
0.0
0.0
0.0
0.0
0.0026788290261251044
0.0021229217761258323
0.0
0.0
0.0
0.0
0.0
0.0
0.0
0.0
0.0
0.0
0.0
0.0
0.0
0.0
0.0
0.0
0.0
0.0
0.0
0.0
0.0
0.0
0.0
0.0
0.0
0.0
0.0
0.0
0.003110024188579816
0.0
0.0
0.0
0.0
0.0
0.0
0.0
0.0
0.0
0.0
0.0
0.0
0.0
0.0
0.0
0.0
0.0
0.0026788290261251044
0.0
0.0
0.0
0.0
0.0
0.0021229217761258323
0.006295837176253831
0.0
0.0
0.0
0.0
0.0
0.0
0.0
0.0
0.0
0.0
0.0
0.0
0.0
0.0
0.0
0.0
0.0
0.0
0.0
0.0
0.0026788290261251044
0.0021229217761258323
0.0
0.0
0.0
0.0
0.0
0.0
0.0
0.0
0.0
0.0
0.0
0.0
0.0
0.0
0.0
0.0
0.0
0.0
0.0
0.0
0.0
0.0
0.0
0.0
0.0
0.0
0.0
0.0
0.0
0.0
0.0
0.0
0.0
0.0
0.0
0.0
0.0
0.01920700320900375
0.0
0.0
0.0
0.0
0.0
0.0
0.0
0.0
0.0
0.0
0.0
0.0
0.0
0.0
0.0
0.0
0.0
0.0
0.0
0.0
0.0
0.0
0.0
0.0
0.0
0.0
0.0
0.0
0.0
0.0
0.0
0.0
0.0
0.0
0.0
0.0
0.0
0.0
0.0
0.0
0.0
0.0
0.0
0.0
0.0
0.0
0.0
0.0
0.0
0.0
0.0
0.0
0.0
0.0
0.004633612916950272
0.0
0.0
0.0154163596828801
0.0
0.0
0.0
0.0
0.0
0.0
0.0
0.004633612916950272
0.0
0.0
0.0
0.0
0.0
0.0
0.0
0.0
0.0
0.0
0.0
0.0
0.0
0.0
0.0
0.0
0.0
0.0
0.0
0.0
0.0
0.0
0.0
0.0
0.0
0.0
0.0
0.0
0.0
0.004801750802250937
0.0
0.0
0.0013394145130625522
0.0
0.0
0.0
0.0
0.00692467257837677
0.0
0.0
0.0
0.0
0.0
0.0
0.0042458435522516646
0.0
0.0
0.0
0.0
0.0
0.0
0.0
0.0
0.0
0.0
0.0
0.0
0.0
0.0
0.0
0.0
0.0
0.0
0.0
0.0
0.0
0.0
0.0
0.0
0.0
0.0
0.0
0.0
0.0
0.015298879316952289
0.005585258065314217
0.0
0.0
0.0
0.0
0.0
0.0
0.0
0.0
0.010715316104500418
0.0
0.0
0.0
0.0
0.0
0.0
0.0
0.0
0.0
0.0
0.0
0.0
0.0
0.0
0.0
0.0
0.0
0.0
0.0
0.0
0.0
0.0
0.0
0.0
0.0
0.0
0.0013394145130625522
0.0
0.0
0.0
0.0
0.0
0.0
0.0
0.0
0.0
0.0
0.0
0.0
0.0
0.0
0.0
0.0
0.0
0.0
0.0
0.0
0.0
0.0
0.0
0.0
0.0
0.0
0.0
0.0
0.0
0.0
0.0
0.0
0.0021229217761258323
0.0
0.0
0.0
0.0
0.0013394145130625522
0.014961159656752081
0.0
0.0
0.0
0.0
0.0
0.0
0.0
0.0
0.0
0.011946054860025649
0.0
0.0
0.0
0.0
0.0
0.0
0.0
0.0
0.0
0.0
0.0026788290261251044
0.0
0.0
0.0
0.0
0.0
0.0
0.0
0.0
0.0
0.0
0.0
0.0
0.0
0.0
0.0
0.0
0.0
0.0
0.0
0.0
0.0
0.0
0.0
0.0
0.0
0.0
0.0
0.0
0.0
0.0
0.0
0.0
0.0
0.006295837176253831
0.0
0.0
0.006368765328377498
0.0
0.0
0.0
0.003462336289188385
0.0
0.0
0.0
0.0
0.0
0.0
0.0
0.11667683197663804
0.0
0.0
0.0
0.0
0.0
0.0
0.0
0.0
0.0
0.0
0.0
0.0
0.0
0.0
0.0
0.006697072565312762
0.0
0.027910469772183897
0.0
0.0
0.0
0.0
0.0
0.0
0.0
0.028513070911069895
0.0
0.0
0.0
0.0
0.0
0.0
0.0
0.0
0.0
0.0
0.0
0.0
0.0
0.0
0.0
0.007029150275006611
0.0
0.0
0.0
0.0
0.0060589245346803905
0.0
0.0
0.0
0.0
0.0
0.0
0.0
0.0
0.0
0.0
0.0
0.0
0.0
0.0
0.0
0.007439896922032484
0.0
0.0
0.0
0.0
0.0
0.0
0.0
0.0
0.0
0.0
0.0
0.0
0.0
0.0
0.0
0.0
0.0
0.0
0.0
0.0
0.0
0.0
0.0
0.0
0.0
0.0
0.0
0.00643904095204665
0.0
0.0
0.0
0.0
0.0
0.0
0.0
0.0
0.0
0.0
0.0
0.0
0.003110024188579816
0.0057888532147049206
0.0
0.0
0.0
0.0
0.0
0.03488808721522987
0.0
0.0
0.0
0.0
0.0
0.0
0.0
0.0
0.0
0.0
0.0
0.0
0.0
0.0
0.0
0.0
0.0
0.011170516130628434
0.0
0.0
0.004956422663191278
0.0
0.0
0.0
0.0
0.0
0.0
0.0
0.0
0.0
0.0
0.0
0.0
0.0
0.0
0.0
0.0
0.0
0.0
0.0
0.0
0.0
0.0
0.0
0.0
0.0
0.0
0.0
0.0
0.0
0.0
0.0
0.0
0.0
0.0021229217761258323
0.0
0.0
0.0
0.0
0.0
0.0
0.0
0.0
0.003462336289188385
0.0
0.0
0.0
0.0
0.0
0.0
0.0
0.030974548422120354
0.0
0.0
0.0
0.0
0.0
0.0
0.0
0.0
0.0
0.0
0.0
0.0
0.0
0.0
0.0
0.0
0.0
0.0
0.0
0.0
0.0
0.0
0.014058300550013222
0.0
0.0
0.032534251245279644
0.0
0.0
0.003110024188579816
0.0
0.0
0.0
0.0
0.0
0.0
0.0
0.0
0.0
0.0
0.0
0.0
0.0
0.0
0.0
0.0
0.0
0.0
0.0
0.0
0.0
0.0
0.0
0.0
0.0
0.0
0.0
0.0
0.0
0.0
0.012591674352507663
0.0
0.0
0.0
0.0
0.004956422663191278
0.0
0.0
0.0
0.0
0.007079344439317111
0.0
0.0
0.0
0.0
0.0
0.0
0.0
0.0
0.005585258065314217
0.0
0.0
0.0
0.0
0.0
0.0
0.0
0.0
0.0
0.0
0.0
0.01853445166780109
0.0021229217761258323
0.0
0.0
0.0
0.0
0.0
0.0
0.0
0.0
0.0
0.0
0.0
0.0
0.0
0.0
0.0
0.0
0.0
0.0
0.0
0.0
0.0
0.013394145130625524
0.0
0.0
0.0
0.0
0.0
0.0
0.0
0.005357658052250209
0.0013394145130625522
0.0
0.0
0.0
0.0
0.0
0.0
0.06194909684424071
0.0
0.0
0.0
0.0
0.0
0.005474807051174599
0.0
0.0
0.0
0.0
0.0
0.0
0.0
0.0
0.0
0.0
0.0
0.0
0.0
0.007398339047742943
0.0
0.0
0.0
0.0
0.0
0.0
0.0
0.0
0.0
0.0
0.0
0.0
0.0
0.0
0.0
0.0
0.0
0.003760211925921545
0.0
0.0
0.005357658052250209
0.004449438701642368
0.0
0.003110024188579816
0.006220048377159632
0.0
0.0
0.0
0.0
0.0
0.0
0.0
0.0
0.04360810658500681
0.0
0.0
0.0
0.0
0.0
0.0
0.0
0.0
0.0
0.0
0.0
0.0
0.0
0.0
0.0
0.0
0.0
0.0
0.0
0.0
0.0
0.0
0.0
0.0
0.0
0.0
0.0
0.0
0.0
0.0
0.0
0.0
0.0
0.0
0.0
0.0
0.0
0.0
0.0
0.0
0.0
0.0
0.0
0.0
0.0
0.0
0.0
0.0
0.0
0.0
0.0
0.008491687104503329
0.0
0.0
0.0
0.0
0.0
0.0
0.0
0.0
0.0
0.0
0.003110024188579816
0.0
0.0
0.0
0.0
0.0
0.0
0.0
0.0
0.038718185527650446
0.0013394145130625522
0.0
0.0
0.0
0.0
0.0
0.0
0.0
0.0
0.0
0.0
0.0
0.0
0.0
0.0
0.0
0.0
0.0
0.0
0.0
0.0
0.0
0.0
0.0
0.0
0.0
0.0
0.0
0.0
0.0
0.0
0.0
0.03677933870415741
0.0
0.0
0.0
0.0
0.06242276042926219
0.0
0.0
0.0
0.0
0.0
0.0
0.0
0.0
0.0
0.0
0.0
0.0
0.0
0.0
0.0
0.0
0.0
0.0
0.0
0.0
0.0
0.0
0.00752042385184309
0.0
0.0
0.007128267727767474
0.0
0.0
0.003760211925921545
0.0
0.0026788290261251044
0.0
0.0026788290261251044
0.0
0.0
0.0
0.0
0.0
0.0
0.0
0.0
0.0
0.0
0.0
0.0
0.0
0.0
0.0
0.0
0.0
0.0
0.0
0.0
0.0
0.0
0.0
0.0
0.003110024188579816
0.0
0.0
0.0
0.0
0.0
0.0
0.0
0.0
0.008491687104503329
0.012282330630626977
0.0
0.0
0.0
0.0
0.0
0.0
0.0
0.0
0.0
0.0
0.0
0.0
0.0
0.0
0.0
0.0
0.0
0.0
0.0
0.0
0.0
0.0
0.0
0.0
0.0
0.0
0.0
0.0
0.0
0.0
0.0
0.0
0.0021229217761258323
0.0
0.0
0.006368765328377498
0.0
0.0
0.0
0.0
0.0
0.0
0.0
0.0
0.0
0.0
0.0
0.0
0.0
0.0
0.0026788290261251044
0.0
0.0
0.0
0.0
0.0
0.0
0.0
0.0
0.0
0.0
0.0
0.0
0.0
0.0
0.0
0.0
0.0
0.0
0.0
0.0
0.0
0.0
0.0
0.0
0.0
0.0
0.0
0.0
0.0073558677408314815
0.0
0.0
0.0
0.030688239146039204
0.0
0.0
0.0
0.0
0.0
0.030390915309201728
0.010949614102349198
0.0
0.0061411653153134885
0.0
0.0
0.0
0.0
0.0
0.0
0.0
0.0
0.0
0.0
0.0
0.0
0.0
0.0
0.0
0.0
0.0
0.0
0.0
0.0
0.0
0.0
0.0
0.0
0.0
0.0
0.0
0.0
0.0
0.0
0.0
0.0
0.0
0.0
0.0
0.0
0.0
0.0
0.0
0.0
0.0
0.0
0.0
0.003110024188579816
0.011946054860025649
0.0
0.0
0.0
0.0
0.0
0.0060589245346803905
0.0
0.0
0.0
0.0
0.0
0.0
0.0
0.0
0.0
0.0
0.0
0.0
0.0
0.0
0.0
0.0
0.0
0.0
0.007128267727767474
0.0
0.0
0.0
0.003760211925921545
0.0
0.0013394145130625522
0.0
0.0
0.0
0.045811510135898306
0.007480579828376041
0.0
0.0
0.0
0.23335366395327609
0.0
0.0
0.15487274211060179
0.0
0.0616654387315204
0.0
0.010949614102349198
0.0073558677408314815
0.00752042385184309
0.0
0.0
0.0907135546826662
0.21481767402227442
0.0
0.029759587688129936
0.0
0.0
0.0
0.0
0.0
0.0
0.31113821860436813
0.0
0.015344119573019602
0.0
0.0
0.006977617443045974
0.0
0.010715316104500418
0.0
0.0
0.0
0.0
0.0
0.0
0.0
0.0
0.0
0.0
0.014961159656752081
0.003760211925921545
0.0021229217761258323
0.0
0.0013394145130625522
0.0
0.0
0.0
0.0
0.003110024188579816
0.0
0.0
0.0
0.08518000816083098
0.0
0.0
0.0
0.0
0.0
0.0
0.0
0.0
0.0
0.0073558677408314815
0.015195457654600864
0.0
0.0
0.0
0.0
0.0
0.0
0.0
0.0
0.0
0.0
0.0
0.0
0.0
0.0
0.0
0.0059730274300128245
0.0
0.0
0.0
0.0
0.0
0.0
0.0
0.0
0.0
0.0
0.0
0.0
0.0
0.01736655964411476
0.0
0.0
0.0
0.0
0.0
0.0
0.0
0.0
0.0
0.0
0.0
0.011280635777764635
0.0
0.0
0.0
0.0
0.0
0.0
0.02219501714322883
0.0
0.0
0.0
0.0
0.0
0.0
0.0
0.0
0.0
0.0
0.0
0.0
0.0
0.0
0.0
0.0
0.0
0.0
0.0
0.0
0.0
0.0
0.0
0.0
0.0
0.0
0.0
0.0
0.0
0.0
0.0
0.0
0.0
0.0
0.0
0.0
0.0
0.0
0.0
0.0
0.0
0.0
0.0
0.0
0.0
0.0
0.0
0.0
0.0
0.0
0.0
0.01952055074716779
0.0
0.0
0.0
0.0
0.0
0.0
0.0
0.0
0.0
0.0
0.0
0.0
0.0
0.0
0.004633612916950272
0.003760211925921545
0.006368765328377498
0.0
0.0
0.0
0.0
0.0
0.0
0.0
0.0
0.0
0.0
0.0
0.0131447209555364
0.0
0.0
0.0
0.0
0.0
0.0
0.0
0.0
0.0
0.0
0.0
0.0
0.0065723604777682
0.0
0.038718185527650446
0.0
0.0
0.0
0.0
0.0
0.0
0.0
0.0
0.0
0.0
0.0
0.0
0.0
0.0
0.0
0.0
0.0
0.0
0.0
0.0
0.0
0.0
0.0
0.0
0.0
0.0
0.0
0.0
0.0
0.0
0.0
0.0
0.0
0.0
0.0
0.0
0.0
0.0
0.0
0.0
0.0
0.0
0.0
0.0
0.0
0.0
0.0
0.0
0.0
0.0
0.0
0.0
0.0
0.0
0.0
0.0
0.0
0.0
0.0
0.022793186481901293
0.0
0.0
0.0
0.0
0.0
0.0
0.0
0.0
0.0
0.0
0.0
0.0
0.0
0.01384934515675354
0.0
0.0
0.0
0.0
0.0
0.0
0.0
0.0
0.0
0.0
0.0
0.0
0.0
0.0
0.0
0.0
0.0
0.0
0.0
0.0
0.0
0.0
0.0
0.0
0.0
0.0
0.0
0.0
0.0
0.0
0.004801750802250937
0.0
0.0
0.0
0.0
0.0
0.0
0.0
0.0
0.0
0.006295837176253831
0.013271444877386258
0.0
0.0
0.0
0.0
0.0
0.0
0.0
0.0
0.0
0.0
0.0
0.0
0.0
0.0
0.0
0.0
0.0
0.0
0.0
0.0
0.0
0.0
0.0
0.0
0.0
0.0
0.0
0.02889019286043972
0.0
0.0
0.0
0.0
0.0
0.0
0.0
0.0
0.0
0.0
0.01444509643021986
0.0
0.0
0.0059730274300128245
0.0021229217761258323
0.0
0.0
0.0
0.0
0.0
0.0042458435522516646
0.0
0.0
0.0
0.0
0.0
0.0
0.0
0.0
0.0
0.0
0.0
0.0
0.0013394145130625522
0.0
0.0
0.0
0.0
0.0
0.0
0.0
0.0
0.0
0.0
0.0
0.0
0.0
0.0
0.0
0.0
0.0
0.0
0.0
0.0
0.0
0.0
0.0
0.0
0.0
0.0
0.0
0.0
0.0
0.0
0.04333528929065958
0.0013394145130625522
0.0
0.0
0.0
0.0
0.0
0.07635251689316384
0.0
0.0
0.0
0.0
0.0
0.0
0.0
0.0
0.0
0.0
0.0
0.0
0.0
0.0
0.0
0.0
0.02312453952432015
0.0
0.0
0.00643904095204665
0.0
0.0
0.0
0.0
0.0
0.0
0.0
0.0026788290261251044
0.0
0.0
0.0
0.0
0.0
0.0
0.0
0.014256535455534947
0.0042458435522516646
0.0
0.0
0.0
0.0
0.0
0.0
0.0
0.0
0.0
0.0
0.0
0.0
0.0
0.0
0.0
0.0
0.007439896922032484
0.0
0.0
0.0
0.0
0.0
0.0
0.0
0.0
0.012591674352507663
0.0
0.005585258065314217
0.0
0.0
0.0
0.0
0.0
0.0026788290261251044
0.0
0.0
0.0
0.0
0.0
0.012737530656754996
0.0
0.022067603222494445
0.005099626438984097
0.0
0.0
0.0
0.0
0.06137647829207841
0.0
0.0
0.007559462890222184
0.0
0.007128267727767474
0.0
0.0
0.03413841457166435
0.050231880366309815
0.013740472229002723
0.0
0.00692467257837677
0.0
0.12445528744174723
0.0
0.0
0.0
0.0
0.0
0.011170516130628434
0.007079344439317111
0.0
0.0
0.0021229217761258323
0.0
0.0
0.0
0.0
0.009267225833900545
0.0
0.0013394145130625522
0.0
0.22557520848816687
0.0
0.0
0.0
0.0
0.0
0.028317377757268444
0.0
0.0
0.0
0.0
0.0
0.0
0.0
0.0
0.0
0.0
0.0
0.10111992104641963
0.0
0.0
0.0
0.0
0.0
0.004018243539187657
0.0
0.0
0.0
0.0
0.028703931637891325
0.012591674352507663
0.0
0.0
0.011170516130628434
0.0
0.0
0.021937325829226133
0.014961159656752081
0.0042458435522516646
0.01444509643021986
0.0
0.02166764464532979
0.022793186481901293
0.0
0.0
0.0
0.0
0.0
0.0
0.0
0.0
0.0
0.06500293393598937
0.0
0.0
0.0
0.0
0.0
0.0
0.0
0.0042458435522516646
0.005474807051174599
0.0
0.0
0.008491687104503329
0.0
0.0
0.0
0.0
0.0
0.0
0.0
0.0
0.06837955944570388
0.0
0.0
0.0
0.0
0.0
0.0
0.0
0.0
0.0128780819040933
0.0515123276163732
0.11615455658295133
0.0
0.0
0.0
0.022793186481901293
0.0
0.0
0.0
0.0
0.0
0.0
0.0
0.0
0.0
0.0
