0.0
0.0
0.0
0.0
0.0
0.0
0.0
0.0
0.0
0.0
0.0
0.0
0.0
0.0
0.0
0.0
0.0
0.0
0.0
0.0
0.0
0.0
0.0
0.0
0.0
0.0
0.0
0.0
0.0
0.0
0.0
0.0
0.0
0.0
0.0
0.0
0.0
0.0
0.0
0.0
0.0
0.0
0.0
0.0
0.0
0.0
0.005165884596148433
0.0
0.0
0.0
0.0
0.0
0.0
0.0
0.0
0.0
0.0
0.0
0.0
0.0
0.0
0.0
0.0
0.0
0.0
0.0
0.0
0.0
0.0
0.0
0.0
0.0
0.0
0.007521443463752734
0.0
0.0
0.0
0.0
0.0
0.0
0.0
0.0
0.008649397674759382
0.0
0.0
0.016647840887457622
0.0
0.0
0.0
0.0
0.0
0.006112763669480625
0.0
0.0
0.0
0.0018401252209186941
0.0
0.0
0.0
0.0
0.0
0.0
0.0
0.0
0.0
0.0
0.0
0.0
0.0
0.0
0.0
0.0
0.0
0.0
0.0
0.0
0.0
0.0
0.0
0.0
0.0
0.0
0.0
0.0
0.0
0.0
0.0
0.0
0.0
0.0
0.0
0.0
0.0
0.0
0.0
0.0
0.0
0.0
0.0
0.0
0.0
0.0
0.0
0.0
0.0
0.0
0.0
0.0
0.0
0.0
0.0
0.0
0.0
0.0
0.0
0.0
0.0
0.0
0.0
0.0
0.0
0.0
0.0
0.0
0.0
0.0
0.0
0.0
0.0
0.0
0.0
0.0
0.0
0.0
0.0
0.0
0.0
0.0
0.0
0.0
0.0
0.0018401252209186941
0.0
0.0
0.0
0.0
0.0
0.0
0.0
0.0
0.0
0.0
0.0
0.0
0.0
0.0
0.0
0.0
0.0
0.0
0.0
0.0
0.0
0.0
0.0
0.0
0.0
0.0
0.0
0.0
0.0
0.0
0.0
0.0
0.0
0.0
0.0
0.0
0.006365787371498072
0.0
0.0
0.0
0.0
0.0
0.0
0.0
0.0
0.0
0.0
0.0
0.0
0.0
0.0
0.0
0.0
0.0
0.0
0.0
0.0
0.0
0.0
0.017692270075971645
0.0
0.0
0.0
0.0
0.0
0.0
0.0
0.0
0.0
0.0
0.0
0.0
0.005833058943574727
0.0
0.0
0.0
0.0
0.0
0.0
0.0
0.0
0.0
0.0
0.0
0.0
0.006112763669480625
0.0
0.0
0.0
0.0
0.0
0.0
0.0
0.0
0.0
0.0
0.0
0.0
0.0
0.0073605008836747764
0.0
0.0
0.0
0.006365787371498072
0.0
0.0
0.0
0.0
0.006809272453840687
0.0
0.0
0.0
0.0
0.0
0.0036802504418373882
0.0
0.0
0.0
0.0
0.0
0.0
0.0
0.0
0.0
0.0
0.0
0.0
0.006112763669480625
0.0
0.0
0.0
0.0
0.0
0.0
0.0
0.006596779913624753
0.0
0.0
0.0
0.0
0.0
0.0
0.0
0.0
0.0
0.0
0.0
0.011040751325512166
0.0
0.0
0.0
0.0
0.0
0.0
0.0
0.0
0.0
0.0
0.0
0.0
0.0
0.0
0.0
0.0
0.0
0.0
0.0
0.0
0.0
0.0
0.0
0.07378063624300471
0.0
0.0
0.0
0.0
0.0
0.0
0.0
0.0
0.0
0.0
0.0
0.0
0.0
0.0
0.0
0.0
0.0
0.0
0.0
0.00936156868467143
0.0
0.0
0.0
0.0
0.0
0.005165884596148433
0.0
0.0
0.0
0.0
0.0
0.0
0.0
0.0
0.0
0.0
0.0
0.0
0.0
0.0
0.0
0.0
0.0
0.0
0.0
0.0
0.0
0.008545276897123862
0.0
0.0
0.0
0.006809272453840687
0.0
0.0
0.0
0.0
0.0
0.0
0.0
0.0
0.0
0.0
0.0
0.0
0.0
0.004272638448561931
0.0
0.0
0.0
0.0029165294717873637
0.0
0.0
0.0
0.0
0.0
0.0
0.0
0.0
0.0
0.0
0.004756654692706058
0.0
0.0
0.0029165294717873637
0.0
0.0
0.0
0.0
0.0
0.0
0.0
0.0
0.0
0.0
0.0
0.0
0.0
0.0
0.0
0.0
0.0
0.0
0.0
0.0
0.0
0.0
0.0
0.0
0.0
0.0
0.0
0.0
0.0
0.0
0.0
0.03744627473868572
0.010385402118042555
0.0
0.0
0.0
0.05270045445928908
0.009586046525293608
0.007673184164493422
0.0
0.0
0.018232683160250458
0.0
0.0
0.0
0.0
0.0
0.0
0.0
0.0
0.0
0.0
0.0
0.0
0.0
0.0
0.004756654692706058
0.0
0.0
0.0
0.0
0.0
0.0
0.0
0.0
0.0
0.007673184164493422
0.0
0.0
0.0
0.0
0.006596779913624753
0.0
0.0
0.0
0.0
0.0
0.0
0.0
0.0
0.008082414067935795
0.0
0.0
0.0073605008836747764
0.0
0.0
0.0
0.0
0.0
0.03191527746018001
0.0
0.0
0.0
0.0
0.0
0.005833058943574727
0.0
0.0
0.0
0.0
0.0
0.0
0.0
0.0641175615534271
0.2446837938613801
0.0
0.0
0.0
0.007006009817067126
0.0
0.0
0.010638425820060004
0.0
0.0
0.0
0.0
0.0
0.0
0.0
0.0
0.0
0.0
0.0
0.0
0.0
0.0
0.0
0.0
0.0
0.0
0.0
0.0
0.0
0.0
0.0
0.010105697392136659
0.0
0.0
0.0
0.0
0.0
0.0
0.0
0.0
0.009858566566081245
0.0
0.0
0.02784695052985631
0.008545276897123862
0.0
0.0
0.0
0.0
0.0
0.0
0.0
0.0
0.0
0.0018401252209186941
0.0
0.0
0.0
0.0
0.0
0.0
0.0
0.0
0.0
0.0
0.0
0.0
0.0
0.0
0.009438523044710365
0.0
0.0
0.0
0.0
0.0
0.0
0.0
0.0
0.0
0.0
0.0
0.0
0.0
0.0
0.0
0.0
0.0
0.0
0.0
0.0
0.0
0.0
0.0
0.0
0.0
0.0
0.00936156868467143
0.0
0.0
0.0
0.0
0.0
0.0
0.0
0.0
0.0
0.0
0.0
0.0
0.0
0.0
0.0
0.0
0.0
0.0
0.0
0.0
0.0
0.0
0.008939293351877941
0.0
0.0
0.0
0.0
0.0
0.0
0.0
0.006112763669480625
0.0
0.0
0.0
0.0
0.0
0.0
0.0
0.0
0.0
0.0
0.0
0.0
0.0
0.0
0.0
0.0
0.0
0.0
0.0
0.0
0.0
0.0
0.0
0.041029562962083835
0.0
0.0
0.0
0.0036802504418373882
0.0
0.0
0.0
0.0
0.0
0.0
0.0
0.0
0.0
0.0
0.0
0.0
0.0
0.0
0.0
0.0
0.0
0.0
0.0
0.0
0.0
0.0
0.0
0.0
0.0
0.0
0.0
0.0
0.0
0.0
0.0
0.0
0.009029293141267988
0.0
0.0
0.0
0.0
0.0
0.041751891742160395
0.0
0.0
0.0
0.0
0.0
0.0
0.008436905134543446
0.0
0.0
0.0
0.0
0.0
0.0
0.0
0.0
0.0
0.0
0.007952888890399318
0.0
0.0
0.0
0.0
0.0
0.0
0.0
0.0
0.0
0.0
0.0
0.0
0.0
0.0
0.0
0.0
0.0
0.0
0.0
0.0
0.0
0.0
0.0
0.0
0.0
0.0
0.0
0.0
0.0
0.0
0.0
0.0
0.0
0.0
0.0
0.0
0.0
0.007521443463752734
0.0
0.0
0.0
0.01958602822263603
0.008436905134543446
0.0
0.0
0.0
0.0
0.0
0.0
0.05294856818140393
0.010385402118042555
0.0
0.0
0.0
0.0
0.0
0.0
0.0
0.0
0.0
0.0
0.0
0.0
0.0
0.0
0.0
0.0
0.0
0.0
0.010331769192296865
0.0
0.0
0.0
0.0
0.0
0.0
0.0
0.0
0.0
0.0
0.0
0.0
0.0
0.0
0.0
0.0
0.0
0.0
0.006809272453840687
0.0
0.0
0.0
0.0
0.0
0.008749588415362091
0.0
0.0
0.0
0.0
0.0
0.0
0.0
0.0
0.0
0.0
0.0
0.0
0.0
0.0
0.008082414067935795
0.0
0.0
0.0
0.01887704608942073
0.0
0.0
0.0
0.0
0.0
0.0
0.0
0.007673184164493422
0.0
0.0
0.0
0.0
0.0
0.0
0.0
0.0
0.0
0.0
0.0
0.0
0.0
0.0
0.0
0.0
0.0
0.008323920443728811
0.0
0.0
0.0
0.0
0.0
0.0
0.0
0.0
0.0
0.0
0.0
0.0
0.0
0.0
0.0
0.0
0.0
0.0
0.0
0.0
0.0
0.0
0.0
0.0
0.0
0.0
0.0
0.0
0.0
0.0
0.0
0.0
0.0
0.0
0.0
0.0
0.0
0.0
0.0
0.0
0.0
0.0
0.01984507857770898
0.0
0.0
0.0
0.0
0.0
0.0
0.0
0.0
0.0
0.0
0.0
0.0
0.0
0.0
0.0
0.0
0.0
0.0
0.0
0.0
0.0
0.0
0.0
0.0
0.0
0.0
0.0
0.0
0.0
0.0
0.01687381026908689
0.0
0.0
0.0
0.0
0.0
0.0
0.0
0.0
0.0
0.008082414067935795
0.0
0.0
0.0
0.0
0.0
0.0
0.0
0.0
0.0
0.0
0.0
0.051105695189029146
0.0
0.0
0.0
0.0
0.0
0.0
0.0
0.0
0.0
0.0
0.0
0.0
0.0
0.0
0.0
0.0
0.0
0.0
0.0
0.0
0.0
0.0
0.0
0.0
0.0
0.0
0.0
0.0
0.0
0.0
0.0
0.0
0.0
0.0
0.0
0.0
0.0
0.0
0.0
0.0
0.0
0.0
0.0
0.0
0.0
0.0
0.0
0.010164045664647505
0.0
0.0
0.0
0.0
0.0
0.05343130129452258
0.0018401252209186941
0.0
0.0
0.010686260258904515
0.0
0.00936156868467143
0.0
0.0
0.0
0.0
0.026817880055633826
0.009116341580125229
0.0
0.0
0.0
0.0
0.029955019891528573
0.0
0.0
0.0
0.0
0.0
0.0
0.0
0.0
0.0
0.0
0.022564330391258203
0.0
0.0
0.0
0.0
0.0
0.0
0.0
0.0
0.0
0.0
0.0
0.0
0.0
0.007673184164493422
0.0
0.0
0.00936156868467143
0.0
0.006596779913624753
0.0
0.0
0.0
0.0
0.0
0.0
0.013618544907681374
0.0
0.0
0.0
0.0
0.0
0.0
0.0
0.0
0.0
0.0
0.0
0.0
0.0
0.0
0.0
0.0
0.0
0.0
0.0
0.0
0.0
0.0
0.0
0.0
0.0
0.0
0.0
0.0
0.0
0.0
0.0
0.0
0.0
0.0
0.0
0.0
0.0
0.0
0.0
0.0018401252209186941
0.0
0.0
0.00992253928885449
0.0
0.0
0.006809272453840687
0.0
0.0
0.0
0.0
0.0
0.0
0.0
0.0
0.0
0.0
0.0
0.0
0.0
0.0
0.0
0.030995307576890594
0.0
0.0
0.0
0.0
0.0
0.0
0.0
0.0
0.0
0.0
0.0
0.0
0.0
0.0
0.0
0.0
0.0
0.0
0.0
0.0
0.0
0.0
0.0
0.0
0.0
0.0
0.0
0.0
0.0
0.0
0.0
0.0
0.0
0.0
0.0
0.0
0.0
0.008205912592416768
0.006809272453840687
0.030317092176409974
0.0
0.009656843775040672
0.0
0.0
0.010105697392136659
0.0
0.0
0.0
0.0
0.0
0.0
0.0
0.0
0.0
0.0
0.0
0.0
0.0
0.0
0.0
0.0
0.0
0.0
0.0
0.0
0.0
0.030317092176409974
0.0018401252209186941
0.03066341711341749
0.0
0.007189167920349295
0.0
0.0
0.0
0.004272638448561931
0.0
0.0
0.0
0.0
0.0
0.0073605008836747764
0.0
0.0
0.0
0.0
0.0
0.0
0.0
0.0
0.0
0.0
0.006365787371498072
0.0
0.0
0.0
0.0
0.0
0.0
0.0
0.18972163605344067
0.0
0.0
0.0
0.0
0.0
0.0
0.0
0.006809272453840687
0.0
0.0
0.0
0.0
0.0
0.0
0.0
0.0
0.0
0.0
0.0
0.0
0.0
0.0
0.0
0.0
0.0
0.0
0.0
0.0
0.0
0.0
0.0
0.0
0.0
0.0
0.0
0.0
0.0
0.0
0.0
0.0
0.0
0.0
0.0
0.0
0.0
0.0
0.0
0.0
0.0
0.0
0.0
0.0
0.02077080423608511
0.0
0.0
0.0
0.0
0.008323920443728811
0.0
0.0
0.005165884596148433
0.005833058943574727
0.0
0.0
0.0
0.0
0.0
0.0
0.0
0.0
0.009438523044710365
0.0
0.0
0.0
0.0
0.004272638448561931
0.0
0.030831091066386422
0.0
0.0
0.0
0.0
0.0
0.0
0.0
0.0
0.0
0.0
0.0
0.0
0.0
0.0
0.0
0.0
0.0
0.0
0.0
0.0
0.0
0.0
0.0
0.0
0.0
0.0
0.0
0.0
0.0
0.0
0.0
0.0
0.0
0.0
0.0
0.0
0.0
0.0
0.0
0.0
0.0
0.0
0.0
0.0
0.0
0.0
0.0018401252209186941
0.0
0.0
0.0
0.0
0.0
0.0
0.0
0.0
0.0
0.0
0.0
0.0
0.0
0.0
0.0
0.0
0.0
0.0
0.0
0.0
0.0
0.0
0.0
0.0
0.0
0.0
0.0
0.0
0.0
0.0
0.0
0.0
0.0
0.0
0.0
0.0
0.0
0.0
0.0
0.0
0.0
0.0
0.0
0.0
0.0
0.0
0.0
0.0
0.0
0.0
0.0
0.0
0.0
0.0
0.0
0.0
0.0
0.018401252209186945
0.0
0.0
0.0
0.0
0.0
0.0
0.0
0.0
0.0
0.0
0.0
0.0
0.0
0.0
0.0
0.0
0.0
0.0
0.0
0.0
0.0
0.0
0.0
0.0
0.0
0.0
0.0
0.0
0.0
0.0
0.0
0.0
0.0
0.0
0.0
0.0
0.0
0.0
0.0
0.0
0.0036802504418373882
0.0
0.0
0.0
0.0
0.0
0.0
0.0
0.006112763669480625
0.0
0.0
0.0
0.0
0.0
0.0
0.0
0.0
0.0
0.0
0.0
0.0
0.0
0.009029293141267988
0.018232683160250458
0.0
0.010046037813335462
0.0
0.0
0.0
0.0
0.0
0.0
0.0
0.0
0.15957638730090007
0.0
0.0
0.0
0.0
0.0
0.008846135037985823
0.0
0.0
0.0
0.0
0.0
0.0
0.0
0.0
0.0
0.0
0.0
0.0
0.0
0.0
0.018232683160250458
0.0
0.0
0.007006009817067126
0.0
0.0
0.0
0.0
0.0
0.0
0.0
0.0
0.009985006630509524
0.0
0.009116341580125229
0.0
0.0
0.0
0.0
0.0
0.0
0.0
0.0
0.0
0.0
0.0
0.0
0.0
0.0
0.0
0.0
0.0
0.0
0.0
0.0
0.0
0.0
0.0
0.0
0.0
0.0
0.0
0.0
0.0
0.0
0.0
0.0
0.0
0.0
0.0
0.0
0.0
0.006596779913624753
0.0
0.0
0.0
0.0
0.009438523044710365
0.0
0.005520375662756083
0.0
0.0
0.0
0.0
0.0
0.0
0.009656843775040672
0.0
0.0
0.0
0.0
0.0
0.0
0.0
0.0
0.017499176830724182
0.007952888890399318
0.0
0.0
0.0
0.0
0.0
0.0
0.0
0.0
0.0
0.0
0.0
0.0
0.0
0.0
0.010437972935540099
0.0
0.0
0.0
0.0
0.0
0.0
0.0
0.0
0.07154797326464081
0.0
0.0
0.0
0.0
0.0
0.016647840887457622
0.0
0.0
0.0
0.0
0.0
0.0
0.0
0.0
0.0
0.0
0.0
0.0
0.0
0.004756654692706058
0.0
0.0
0.0
0.0
0.0
0.0
0.0
0.007816718554121978
0.0
0.0
0.0
0.0
0.0
0.0
0.0
0.0
0.0
0.0
0.0
0.0
0.0
0.0
0.0
0.0
0.0
0.0
0.0
0.0
0.0
0.013193559827249506
0.0018401252209186941
0.0
0.018401252209186945
0.0
0.0
0.0
0.0
0.0
0.0
0.0
0.0
0.0
0.01687381026908689
0.0
0.0
0.0
0.0
0.0
0.0
0.0
0.0
0.0
0.0
0.0
0.0
0.0
0.0
0.0
0.0
0.0
0.0
0.0
0.0
0.0
0.0
0.0
0.0
0.0
0.0
0.0
0.0
0.0
0.0
0.0
0.0
0.0
0.0
0.0
0.0
0.0
0.0
0.0
0.0
0.0018401252209186941
0.0036802504418373882
0.0
0.0
0.0
0.0
0.0
0.0
0.0
0.0
0.0
0.0
0.0
0.0
0.008436905134543446
0.02208150265102433
0.0
0.0
0.0
0.0
0.0
0.009513309385412116
0.0
0.0
0.0
0.0
0.0
0.0
0.0
0.0
0.0
0.0
0.0
0.0
0.0
0.0
0.0
0.0
0.0
0.0
0.0
0.0
0.0
0.0
0.0
0.0
0.0
0.0
0.0
0.0
0.0
0.0
0.005833058943574727
0.0
0.0
0.0
0.008323920443728811
0.0
0.0
0.006365787371498072
0.0
0.0
0.0
0.0
0.0
0.0
0.0
0.0
0.0
0.0
0.0036802504418373882
0.0
0.0
0.0
0.0
0.0
0.0
0.0
0.0
0.0
0.0
0.0
0.0
0.0
0.0
0.0
0.0
0.0
0.0
0.0
0.0
0.0
0.0
0.0
0.0
0.0
0.0
0.0
0.0
0.0
0.0
0.0
0.0
0.0
0.0
0.0
0.0
0.0
0.0
0.005833058943574727
0.0
0.0
0.0
0.0
0.0
0.0
0.0
0.0
0.0
0.0
0.0
0.0
0.0
0.0
0.0
0.0
0.0
0.0
0.0
0.0
0.0
0.0
0.0
0.0
0.0
0.0
0.019172093050587216
0.025635830691371583
0.0
0.0
0.0
0.0
0.0
0.0
0.0
0.0
0.0
0.0
0.0
0.0
0.0
0.0
0.0
0.0
0.0
0.0
0.0
0.0
0.0
0.0
0.0
0.0
0.0
0.0
0.0
0.0
0.0
0.0
0.0
0.0
0.0
0.0
0.0
0.0
0.0
0.0
0.0
0.0
0.0
0.0
0.0
0.004756654692706058
0.0
0.0
0.0
0.0
0.0
0.0
0.0
0.0
0.0
0.0
0.0
0.0018401252209186941
0.0
0.0
0.0
0.0
0.0
0.0
0.0
0.0
0.0
0.0
0.0
0.0
0.0
0.0
0.0
0.008323920443728811
0.0
0.0
0.0
0.0
0.01027703035546214
0.0
0.0
0.0
0.0
0.0
0.0
0.00992253928885449
0.0
0.017692270075971645
0.0
0.0
0.0
0.0
0.0
0.0
0.0
0.006112763669480625
0.0
0.0
0.007006009817067126
0.0
0.0
0.0
0.0
0.0
0.0
0.0
0.0
0.0
0.0
0.0
0.0
0.0
0.0
0.0
0.0
0.0029165294717873637
0.0
0.0
0.0
0.0
0.0
0.0
0.0
0.0
0.0
0.0
0.0
0.0
0.0
0.0
0.0
0.0
0.0
0.0
0.0
0.0
0.0
0.0
0.0
0.0
0.0
0.0
0.0
0.007952888890399318
0.0
0.014012019634134253
0.0
0.0
0.0
0.0
0.0
0.0
0.0
0.0
0.0
0.0
0.0
0.0
0.0
0.0
0.0
0.0
0.0
0.0
0.0
0.0
0.0
0.0
0.0
0.0
0.01958602822263603
0.0
0.0
0.0
0.0
0.0
0.0
0.0
0.009200626104593473
0.0
0.0
0.004756654692706058
0.0
0.0029165294717873637
0.006596779913624753
0.0
0.0
0.0
0.0
0.0
0.0
0.0
0.0
0.0
0.0
0.0
0.0
0.0
0.0
0.005833058943574727
0.0
0.0
0.0
0.0
0.0
0.0
0.0
0.0
0.0
0.0
0.0
0.0
0.0
0.0
0.0
0.0
0.0
0.0
0.0
0.0
0.0
0.0
0.0
0.0
0.0
0.0
0.0
0.0
0.0
0.0
0.0
0.0
0.0018401252209186941
0.0
0.007952888890399318
0.0
0.0
0.0
0.0
0.0
0.0
0.0
0.0
0.0
0.0
0.0
0.0
0.0
0.0
0.0
0.0
0.0
0.0
0.0
0.0
0.0
0.0
0.0
0.0
0.0
0.0
0.0
0.0
0.0
0.0
0.0
0.0
0.0
0.0
0.0
0.0
0.0
0.0
0.01687381026908689
0.01971713313216249
0.0
0.0
0.0
0.0
0.0
0.0
0.0
0.0
0.0
0.0
0.0
0.0
0.0
0.0
0.0
0.0
0.0
0.0
0.0
0.0
0.0
0.0
0.0
0.0
0.0
0.0
0.0
0.0
0.005165884596148433
0.0
0.0036802504418373882
0.0
0.0
0.0
0.0
0.005520375662756083
0.0
0.005520375662756083
0.0
0.005520375662756083
0.0
0.0
0.0
0.0
0.0
0.0
0.0
0.0
0.0
0.0
0.0
0.0
0.0
0.0
0.0
0.0
0.0
0.0
0.0
0.0
0.0
0.0
0.0
0.0
0.0
0.0
0.0
0.0
0.0
0.0
0.0
0.0
0.0
0.0
0.0
0.0
0.0
0.0
0.0
0.0
0.0
0.0
0.0
0.0
0.0
0.0
0.0
0.0
0.0
0.010164045664647505
0.0
0.0
0.0
0.0
0.040884556151223314
0.0
0.0
0.02127685164012001
0.0
0.0
0.0
0.0
0.0
0.0
0.0
0.004272638448561931
0.0
0.0
0.0
0.0
0.0
0.0
0.0
0.0
0.0
0.0
0.0
0.0
0.0
0.0
0.0
0.0
0.0
0.0
0.0
0.0
0.0
0.0
0.0
0.0
0.0
0.0
0.0
0.0
0.0
0.0
0.0
0.0
0.0
0.0
0.0
0.0
0.0
0.0
0.0
0.004756654692706058
0.0
0.0
0.0
0.0
0.0
0.0
0.0
0.0
0.0
0.0
0.0
0.0
0.0
0.0
0.0
0.0
0.0
0.0
0.0
0.0
0.0
0.0
0.0
0.0
0.0
0.0
0.0
0.0
0.0
0.0
0.0
0.0
0.0
0.0
0.0
0.0
0.0
0.0036802504418373882
0.0018401252209186941
0.0
0.0
0.0
0.0
0.0
0.0
0.0
0.004272638448561931
0.0029165294717873637
0.0
0.0
0.0
0.0
0.0
0.016411825184833535
0.0
0.0
0.0
0.0
0.018232683160250458
0.0
0.008939293351877941
0.0
0.0
0.009793014111318015
0.008749588415362091
0.005165884596148433
0.03538454015194329
0.0
0.0
0.0
0.0
0.006365787371498072
0.0
0.0
0.0
0.0
0.0
0.0
0.009985006630509524
0.0
0.0
0.0
0.0
0.0
0.0
0.0
0.0
0.0
0.0
0.0
0.0018401252209186941
0.0
0.0
0.0
0.0
0.0
0.0
0.0
0.0
0.0
0.0
0.0
0.0
0.0
0.0
0.0
0.0
0.0
0.0
0.0
0.0
0.0
0.0
0.0
0.0
0.0
0.0
0.0
0.0
0.0
0.0
0.0
0.0
0.0
0.0
0.0
0.0
0.0
0.0
0.0
0.0
0.0
0.0
0.0
0.0
0.006596779913624753
0.029379042333954046
0.0
0.0
0.0
0.0
0.0
0.0
0.0
0.0
0.0
0.0
0.0
0.0
0.0
0.0
0.007952888890399318
0.0
0.0
0.0
0.0
0.0
0.0
0.0
0.0
0.0
0.0
0.0
0.0
0.0
0.0
0.0
0.010489522895678078
0.0
0.0
0.0
0.004756654692706058
0.0
0.0
0.026248765246086273
0.0
0.0
0.009116341580125229
0.0
0.0
0.0
0.0
0.0
0.0
0.0
0.0
0.0
0.0
0.0
0.0
0.0
0.0
0.0036802504418373882
0.0
0.0
0.0
0.0
0.0
0.0
0.0
0.0
0.0
0.0
0.006365787371498072
0.0
0.0
0.0
0.0
0.008082414067935795
0.0
0.0
0.0
0.0
0.0
0.0
0.0
0.0
0.0
0.0
0.0
0.0
0.0
0.0
0.0
0.0
0.0
0.0
0.0
0.01027703035546214
0.0
0.0
0.0
0.0
0.0
0.0
0.0
0.0
0.0
0.0
0.0
0.0
0.0
0.0
0.0
0.0
0.0
0.0
0.0
0.0
0.0
0.0
0.0
0.0
0.0
0.0
0.0
0.0
0.0
0.0
0.0
0.0
0.0
0.0
0.0
0.0
0.0
0.0
0.0
0.0
0.0
0.0
0.0
0.0
0.0
0.0
0.0
0.0
0.0
0.0
0.0
0.0
0.0
0.0
0.0
0.0
0.09617634233014064
0.0
0.0
0.0
0.0
0.0
0.0
0.0029165294717873637
0.0
0.0
0.0
0.0
0.0
0.0
0.0
0.0
0.0
0.0
0.0
0.0
0.0
0.0
0.01971713313216249
0.0
0.0
0.0
0.0
0.0
0.0
0.0
0.0
0.0
0.005165884596148433
0.0
0.0
0.0
0.0
0.0
0.0
0.0
0.0
0.0
0.0036802504418373882
0.0
0.0
0.0
0.0
0.0
0.0
0.02108018178371563
0.0
0.0
0.0
0.0
0.0
0.0
0.0
0.0
0.0
0.0
0.0
0.0
0.0
0.0
0.0
0.0
0.0
0.0
0.0
0.0
0.0
0.0
0.0
0.0
0.019313687550081345
0.0
0.20026172694529848
0.0
0.0
0.0
0.0
0.0
0.0
0.0
0.00972580192562805
0.0
0.0
0.0
0.0
0.0
0.0
0.0
0.0
0.0
0.0
0.0
0.0
0.04255370328024002
0.0
0.0
0.0
0.0
0.0
0.0
0.0
0.0
0.0
0.0
0.0
0.0
0.0
0.0
0.0
0.0
0.0
0.0
0.006112763669480625
0.0
0.0
0.0
0.0
0.0
0.0
0.0
0.0
0.0
0.0
0.02117942727256157
0.0
0.0
0.0
0.0
0.0
0.0
0.0
0.0
0.0
0.0
0.0
0.0
0.0
0.0
0.0
0.0
0.0
0.0
0.0
0.0
0.0
0.0
0.0
0.0
0.0
0.0
0.0
0.0
0.0
0.0
0.0
0.0
0.0
0.0
0.0
0.0
0.0
0.0
0.0
0.0
0.0
0.0
0.0
0.0
0.0
0.0
0.0
0.0
0.0
0.0
0.0
0.0
0.0
0.0
0.0
0.0
0.0
0.0
0.0
0.0
0.0
0.0
0.0
0.0
0.0
0.0
0.0
0.0
0.0
0.0
0.0
0.0
0.0
0.0
0.008323920443728811
0.0
0.0
0.0
0.0
0.0
0.0
0.0
0.0
0.0
0.0
0.007189167920349295
0.0
0.0
0.0
0.0
0.0
0.0
0.0
0.0
0.0
0.0
0.0
0.007189167920349295
0.0
0.0
0.0
0.0
0.0
0.0
0.0
0.005520375662756083
0.0
0.0
0.0
0.0
0.0
0.006596779913624753
0.0
0.0
0.0
0.0
0.0
0.0
0.0
0.0
0.0
0.0
0.0
0.0
0.0
0.0
0.0
0.0
0.0
0.0
0.0
0.0
0.0
0.0
0.0
0.0
0.0
0.0
0.0
0.0
0.0
0.0
0.0
0.013618544907681374
0.0
0.0
0.0
0.0
0.0
0.0
0.020979045791356156
0.0
0.0
0.0
0.0
0.0
0.0
0.0
0.0
0.0
0.0
0.0
0.0
0.0
0.0
0.0
0.017090553794247725
0.0
0.007816718554121978
0.0
0.007189167920349295
0.0
0.0
0.0
0.19930093501788348
0.0
0.0
0.0
0.0
0.006809272453840687
0.0
0.0
0.0
0.0
0.0
0.0
0.0
0.0
0.0
0.0
0.0
0.0
0.028758139575880824
0.0
0.0
0.0
0.0
0.0073605008836747764
0.0
0.0
0.0
0.0
0.008545276897123862
0.0
0.0
0.0
0.0
0.0
0.0
0.0
0.0
0.0
0.0
0.0
0.0
0.0
0.0
0.0073605008836747764
0.0
0.0
0.0
0.0
0.0
0.0
0.0
0.0
0.0
0.0
0.009438523044710365
0.0
0.0
0.0
0.030138113440006387
0.0
0.0
0.0
0.0
0.0
0.0
0.0
0.0
0.0
0.0
0.0
0.0
0.0
0.0
0.0
0.008323920443728811
0.0
0.0
0.0
0.0
0.0
0.0
0.0
0.0
0.0
0.0
0.0
0.16029390388356776
0.0
0.0
0.0
0.0
0.0
0.0
0.0
0.0
0.0
0.004272638448561931
0.0
0.020979045791356156
0.0
0.0
0.0018401252209186941
0.0
0.0
0.0
0.0
0.0
0.0
0.0
0.0
0.0
0.0
0.0
0.0
0.0
0.05751627915176165
0.0
0.0
0.009438523044710365
0.0
0.0
0.0
0.0
0.0
0.025635830691371583
0.0
0.0
0.05953523573312694
0.0
0.0
0.0
0.0
0.0
0.0
0.0
0.0
0.0
0.0
0.004756654692706058
0.0
0.0
0.0
0.0
0.00936156868467143
0.0
0.0
0.0
0.0
0.0
0.0
0.0
0.0
0.0
0.0
0.0
0.0
0.0
0.0
0.0
0.0
0.0
0.0
0.0
0.0
0.0
0.0
0.0
0.0
0.0
0.0
0.0
0.0
0.00992253928885449
0.006809272453840687
0.009200626104593473
0.0
0.0
0.0
0.0
0.0
0.028084706054014287
0.0
0.0
0.0
0.008749588415362091
0.0
0.0
0.005520375662756083
0.0
0.0
0.0
0.0
0.0
0.01437833584069859
0.0
0.0
0.0
0.0
0.0
0.0
0.0
0.0
0.0
0.0
0.0
0.0
0.0
0.0
0.0
0.0
0.006596779913624753
0.0
0.0
0.0
0.0
0.0
0.0
0.0
0.0
0.0
0.0
0.0
0.0
0.0
0.0
0.009438523044710365
0.0
0.0
0.0
0.0
0.0
0.0
0.0
0.0
0.0
0.0
0.0
0.0
0.0
0.0
0.0
0.0
0.017878586703755882
0.0
0.0
0.0
0.0
0.0
0.0
0.0
0.0
0.0
0.0
0.0
0.0
0.0
0.0
0.0
0.0
0.0
0.0
0.0
0.0
0.0
0.0
0.0
0.0
0.0
0.0
0.0
0.0
0.0
0.0
0.0
0.0
0.0
0.0
0.0
0.0
0.0
0.0
0.0
0.0
0.07269781482629789
0.0
0.0
0.0
0.0
0.0
0.0
0.0
0.0
0.0
0.0
0.0
0.0
0.0
0.0
0.0
0.0
0.0
0.0
0.0
0.0
0.0
0.0
0.0
0.005520375662756083
0.0
0.0
0.0
0.0
0.0
0.0
0.0
0.0
0.0
0.017298795349518763
0.0
0.021567503761047886
0.0
0.0
0.0
0.0
0.06320505198887592
0.017499176830724182
0.0
0.09513309385412116
0.0
0.0
0.0
0.006112763669480625
0.0
0.0
0.0
0.0
0.0
0.1282351231068542
0.0
0.0
0.0
0.0
0.0
0.0
0.004756654692706058
0.0
0.0
0.0
0.0
0.0
0.006809272453840687
0.0
0.0
0.0
0.0
0.0
0.0
0.0
0.0
0.005165884596148433
0.0
0.0
0.0
0.0
0.0
0.0
0.0
0.16700756696864158
0.0
0.0
0.0
0.0
0.0
0.0
0.0
0.0
0.0
0.0
0.0
0.0
0.0
0.0
0.0
0.0
0.0
0.0
0.0
0.0
0.0
0.005833058943574727
0.0
0.0
0.0
0.0
0.0
0.0
0.0
0.0
0.0
0.04255370328024002
0.009793014111318015
0.0
0.0
0.0
0.0
0.0
0.0
0.0
0.0
0.0
0.0
0.0
0.0
0.0
0.0
0.0
0.0
0.0
0.0
0.0
0.0
0.0
0.0
0.0
0.0
0.0
0.008649397674759382
0.0
0.0
0.0
0.0
0.0
0.0
0.0
0.0
0.0
0.0
0.0
0.009858566566081245
0.0
0.0
0.0
0.0
0.014721001767349553
0.0018401252209186941
0.0
0.0
0.0
0.0
0.0
0.0
0.0
0.0
0.0
0.006112763669480625
0.0
0.0
0.0
0.0
0.0
0.0
0.0
0.0
0.0
0.0
0.0
0.0
0.0
0.0
0.0
0.008649397674759382
0.0
0.008082414067935795
0.010331769192296865
0.0
0.0
0.0
0.0
0.0
0.0
0.0
0.0
0.0
0.0
0.0
0.0
0.0
0.0
0.0
0.0
0.0
0.0
0.0
0.0
0.0
0.0
0.0
0.0
0.0
0.0
0.0
0.0
0.0
0.0
0.0
0.0
0.007816718554121978
0.0
0.0
0.0
0.0
0.0
0.0
0.0
0.006365787371498072
0.0
0.0
0.0
0.0
0.007673184164493422
0.007816718554121978
0.0
0.0
0.0
0.009586046525293608
0.0
0.013618544907681374
0.0
0.0
0.0
0.0
0.0
0.0
0.0
0.0
0.0
0.0
0.0
0.0
0.0
0.0
0.0
0.02055406071092428
0.0
0.0
0.008323920443728811
0.0
0.0
0.0
0.0
0.0
0.0
0.0
0.0
0.0
0.0
0.0
0.0
0.0
0.016647840887457622
0.0
0.0
0.0
0.0
0.030995307576890594
0.0
0.0
0.006365787371498072
0.0
0.0
0.0
0.0
0.02117942727256157
0.0
0.0
0.0
0.0
0.0
0.0
0.0
0.0
0.0
0.0
0.0
0.0
0.0
0.0
0.0
0.0
0.0
0.0
0.0
0.0
0.0
0.0
0.0
0.009029293141267988
0.0
0.0
0.0
0.0
0.0
0.0
0.0
0.0
0.0
0.0
0.0
0.0
0.0
0.0
0.0
0.0
0.0
0.0
0.0
0.0
0.0
0.010164045664647505
0.0
0.0
0.0
0.0
0.0
0.0
0.0
0.0
0.0
0.0
0.0
0.0
0.0
0.0194516038512561
0.0
0.0
0.0
0.0
0.018401252209186945
0.0
0.0
0.0
0.0
0.0
0.0
0.0
0.009029293141267988
0.0
0.0
0.0
0.0
0.0
0.0
0.0
0.0
0.0
0.0
0.0
0.0
0.0
0.0
0.0
0.0
0.0
0.0
0.010046037813335462
0.0
0.0
0.0
0.0
0.0
0.0
0.0
0.0
0.0
0.0
0.0
0.0
0.0
0.0
0.0
0.0
0.0
0.0741279954539655
0.0
0.0
0.0
0.0
0.0
0.0
0.0
0.0
0.0
0.0
0.0
0.0
0.0
0.0
0.0
0.0
0.0
0.0
0.0
0.0
0.0
0.0
0.0
0.009116341580125229
0.041751891742160395
0.0
0.0
0.0
0.0
0.0
0.0
0.0
0.0
0.0
0.0
0.0
0.0
0.0
0.0
0.0
0.0
0.0
0.0
0.0
0.0
0.0
0.0
0.0194516038512561
0.0
0.0
0.0
0.0
0.0
0.0
0.0
0.0
0.0
0.0
0.0
0.007189167920349295
0.0
0.0
0.0
0.0
0.0
0.0
0.0
0.020442278075611657
0.0
0.0
0.0
0.0
0.0
0.004756654692706058
0.0
0.0
0.0
0.0
0.0
0.0
0.0
0.0
0.0
0.0
0.0
0.0
0.0
0.0
0.0
0.0
0.0
0.0
0.0
0.0
0.0
0.0
0.0
0.0
0.0
0.0
0.0
0.0
0.0
0.0
0.0
0.0
0.0
0.0
0.0
0.0
0.0
0.0
0.0
0.0
0.0
0.0
0.0
0.0
0.0
0.0
0.0
0.0
0.0
0.0
0.0
0.0
0.0
0.0
0.0
0.0
0.0
0.0
0.0
0.0
0.0
0.029379042333954046
0.0
0.0
0.0
0.0
0.031313918806620294
0.0
0.0
0.0
0.0
0.0
0.0
0.0
0.0
0.0
0.0
0.0
0.0
0.0
0.0
0.006365787371498072
0.0
0.0
0.0
0.0
0.0
0.0
0.0
0.0
0.0
0.0
0.0
0.0
0.0
0.0
0.0
0.0
0.0
0.0
0.0
0.0
0.0
0.0
0.0
0.0
0.0
0.0
0.0
0.0
0.0
0.0
0.0
0.0
0.0
0.0
0.0
0.0
0.0
0.0
0.0
0.0018401252209186941
0.0
0.0
0.0
0.0
0.0
0.010331769192296865
0.0
0.0
0.06353828181768471
0.0
0.0
0.0
0.0
0.0
0.010105697392136659
0.0
0.0
0.0
0.0
0.0
0.0
0.0
0.0
0.0
0.0
0.0
0.0
0.0
0.0
0.0
0.0
0.0
0.0
0.0
0.0
0.0
0.0
0.0
0.0
0.0
0.0
0.007189167920349295
0.0
0.0
0.0018401252209186941
0.0
0.0
0.0
0.029575699698243734
0.08510740656048003
0.0
0.0
0.0
0.0
0.01872313736934286
0.0
0.0073605008836747764
0.0
0.0
0.0
0.0
0.0
0.0
0.0
0.04195809158271231
0.00972580192562805
0.0
0.0
0.0
0.0
0.0
0.0
0.0
0.0
0.0
0.0
0.0
0.0018401252209186941
0.0
0.0
0.0
0.03744627473868572
0.0
0.0
0.0
0.0
0.0
0.010164045664647505
0.0
0.0
0.0
0.0
0.006809272453840687
0.0
0.0
0.0
0.0
0.0
0.0
0.0
0.0
0.0
0.0
0.0
0.0
0.0
0.0
0.0
0.0
0.0
0.030831091066386422
0.0
0.0944057060611027
0.0
0.0
0.0
0.0
0.0
0.006809272453840687
0.0
0.0
0.008545276897123862
0.0
0.0
0.0
0.0
0.0
0.0
0.0
0.0
0.0
0.0
0.0
0.0
0.0
0.0
0.0
0.0
0.0
0.012731574742996144
0.0
0.0
0.0
0.0
0.0
0.0
0.01616482813587159
0.0
0.07480382181233161
0.0
0.0
0.0
0.0
0.0
0.009858566566081245
0.0
0.041751891742160395
0.0
0.0
0.0
0.0
0.008649397674759382
0.0
0.0
0.0
0.0
0.0
0.0
0.0
0.0
0.00992253928885449
0.009586046525293608
0.0
0.0
0.0
0.0036802504418373882
0.0
0.0
0.0
0.0
0.0
0.0
0.0
0.0
0.0
0.0
0.0
0.0
0.0
0.0
0.0018401252209186941
0.0
0.0
0.0
0.0
0.0
0.0
0.0
0.0
0.0
0.0
0.0
0.0
0.0
0.0
0.019313687550081345
0.0
0.0
0.0
0.0
0.0
0.0
0.0
0.0
0.0
0.0
0.0
0.0
0.0
0.0
0.0
0.0
0.0
0.0
0.0
0.0
0.0
0.0
0.0
0.08549008207123612
0.0
0.0
0.0632405453511469
0.0
0.012731574742996144
0.02853992815623635
0.004272638448561931
0.0
0.0
0.0
0.0
0.0
0.0
0.0
0.0
0.017878586703755882
0.0
0.0
0.0
0.0
0.0
0.0
0.0073605008836747764
0.0029165294717873637
0.0
0.0
0.011040751325512166
0.0
0.0
0.0
0.0
0.05270045445928908
0.0
0.0
0.018232683160250458
0.0
0.0
0.009282316843285437
0.0
0.0
0.0
0.0
0.006596779913624753
0.0
0.0
0.0
0.0
0.0
0.0
0.0
0.0
0.0
0.36333284880275357
0.0
0.0
0.0
0.0
0.02117942727256157
0.0
0.0
0.0
0.0
0.0
0.0
0.0
0.0
0.0
0.0
0.0
0.0
0.0
0.0
0.0
0.0
0.0
0.0
0.0
0.0
0.0
0.0
0.010331769192296865
0.0
0.0
0.0
0.0
0.0
0.0
0.0
0.0
0.0
0.0
0.0
0.0
0.0
0.0
0.0
0.03282365036966707
0.0
0.0
0.0
0.0
0.0
0.0
0.0
0.0
0.0
0.0
0.0
0.0
0.0
0.0
0.0
0.0
0.0
0.0
0.006596779913624753
0.0
0.0
0.0
0.0
0.0
0.0
0.0
0.0
0.0
0.0
0.0
0.0
0.0
0.0
0.0
0.0
0.0
0.0
0.0
0.0
0.0
0.0
0.0
0.0
0.0
0.0
0.0
0.0
0.0
0.0
0.0
0.0
0.0
0.0
0.01997001326101905
0.0
0.0
0.0
0.0
0.0
0.0
0.0
0.007521443463752734
0.0
0.0
0.0
0.0
0.0
0.0
0.0
0.018564633686570874
0.0
0.0
0.0
0.0
0.0
0.0
0.0
0.0
0.0
0.0
0.005520375662756083
0.0
0.008323920443728811
0.0
0.0
0.0
0.0
0.0
0.0
0.0
0.0
0.008846135037985823
0.0
0.0
0.0
0.0
0.0
0.0
0.0
0.0
0.0
0.0
0.0073605008836747764
0.0
0.0
0.0
0.0
0.0
0.0
0.09617634233014064
0.0
0.0
0.0
0.0
0.0
0.0
0.0
0.0
0.0
0.0
0.0
0.0
0.0
0.0
0.0
0.0
0.0
0.0
0.0
0.0
0.0
0.0
0.0
0.0
0.0
0.0
0.0
0.0
0.0
0.0
0.0
0.0
0.0
0.0
0.0
0.005165884596148433
0.0
0.0
0.0
0.0
0.0
0.0
0.0
0.0
0.0
0.0
0.0
0.0
0.0
0.0
0.0
0.0
0.0
0.0
0.0
0.0
0.0
0.0
0.0
0.0
0.0
0.0
0.0
0.0
0.0
0.0
0.0
0.0
0.0
0.0018401252209186941
0.0
0.02055406071092428
0.007521443463752734
0.0
0.0
0.0
0.0
0.0
0.0
0.0
0.0
0.0
0.0
0.0
0.0
0.0
0.0
0.0
0.0
0.0
0.0
0.0
0.0
0.0
0.0
0.0
0.0
0.0
0.0
0.0
0.0
0.0
0.016411825184833535
0.0
0.0
0.0
0.0
0.0
0.0
0.0
0.0
0.07032226469334824
0.0
0.0
0.0
0.0
0.0
0.0
0.0036802504418373882
0.0
0.0
0.0
0.0
0.0
0.0
0.0
0.0
0.0
0.0
0.0
0.0
0.0
0.0
0.0
0.0
0.007189167920349295
0.0
0.0
0.0
0.0
0.0
0.0
0.0
0.0
0.0
0.0
0.0
0.0
0.019026618770824233
0.009586046525293608
0.0
0.0
0.0
0.0
0.0
0.0
0.006112763669480625
0.0
0.0
0.0
0.0
0.0
0.0
0.0
0.0
0.0
0.0
0.0
0.0
0.0
0.0
0.0
0.0
0.0
0.0
0.0
0.0
0.0
0.0
0.0
0.0
0.0
0.0
0.0
0.0
0.0
0.0
0.0
0.0
0.0
0.0
0.0
0.0
0.0
0.0
0.0
0.0
0.0
0.006809272453840687
0.052447614478390386
0.0
0.0
0.0
0.0
0.0
0.0
0.0
0.0
0.0
0.0
0.0
0.0
0.0
0.0
0.0
0.0
0.0
0.0
0.0
0.0
0.0
0.0
0.0
0.0
0.0
0.0
0.0
0.0
0.0
0.0
0.0
0.0
0.0
0.0
0.0
0.0
0.0
0.0
0.0
0.0
0.0
0.0
0.0
0.0
0.0
0.0
0.0
0.0
0.0
0.0
0.0
0.0
0.0
0.0
0.0
0.0
0.0
0.0
0.0
0.0
0.0
0.0
0.0
0.0
0.0
0.0
0.0
0.0
0.0
0.0
0.0
0.0
0.007521443463752734
0.0
0.0
0.0
0.0
0.0
0.0
0.0
0.0
0.0
0.0
0.0
0.0
0.0
0.005520375662756083
0.0
0.0
0.0
0.0
0.0
0.0
0.0
0.0
0.0
0.0
0.0
0.0
0.0
0.0
0.0
0.0
0.007952888890399318
0.0194516038512561
0.0
0.0
0.0
0.0
0.0
0.0
0.0
0.0
0.0
0.0
0.0
0.0
0.0
0.0
0.0
0.0
0.0
0.0029165294717873637
0.0
0.0
0.0
0.0
0.0
0.0
0.0
0.0
0.0
0.0
0.0
0.0
0.0
0.0
0.0
0.0
0.0
0.0
0.0
0.0
0.0
0.0
0.0
0.0
0.0
0.0
0.0
0.0
0.014012019634134253
0.0
0.0
0.02108018178371563
0.0
0.0
0.0
0.0
0.0
0.0
0.0
0.0
0.007521443463752734
0.0
0.0
0.0
0.0
0.0
0.0
0.0
0.0
0.0
0.0
0.0
0.0
0.0
0.0
0.0
0.0
0.0
0.0
0.0
0.0
0.0
0.0
0.09656843775040672
0.0
0.0
0.0
0.0
0.0
0.0
0.0
0.0
0.0
0.0
0.0
0.0
0.0
0.0
0.0
0.0
0.0
0.0
0.0
0.0
0.0
0.0
0.0
0.0
0.0
0.0
0.0
0.0
0.0
0.0
0.0
0.0
0.0
0.0
0.0
0.0
0.0
0.0
0.0
0.0
0.0
0.0
0.0
0.0
0.0
0.0
0.0
0.0
0.0
0.0
0.009282316843285437
0.0
0.0
0.0
0.0
0.0
0.0
0.0
0.0
0.008649397674759382
0.0
0.0
0.0
0.0
0.03943426626432498
0.007189167920349295
0.0
0.0
0.0
0.0
0.0
0.0
0.0
0.0
0.0
0.0
0.0
0.0
0.006112763669480625
0.0
0.0
0.0
0.0
0.0
0.0
0.0
0.0
0.0
0.0
0.015905777780798637
0.0
0.0
0.0
0.0
0.0
0.0036802504418373882
0.0
0.0
0.0
0.0
0.0
0.0
0.0
0.0
0.0
0.0
0.0
0.0
0.0
0.0
0.0
0.0
0.0
0.0
0.0
0.0
0.036465366320500917
0.0
0.0
0.0
0.0029165294717873637
0.0
0.0
0.0
0.0
0.0
0.022564330391258203
0.007816718554121978
0.0
0.0
0.0
0.0
0.0
0.0
0.0
0.0
0.00972580192562805
0.0
0.0
0.0
0.0
0.0
0.0
0.0
0.0
0.0
0.0
0.0
0.005520375662756083
0.0
0.0
0.0
0.0
0.0
0.0
0.0
0.008205912592416768
0.0
0.0
0.0
0.0
0.0
0.0
0.0
0.0
0.0
0.004756654692706058
0.0
0.0
0.0
0.0
0.0
0.0
0.0
0.0
0.0
0.0
0.010589713636280786
0.0
0.009438523044710365
0.0
0.0
0.0
0.0
0.0
0.0
0.004756654692706058
0.0
0.0
0.0
0.01616482813587159
0.0
0.0
0.0
0.0
0.0
0.0
0.0
0.0
0.0
0.0
0.0
0.0
0.0
0.0
0.0
0.0
0.0
0.0
0.009282316843285437
0.0
0.0
0.0
0.0
0.009438523044710365
0.0
0.0
0.0
0.0
0.0
0.0
0.0
0.0
0.0
0.0
0.0
0.0
0.0
0.0
0.0
0.0
0.0
0.0
0.0
0.0
0.0
0.0
0.0
0.006112763669480625
0.0
0.0
0.0
0.0
0.0
0.0
0.0
0.0
0.0
0.0
0.0
0.0
0.0
0.0
0.0
0.0
0.0
0.0
0.0
0.0
0.0
0.0
0.0
0.0
0.0
0.0
0.0
0.0
0.0
0.0
0.0
0.02208150265102433
0.0
0.0
0.0
0.0
0.0
0.0
0.0
0.0
0.0
0.0
0.0
0.0
0.0
0.0
0.0
0.0
0.0
0.0
0.0
0.0
0.0
0.0
0.0
0.0
0.0
0.008545276897123862
0.0
0.0
0.0
0.0
0.0
0.0
0.0
0.0
0.0
0.0
0.0
0.0
0.0
0.0
0.0
0.0
0.0
0.0
0.0
0.0
0.0
0.0
0.0
0.0
0.0
0.0
0.0
0.0
0.0
0.0
0.0
0.007189167920349295
0.0
0.0
0.0
0.0
0.0
0.0
0.0
0.01027703035546214
0.0
0.0
0.0
0.0
0.0
0.0
0.0
0.0
0.0
0.0246177377772503
0.0
0.0
0.0
0.0
0.0
0.016411825184833535
0.0
0.0
0.0
0.0
0.0
0.0
0.0
0.0
0.0
0.0
0.0
0.0
0.0
0.0
0.0
0.0
0.0
0.0
0.0
0.0
0.0
0.0
0.0
0.0
0.0
0.0
0.005833058943574727
0.0
0.0
0.0
0.0
0.0
0.0
0.0
0.0
0.0
0.0
0.0
0.008649397674759382
0.0
0.0
0.0
0.0
0.0
0.0
0.0
0.0
0.0
0.006365787371498072
0.0
0.0
0.0
0.0
0.14960764362466322
0.0
0.0
0.0018401252209186941
0.0
0.0
0.0
0.0
0.0
0.0
0.0
0.0
0.030831091066386422
0.0
0.0
0.0
0.0
0.0
0.0
0.0
0.0
0.0
0.0
0.0
0.0
0.008939293351877941
0.0
0.0
0.007006009817067126
0.0
0.0
0.0
0.0
0.0
0.0
0.0
0.0
0.0
0.0
0.0
0.0
0.0
0.0
0.0
0.0
0.0
0.040884556151223314
0.0
0.0
0.0
0.0
0.0
0.0
0.0
0.0
0.0
0.0
0.0
0.0
0.0
0.0
0.0
0.0
0.03066341711341749
0.0
0.0
0.0
0.0
0.0
0.0
0.0
0.0
0.0
0.0
0.0
0.0
0.0
0.0
0.0
0.0
0.0
0.019097362114494216
0.0
0.005165884596148433
0.0
0.006596779913624753
0.0
0.0
0.0
0.0
0.0
0.0
0.0
0.02976761786656347
0.0
0.0
0.0
0.0
0.0
0.0
0.0
0.020211394784273317
0.0
0.0
0.0
0.015905777780798637
0.0
0.0
0.0
0.0
0.0
0.019172093050587216
0.0
0.0
0.0
0.0
0.0
0.0
0.0
0.0
0.0
0.0
0.0
0.0
0.0
0.009029293141267988
0.0
0.0
0.0
0.007673184164493422
0.0
0.0
0.0
0.0
0.0
0.0
0.0
0.0
0.0
0.0
0.0
0.0
0.0
0.0
0.0
0.0
0.0
0.008649397674759382
0.0
0.0
0.0
0.0
0.0
0.0
0.0
0.0
0.0
0.0
0.0
0.0
0.0
0.0
0.0
0.0
0.0
0.0
0.0
0.0
0.0
0.0
0.0
0.0
0.0
0.0
0.0
0.0
0.0
0.0
0.0
0.0
0.0
0.0
0.0
0.12766110984072004
0.0
0.0
0.0
0.0
0.0
0.0
0.008323920443728811
0.0
0.0
0.0
0.0
0.0
0.0
0.0
0.0
0.0
0.0
0.016411825184833535
0.0
0.0
0.0
0.008436905134543446
0.019313687550081345
0.0
0.0
0.008939293351877941
0.0
0.0
0.0
0.0
0.0
0.0
0.0
0.0
0.0
0.0
0.0
0.0
0.0
0.0
0.0
0.0
0.0
0.0
0.0
0.0
0.0
0.0
0.0
0.0
0.0
0.0
0.0
0.0
0.0
0.0
0.0
0.0
0.0
0.0
0.0
0.0
0.0
0.0
0.0
0.0
0.0
0.030831091066386422
0.0
0.00972580192562805
0.0
0.0
0.0
0.0
0.0
0.0
0.0
0.0
0.007673184164493422
0.0
0.0
0.0
0.0
0.0
0.0
0.0
0.006365787371498072
0.0
0.0
0.007006009817067126
0.0
0.0
0.0
0.0
0.0
0.0
0.0
0.0
0.0
0.0
0.0
0.0
0.0
0.0
0.0
0.0018401252209186941
0.0
0.0
0.0
0.0
0.0
0.0
0.0
0.0
0.0
0.0
0.006809272453840687
0.0
0.0
0.0
0.0
0.0
0.0
0.0
0.0
0.0
0.0
0.0
0.0
0.03191527746018001
0.006365787371498072
0.0
0.0
0.0
0.0
0.0
0.0
0.0
0.0
0.0
0.0
0.007006009817067126
0.0
0.0
0.0
0.0
0.0
0.0
0.0
0.0
0.0
0.0
0.0
0.0
0.0
0.0
0.0
0.0
0.0
0.0
0.0
0.0
0.0
0.0
0.0
0.0
0.0
0.0
0.0
0.0
0.0073605008836747764
0.018338291008441875
0.0
0.0
0.0
0.0
0.0
0.0
0.0
0.0
0.014721001767349553
0.0
0.0
0.0
0.0
0.0
0.0
0.0
0.0
0.0
0.0
0.0
0.0
0.0
0.008545276897123862
0.0
0.0
0.0
0.006365787371498072
0.0
0.0
0.0
0.0
0.0
0.0
0.0
0.0
0.0
0.0
0.0
0.0
0.0
0.0
0.0
0.0
0.0
0.0
0.0
0.0
0.0
0.0
0.0
0.0
0.0
0.0
0.0
0.0
0.0
0.0
0.0
0.0
0.0
0.0
0.0
0.0
0.0
0.0
0.0
0.0
0.0
0.0
0.0
0.0
0.0
0.0
0.0
0.0
0.0
0.0
0.009200626104593473
0.0
0.0
0.0
0.0
0.0
0.11702268402066004
0.0
0.0
0.0
0.0
0.0
0.0
0.0
0.0
0.0
0.0
0.0
0.0
0.0
0.0
0.0
0.0
0.0
0.01437833584069859
0.0
0.0
0.0
0.0
0.0
0.0
0.0
0.0
0.0
0.0
0.0
0.0
0.0
0.0
0.020211394784273317
0.0
0.0
0.0
0.0
0.0
0.0
0.0
0.0
0.0
0.0
0.0
0.0
0.0
0.0
0.0
0.0
0.0
0.0
0.0
0.0
0.0
0.0
0.0
0.0
0.0
0.0
0.0
0.0
0.0
0.0
0.01958602822263603
0.0
0.0
0.0
0.0
0.0
0.0
0.0036802504418373882
0.0
0.0
0.0
0.0
0.0
0.0
0.0
0.0
0.0
0.0
0.0
0.0
0.0
0.0
0.0
0.0
0.0
0.0
0.0
0.0
0.0
0.0
0.0
0.0
0.0
0.0
0.0
0.0
0.0
0.004756654692706058
0.0
0.0
0.0
0.0
0.008436905134543446
0.0
0.0
0.0
0.0
0.0
0.0
0.0
0.0
0.0
0.0
0.0
0.0
0.007189167920349295
0.0
0.0
0.0
0.0
0.0
0.0
0.0
0.0
0.0
0.0
0.0
0.0
0.0
0.04132707676918746
0.024971761331186434
0.006596779913624753
0.0
0.0
0.004272638448561931
0.0
0.0
0.0
0.008749588415362091
0.007952888890399318
0.0
0.0
0.0
0.0
0.0
0.0
0.0
0.0
0.0
0.0
0.0
0.0
0.0
0.0
0.0
0.0
0.0
0.005520375662756083
0.0
0.0
0.0
0.0
0.0
0.0
0.0
0.0
0.0
0.0
0.0
0.0
0.0
0.0
0.0
0.0
0.0
0.0
0.0
0.0
0.0
0.0
0.017692270075971645
0.007816718554121978
0.040422789568546634
0.0
0.0
0.0
0.04216036356743126
0.0
0.0
0.0
0.0
0.0
0.020875945871080197
0.0
0.0
0.0
0.0
0.0
0.0
0.0
0.008649397674759382
0.007189167920349295
0.0
0.0
0.0
0.0
0.0
0.0
0.0
0.0
0.0
0.0
0.0
0.0
0.0
0.0
0.0
0.020211394784273317
0.0
0.0
0.0
0.0
0.0
0.0
0.0
0.0
0.0
0.0
0.0
0.0
0.0
0.0
0.0
0.0
0.0
0.0
0.0
0.0
0.0
0.0
0.0
0.0
0.0
0.0
0.0029165294717873637
0.0
0.0
0.0
0.0
0.0
0.0
0.0
0.0
0.004756654692706058
0.0
0.016411825184833535
0.0
0.0
0.017090553794247725
0.0
0.0
0.0
0.0
0.0
0.013193559827249506
0.0685510987792261
0.03680250441837389
0.0
0.0
0.0
0.0
0.0
0.0
0.0
0.0
0.06293713737406847
0.02055406071092428
0.0
0.0
0.0
0.19235268466028127
0.0
0.0
0.03191527746018001
0.0
0.03176914090884236
0.0
0.0
0.010105697392136659
0.02066353838459373
0.0
0.0
0.04154160847217022
0.0
0.0
0.0
0.008846135037985823
0.0
0.0
0.0
0.0
0.0
0.21372520517809032
0.0
0.05270045445928908
0.0
0.0
0.009586046525293608
0.0
0.029442003534699106
0.0
0.0
0.0
0.0
0.009586046525293608
0.0
0.0
0.0
0.0
0.0
0.01027703035546214
0.0
0.0
0.0
0.0
0.0
0.0
0.0
0.0
0.0
0.0
0.0
0.0
0.05319212910030002
0.0
0.0
0.0029165294717873637
0.0
0.0
0.0
0.0
0.0
0.0
0.010105697392136659
0.020875945871080197
0.0
0.0
0.0
0.0
0.0
0.0
0.0
0.0
0.0
0.0
0.0
0.0
0.0
0.0
0.0
0.0
0.005833058943574727
0.0
0.0
0.0029165294717873637
0.0
0.0
0.0
0.0
0.0
0.0
0.0
0.008436905134543446
0.0
0.0
0.0
0.0
0.0
0.0029165294717873637
0.0
0.0
0.0
0.0
0.0
0.0
0.0
0.0
0.0
0.0
0.0
0.0
0.0
0.0
0.060984273987885036
0.0
0.0
0.0
0.0
0.0
0.0
0.0
0.0
0.0
0.0
0.0
0.0
0.0
0.0
0.0
0.0
0.006596779913624753
0.0
0.0
0.0
0.0
0.0
0.0
0.0
0.0
0.0
0.006809272453840687
0.0
0.0
0.006596779913624753
0.0
0.0
0.0
0.0
0.0
0.0
0.0
0.0
0.0
0.0
0.0
0.0
0.0
0.0
0.0
0.0
0.0
0.0
0.0
0.0
0.0
0.0
0.0
0.0
0.0
0.0
0.0
0.0
0.0
0.0
0.0
0.0
0.0
0.006596779913624753
0.020442278075611657
0.0
0.0
0.0
0.008749588415362091
0.0
0.0
0.0
0.0
0.0
0.0
0.007006009817067126
0.0
0.0
0.0
0.0
0.009029293141267988
0.0
0.0
0.0
0.0
0.0
0.0
0.0
0.0
0.0
0.0
0.0
0.0
0.0
0.0
0.03191527746018001
0.0
0.0
0.0
0.0
0.0
0.0
0.0
0.0
0.0036802504418373882
0.0
0.0
0.0
0.0
0.0
0.0
0.0
0.0
0.0
0.0
0.0
0.0
0.02066353838459373
0.0
0.0
0.0
0.0
0.0
0.0
0.0
0.0
0.0
0.0
0.0
0.0
0.0
0.0
0.0
0.0
0.0
0.0
0.0
0.0
0.006596779913624753
0.0
0.0
0.0
0.0
0.0
0.0
0.0
0.0
0.0
0.0
0.0
0.0
0.0
0.0
0.0
0.0
0.06262783761324059
0.0
0.0
0.0
0.004756654692706058
0.0
0.0
0.0
0.0
0.0
0.006809272453840687
0.006112763669480625
0.0
0.0
0.0
0.0
0.0
0.0
0.0
0.0
0.008545276897123862
0.0
0.0
0.0
0.0
0.0
0.0
0.0
0.0
0.0
0.0
0.0
0.0
0.0
0.0
0.0
0.0
0.0
0.0
0.0
0.0
0.0
0.0
0.008649397674759382
0.0
0.006596779913624753
0.0
0.0029165294717873637
0.0
0.005520375662756083
0.0
0.0
0.0
0.0
0.0
0.0
0.0
0.0
0.0
0.0
0.0
0.0
0.0
0.0
0.0
0.0
0.0
0.0036802504418373882
0.0
0.0
0.0
0.0
0.0
0.0
0.0
0.0
0.02424724220380739
0.0
0.0
0.0
0.0
0.0
0.0
0.0
0.0
0.0
0.0
0.0
0.0
0.0
0.0
0.0
0.0
0.0
0.0
0.02976761786656347
0.0
0.022564330391258203
0.0
0.0
0.0
0.0
0.0
0.0
0.0
0.0
0.0
0.0
0.0
0.0
0.0
0.0
0.0
0.0
0.019097362114494216
0.0
0.0
0.0
0.0
0.0
0.0
0.0
0.0
0.0
0.009116341580125229
0.007673184164493422
0.0
0.0
0.0
0.0
0.0
0.0
0.0
0.0
0.0
0.0
0.0
0.0
0.0
0.0
0.0
0.0
0.0
0.0
0.0
0.0
0.0
0.0
0.0
0.00992253928885449
0.0
0.0
0.0
0.0
0.0
0.0
0.010489522895678078
0.0
0.0
0.0
0.0
0.0
0.0
0.0
0.0
0.0
0.0
0.007952888890399318
0.0
0.0
0.0
0.0
0.0
0.05294856818140393
0.0
0.0
0.0
0.0
0.019026618770824233
0.0
0.0
0.0
0.0
0.0
0.0
0.0
0.0
0.0
0.0
0.0
0.0
0.0
0.009793014111318015
0.0
0.0
0.0
0.0
0.0
0.0
0.0
0.006809272453840687
0.0
0.0
0.0
0.0
0.0
0.0
0.0
0.0
0.0
0.03066341711341749
0.0
0.0
0.0
0.0
0.0
0.0
0.0
0.0
0.0
0.008436905134543446
0.0
0.0
0.0
0.0
0.0
0.0
0.0036802504418373882
0.0
0.0
0.0
0.0
0.006112763669480625
0.0
0.0
0.020211394784273317
0.0
0.0
0.0
0.0
0.0
0.02108018178371563
0.0
0.0
0.010385402118042555
0.0
0.01958602822263603
0.0
0.0
0.0
0.029575699698243734
0.0
0.0
0.009513309385412116
0.0
0.14960764362466322
0.0
0.0
0.009029293141267988
0.0
0.0
0.0
0.00972580192562805
0.0
0.0
0.0
0.0
0.0
0.0
0.0
0.0
0.0
0.0
0.0
0.36333284880275357
0.0
0.0
0.0
0.0
0.0
0.029177405776884154
0.0
0.0
0.0
0.0
0.0
0.0
0.0
0.0
0.0
0.0
0.0
0.1282351231068542
0.0
0.0018401252209186941
0.0
0.0
0.0
0.0
0.0
0.0
0.0
0.0
0.009858566566081245
0.008649397674759382
0.0
0.0
0.007673184164493422
0.0
0.0
0.05023018906667731
0.0
0.0
0.01984507857770898
0.0
0.02976761786656347
0.020875945871080197
0.0
0.0
0.0
0.0
0.0
0.0
0.0
0.0
0.0
0.02976761786656347
0.006809272453840687
0.0
0.0
0.0
0.0
0.0
0.0
0.0
0.0
0.0
0.0
0.0
0.0
0.0
0.0
0.0
0.0
0.0
0.0
0.0
0.031313918806620294
0.0
0.0
0.0
0.0
0.0
0.0
0.0
0.0
0.017692270075971645
0.017692270075971645
0.04255370328024002
0.0
0.0
0.0
0.08350378348432079
0.0
0.0
0.0
0.007189167920349295
0.0
0.0
0.0
0.0
0.0
0.0
