0
0
0
0
0
0
0
0
0
0
0
0
0
0
0
0
0
0
0
0
0
0
0
0
0
0
0
0
0
0
0
0
0
0
0
0
0
0
0
0
0
0
0
0
0
0
0
0.005375535636856807
0
0
0
0
0
0
0
0
0
0
0
0
0
0
0
0
0
0
0
0
0
0
0
0
0
0.021972302167469177
0
0
0
0
0
0
0
0
0
0
0
0
0
0
0
0
0
0
0
0
0
0
0
0
0
0
0
0
0
0
0.005375535636856807
0
0
0
0
0
0
0
0
0
0
0
0
0
0
0
0
0
0
0
0
0
0
0
0
0
0
0.019271093679421872
0
0
0
0
0
0
0
0
0
0
0
0
0
0
0
0
0
0
0
0
0
0
0
0
0
0
0.01248160722028605
0
0.015091036428826015
0
0
0
0
0
0
0
0
0
0
0
0
0
0
0.01612660691057042
0
0
0
0
0
0
0
0
0
0
0
0
0
0
0
0
0
0
0
0
0
0
0
0
0
0
0
0
0
0
0
0
0
0
0
0
0
0
0
0.02431656850031416
0
0
0
0
0
0
0
0
0
0
0
0
0
0
0
0
0
0.017040044811416515
0
0.008520022405708257
0
0
0
0
0
0
0
0
0
0
0
0
0
0
0
0
0
0
0
0
0
0
0
0
0
0
0
0
0
0
0
0
0
0
0
0
0
0
0
0
0
0
0.005375535636856807
0
0
0
0
0
0
0
0
0
0
0
0
0
0
0
0
0
0
0
0
0
0
0
0
0
0
0
0
0
0
0
0
0
0
0
0
0
0
0
0
0
0
0
0
0
0
0
0
0.026877678184284038
0
0
0
0
0
0
0
0
0
0
0
0
0
0
0
0
0
0
0
0
0
0.023971833586110824
0
0
0
0.18474384317151313
0
0
0
0
0
0
0
0
0
0
0
0
0
0
0
0
0
0
0
0.027347837804325984
0
0
0
0
0.02100162962599431
0
0
0
0
0
0
0
0
0
0
0
0.02046657206568282
0
0.01248160722028605
0
0
0
0
0
0.08337334825539039
0
0
0
0
0
0
0
0
0
0
0
0
0
0
0
0
0
0
0
0
0.01248160722028605
0
0
0
0
0
0
0.028608214130856475
0
0
0
0.015091036428826015
0
0
0
0
0
0
0
0
0
0
0
0.01612660691057042
0
0.005375535636856807
0
0
0
0
0
0
0.008520022405708257
0
0
0
0.010751071273713613
0
0
0
0
0
0
0
0
0.015091036428826015
0
0
0
0
0.027347837804325984
0.09101625023228671
0
0
0
0.40027832687161174
0
0
0
0
0.026631458818469154
0
0
0.013895558042565065
0
0
0
0
0
0
0
0
0
0
0
0
0
0
0
0
0
0.02046657206568282
0
0
0
0
0
0
0
0
0
0
0
0
0
0
0
0
0
0
0
0
0
0
0
0
0
0
0.3418569568649408
0
0
0
0
0
0
0
0.10652583527387662
0
0
0
0
0
0.4058293634121537
0.4972464827126411
0
0
0.019891845576907798
0
0
0
0.18646743101724042
0
0
0
0
0
0
0
0
0
0
0
0
0
0
0
0
0
0
0
0
0
0
0
0
0
0
0
0
0
0
0
0
0.057599423454276266
0
0
0.054232640709924555
0.0748896433217163
0
0
0
0
0
0
0
0.013895558042565065
0
0
0
0
0
0
0
0
0
0
0
0
0
0.008520022405708257
0
0
0
0
0
0
0
0.010751071273713613
0
0
0
0
0
0
0
0
0
0
0
0
0
0
0
0
0
0
0
0
0.01248160722028605
0.027347837804325984
0
0
0
0
0
0
0
0
0
0
0
0.015091036428826015
0
0
0
0
0
0
0
0
0
0.005375535636856807
0
0
0
0
0
0
0
0
0
0
0
0
0
0
0
0
0
0
0
0
0
0
0
0
0
0
0
0
0
0
0
0
0
0
0
0
0
0
0
0.017857142857142856
0
0
0
0
0
0
0
0
0
0
0
0
0
0.0
0.019271093679421872
0
0
0
0
0
0
0
0
0
0.010751071273713613
0
0
0
0
0.07913149578855334
0
0
0
0
0
0.0914769737195323
0
0
0
0
0.023971833586110824
0
0
0
0.043004285094854454
0
0
0
0
0
0.008520022405708257
0
0
0.023232678493999664
0
0
0
0
0.022834885731300516
0
0
0
0
0
0
0
0
0
0
0
0
0
0
0
0
0
0
0
0
0
0.005375535636856807
0.005375535636856807
0
0
0
0
0.010751071273713613
0
0
0
0
0.04394460433493835
0
0
0.013895558042565065
0.028608214130856475
0
0.010751071273713613
0
0
0
0
0
0.12374241141592633
0.030338750077428905
0
0
0.026877678184284038
0.024646629316278677
0
0
0
0
0
0
0.022834885731300516
0.010751071273713613
0.028608214130856475
0
0
0
0.025267381213764605
0
0
0
0
0
0
0
0
0
0
0
0
0
0
0.024646629316278677
0.0
0
0
0
0
0
0
0
0
0
0
0.05112013443424955
0
0
0
0
0.05797318894278216
0.023971833586110824
0
0
0
0
0
0
0
0.026877678184284038
0
0
0
0.08463126410447197
0.055145287298224134
0
0
0
0
0
0
0
0.044831160896546644
0
0
0
0
0
0
0
0
0
0
0
0
0.022415580448273322
0
0
0
0
0
0
0
0
0
0
0
0
0
0
0
0
0
0
0
0
0
0.01248160722028605
0
0.0
0
0
0
0
0
0
0
0
0
0
0
0
0
0
0
0
0.017040044811416515
0
0
0
0
0
0
0.05797318894278216
0
0
0
0
0
0
0
0
0
0
0
0
0
0
0
0.0
0
0
0
0
0
0
0
0
0
0
0
0
0
0
0.04929325863255735
0.01612660691057042
0
0
0
0
0
0
0
0.005375535636856807
0
0
0
0
0
0
0
0
0
0
0
0
0
0
0
0
0
0
0
0
0
0
0
0
0
0.010751071273713613
0
0
0
0
0.01248160722028605
0
0.0
0
0
0
0
0
0
0
0
0
0.05469567560865197
0
0
0.019271093679421872
0
0
0
0
0
0
0
0
0
0
0
0
0
0
0
0
0
0
0
0
0.3121764333939644
0
0
0
0.4058293634121537
0
0
0
0
0
0
0
0
0
0
0
0
0.20418355694744833
0
0
0
0
0
0
0
0
0.02046657206568282
0
0.021972302167469177
0
0
0.01248160722028605
0
0
0
0
0
0
0
0
0
0
0
0
0
0.027347837804325984
0
0.019271093679421872
0
0
0
0
0
0
0
0
0
0
0
0
0
0
0
0
0
0
0
0
0
0
0
0
0
0
0
0
0
0
0
0
0
0
0
0
0
0
0
0
0
0
0
0
0
0
0
0
0
0.05797318894278216
0
0
0
0
0
0
0
0
0
0
0.013895558042565065
0
0
0
0
0.02046657206568282
0
0.05168421540507926
0.27163865571886825
0
0
0
0
0
0.041686674127695195
0
0.039783691153815595
0
0
0
0
0
0
0
0
0
0
0
0
0
0
0
0
0
0
0
0
0
0
0
0
0
0
0
0
0
0
0
0.0885649560951077
0
0.14105210684078662
0
0
0.05904330406340513
0
0
0
0
0
0
0
0
0
0
0
0
0
0
0
0
0
0
0
0
0
0.05904330406340513
0
0.05971778064056134
0
0.02100162962599431
0
0
0
0
0
0
0
0
0
0.010751071273713613
0
0
0
0
0
0
0
0.0
0.04093314413136564
0
0
0
0
0
0
0
0
0
1.0160911374433221
0
0
0
0.01612660691057042
0
0
0.03225321382114084
0
0
0
0
0
0
0
0
0
0
0
0
0
0
0
0
0
0
0
0
0
0
0.0
0
0
0
0
0
0
0
0
0
0
0
0
0
0
0
0
0
0.010751071273713613
0.010751071273713613
0
0
0
0.09101625023228671
0
0
0
0.010751071273713613
0.04863313700062832
0
0
0
0
0
0
0
0
0
0
0
0
0.055145287298224134
0
0
0
0
0
0
0.030022164953135484
0
0
0.02779111608513013
0
0
0
0
0
0
0
0
0.0
0
0.01248160722028605
0
0
0.0
0
0
0
0
0
0.017857142857142856
0
0
0
0
0
0
0
0
0
0
0
0
0
0
0
0
0
0
0
0
0
0
0
0
0
0
0
0
0
0
0
0.019891845576907798
0
0
0
0
0
0
0
0
0
0
0
0
0
0.03225321382114084
0
0
0
0
0
0
0
0.05642084273631465
0
0
0
0
0
0
0
0
0.005375535636856807
0
0
0
0
0
0
0
0
0
0
0
0
0
0
0
0
0
0
0
0
0.02779111608513013
0
0
0
0
0
0
0
0
0
0
0
0
0
0
0
0.03571428571428571
0
0
0
0
0
0.0
0
0
0
0
0
0
0.02584210770253963
0
0
0
0
0
0
0
0
0
0
0
0
0
0
0
0
0
0
0
0.05112013443424955
0
0
0
0
0
0
0
0
0
0.07989437645540746
0
0.026377165262851113
0
0
0.029347369222967632
0
0
0
0
0
0
0
0
0.5904801982212613
0
0
0
0
0.019891845576907798
0
0
0
0
0
0.0
0
0
0.005375535636856807
0
0
0
0
0
0
0
0
0
0.061399716197048454
0
0
0
0
0
0
0
0
0
0.005375535636856807
0
0
0
0
0.023611058834534272
0
0
0
0
0
0
0
0
0
0
0
0
0
0
0
0
0
0.01248160722028605
0
0.005375535636856807
0
0
0
0
0
0
0
0
0.010751071273713613
0
0
0
0.019271093679421872
0
0
0
0
0
0.027572643649112067
0
0
0
0
0.013895558042565065
0
0
0.005375535636856807
0.028210421368157323
0
0
0
0
0
0
0
0
0
0
0
0
0
0
0
0
0
0
0
0
0
0
0
0
0.06098464914635487
0
0
0
0
0
0
0
0
0.11943556128112268
0
0
0
0.005375535636856807
0
0.02431656850031416
0
0
0
0
0
0.023971833586110824
0
0
0
0
0.0
0
0
0
0
0
0
0
0
0
0
0.022834885731300516
0
0.0
0
0
0
0
0
0
0
0
0
0
0
0
0
0
0
0
0
0.013895558042565065
0
0
0
0.017857142857142856
0.053755356368568076
0
0
0
0
0.10500814812997154
0
0
0
0
0.024646629316278677
0
0
0.005375535636856807
0
0
0
0
0
0
0
0
0
0
0
0
0
0
0.023611058834534272
0
0
0
0
0
0
0
0.02584210770253963
0
0
0
0
0
0
0
0
0
0.0249632144405721
0
0
0
0
0
0
0
0
0
0
0
0
0
0
0
0
0
0
0.024646629316278677
0
0
0
0
0
0
0
0
0
0
0
0
0
0
0
0
0
0
0
0
0
0
0
0.03408008962283303
0
0.013895558042565065
0
0
0
0.015091036428826015
0
0
0
0
0.005375535636856807
0
0
0
0.01248160722028605
0
0
0
0.025560067217124775
0.005375535636856807
0
0
0.023232678493999664
0
0
0
0.01612660691057042
0
0
0
0
0
0.015091036428826015
0
0
0
0
0
0.018596297949254017
0
0
0
0
0
0
0
0
0.017857142857142856
0
0.010751071273713613
0
0
0
0
0
0
0
0
0
0
0
0.05781328103826562
0
0
0
0
0
0
0
0
0
0
0
0
0
0
0.008520022405708257
0
0
0
0
0
0
0
0
0
0
0
0.019891845576907798
0
0
0
0
0
0
0
0
0
0
0
0
0
0
0
0
0
0
0
0
0
0
0
0
0
0
0
0
0
0
0
0
0
0
0
0
0
0
0
0
0
0
0
0.0
0
0
0
0
0
0
0
0
0
0
0
0
0
0
0
0
0
0
0
0
0
0
0
0
0
0.0
0
0
0
0
0.0
0
0
0
0
0
0
0
0.024646629316278677
0
0
0
0.15011082476567741
0
0
0
0
0
0
0.05797318894278216
0
0.0775263231076189
0
0
0.015091036428826015
0
0
0
0.028003602215482055
0
0
0
0
0
0
0
0
0.06004432990627097
0
0
0
0
0
0
0
0
0
0
0
0
0
0
0
0
0
0
0
0
0
0
0
0
0
0
0
0
0
0
0.026377165262851113
0
0
0
0
0
0
0
0
0
0
0.02046657206568282
0
0
0
0
0
0
0
0.02431656850031416
0
0
0
0
0
0.010751071273713613
0
0.01248160722028605
0
0
0
0
0.02584210770253963
0
0
0
0.05721642826171295
0
0
0
0.025560067217124775
0
0
0
0.053755356368568076
0
0
0
0
0
0
0
0
0.017857142857142856
0
0
0
0
0
0
0
0.0
0
0
0
0
0
0
0
0
0.008520022405708257
0
0
0
0
0
0
0
0
0
0
0
0
0
0
0
0
0.05682373596523211
0
0
0
0
0
0
0
0
0
0
0
0
0
0
0
0
0
0
0
0
0
0
0
0
0
0
0
0
0
0
0
0
0
0
0
0
0
0
0.008520022405708257
0.09006649485940646
0
0
0
0.06036414571530406
0
0
0
0
0
0
0
0.04929325863255735
0.028799711727138133
0
0
0
0
0
0
0
0
0
0
0
0
0
0
0
0
0
0
0
0
0
0
0
0
0
0.023611058834534272
0
0
0
0
0
0
0
0
0
0
0
0
0
0
0
0
0
0
0
0
0
0
0
0
0
0
0
0
0
0
0
0
0.017040044811416515
0
0
0
0
0
0
0
0.005375535636856807
0
0
0.05112013443424955
0
0
0
0
0
0.05112013443424955
0
0
0
0
0
0
0
0
0
0
0
0
0
0.029692104137170966
0
0
0
0
0.14929445160140334
0
0
0.3107790516954007
0
0
0.07668020165137432
0.02431656850031416
0
0
0
0
0
0
0
0
0
0.022834885731300516
0
0
0
0
0
0
0
0.03018207285765203
0
0
0
0
0
0
0
0
0
0
0
0.04863313700062832
0
0
0
0
0
0
0
0
0
0.018596297949254017
0
0
0
0
0
0
0
0.021502142547427227
0
0
0
0
0
0
0
0
0
0
0
0
0
0
0
0
0
0
0
0
0
0
0
0
0
0.013895558042565065
0
0
0.008520022405708257
0
0
0
0
0
0
0
0
0
0
0
0.0
0
0
0
0
0
0.01248160722028605
0
0
0
0
0
0
0
0.07989437645540746
0
0.026114249962481358
0
0
0.28608214130856474
0
0
0.1550526462152378
0
0
0
0
0
0
0
0
0
0
0
0.02916907956392119
0.01248160722028605
0
0
0
0
0
0
0
0
0
0
0
0
0
0
0
0
0
0
0
0
0
0
0
0
0
0
0
0
0
0
0
0
0
0
0.017040044811416515
0
0
0
0.018596297949254017
0
0
0
0
0
0
0
0
0
0
0
0
0
0
0
0
0
0.05721642826171295
0.013895558042565065
0.1598442001191036
0
0
0
0
0
0
0
0
0
0
0
0
0
0
0.023232678493999664
0
0
0
0
0
0
0
0
0
0
0
0
0
0.06128583370124283
0
0
0
0
0
0
0
0
0
0.026631458818469154
0
0
0
0
0
0
0
0
0
0
0
0
0
0.07142857142857142
0
0
0
0
0
0
0
0
0
0
0
0.018596297949254017
0.01612660691057042
0
0
0
0.023611058834534272
0
0
0
0
0
0
0
0
0.005375535636856807
0
0.008520022405708257
0
0
0.026377165262851113
0
0
0
0
0
0.09006649485940646
0
0
0.019891845576907798
0
0
0
0
0
0
0
0
0
0
0.0
0
0
0
0
0
0
0
0
0
0
0.04929325863255735
0
0
0
0
0
0.013895558042565065
0
0
0
0
0
0
0
0
0
0
0
0
0
0
0
0
0
0
0
0
0
0.10751071273713615
0
0
0
0.8116587268243074
0
0
0
0
0
0
0
0
0
0.024646629316278677
0
0
0
0
0.017857142857142856
0
0
0
0
0
0
0.46079538763421013
0
0.010751071273713613
0
0
0
0
0
0
0.0958873343444433
0.015091036428826015
0
0
0
0.05112013443424955
0
0
0.010751071273713613
0
0
0
0
0
0
0
0
0
0.2771157647572697
0.10652583527387662
0
0
0
0
0
0
0.053755356368568076
0.02431656850031416
0.023232678493999664
0
0
0.005375535636856807
0.02046657206568282
0.019271093679421872
0
0
0
0
0
0
0
0
0.0878892086698767
0.028210421368157323
0
0.2771157647572697
0
0
0
0
0
0.022415580448273322
0
0.08523560394784817
0
0
0
0
0
0
0.027116320354962278
0
0.013895558042565065
0
0
0
0.03107790516954007
0
0
0
0
0
0
0
0
0
0
0
0
0
0
0
0
0
0
0
0
0
0
0
0.013895558042565065
0
0
0
0.0
0
0.21654921997787108
0.017040044811416515
0.02779111608513013
0
0
0
0
0
0
0
0
0
0
0
0
0
0
0
0
0.019271093679421872
0
0.024646629316278677
0
0
0.013895558042565065
0
0
0
0
0
0
0
0
0
0
0
0
0
0
0
0
0
0
0
0
0
0
0
0
0
0
0
0
0
0
0
0
0
0
0
0
0
0
0
0.017040044811416515
0
0
0
0
0
0
0.024646629316278677
0
0
0
0
0
0.010751071273713613
0
0
0
0.005375535636856807
0
0
0
0
0
0.02046657206568282
0
0
0
0
0.01612660691057042
0
0.02431656850031416
0
0
0
0
0
0
0
0
0
0
0
0
0
0
0
0
0
0
0.013895558042565065
0.051120134434249544
0
0
0
0
0
0
0
0.021972302167469177
0
0
0
0
0.018596297949254017
0
0
0
0
0
0
0
0
0.02046657206568282
0
0
0
0
0
0
0
0.039783691153815595
0
0
0
0
0
0
0.09192875055186425
0
0
0
0
0
0
0
0
0
0
0
0
0.017857142857142856
0.021502142547427227
0
0.0249632144405721
0.02100162962599431
0
0
0
0
0
0
0.8273587549667782
0
0
0
0
0
0
0.07191550075833247
0
0
0.05558223217026026
0
0
0
0
0
0
0
0.028003602215482055
0
0
0
0
0
0
0
0
0
0
0
0
0
0
0
0
0
0
0
0
0
0
0
0
0
0
0
0
0
0.013895558042565065
0
0
0
0
0
0
0.017040044811416515
0
0
0.0880421076689029
0
0
0
0
0
0
0
0.017040044811416515
0
0
0
0
0
0
0
0.02431656850031416
0
0
0
0
0
0
0
0
0
0
0
0.6555705101273251
0
0
0
0
0
0
0
0
0
0
0
0.1838575011037285
0
0
0
0
0
0
0
0
0
0
0
0
0.01248160722028605
0
0
0
0.05600720443096411
0
0
0.027572643649112067
0
0
0
0
0
0
0
0
0.02898659447139108
0
0
0
0
0
0
0
0
0
0
0
0
0
0
0
0.027347837804325984
0.04093314413136564
0
0
0
0
0
0
0
0
0
0
0
0
0
0
0
0
0
0
0
0
0
0
0
0
0
0
0.027347837804325984
0.02898659447139108
0.019891845576907798
0.026877678184284038
0
0
0
0
0
0.027347837804325984
0
0
0
0.025560067217124775
0
0
0
0.017857142857142856
0
0
0
0
0
0
0
0
0
0
0
0
0
0
0
0
0
0
0
0
0
0
0
0
0
0
0
0.023971833586110824
0
0
0
0
0
0
0
0
0.027572643649112067
0
0
0
0
0
0
0
0
0.0878892086698767
0
0
0
0
0
0
0
0
0
0
0
0
0
0
0
0
0
0
0
0
0
0.010751071273713613
0
0
0
0
0
0
0
0.11876841654868386
0
0
0
0
0
0
0
0
0
0
0
0
0
0.0
0
0
0
0
0.09101625023228671
0
0
0
0
0
0
0
0
0
0
0
0
0
0
0.017040044811416515
0
0
0
0
0
0
0
0
0
0
0
0
0.019891845576907798
0
0
0
0.024646629316278677
0
0.025267381213764605
0
0
0
0
0
0
0.05275433052570223
0.017040044811416515
0
0.02779111608513013
0
0
0
0.017857142857142856
0
0
0
0.024646629316278677
0
0.4682646500909466
0
0
0
0
0
0.02779111608513013
0.013895558042565065
0
0
0
0
0
0
0
0
0
0
0.008520022405708257
0
0
0
0
0
0.005375535636856807
0
0
0
0
0
0.21344627201224203
0
0
0
0
0
0
0
0.008520022405708257
0
0
0
0
0
0
0
0
0
0
0
0
0
0
0
0
0
0
0
0
0
0
0
0.27970114652586064
0
0
0
0
0
0
0
0
0
0
0.32473817234872826
0
0
0
0
0
0
0
0
0
0
0.022415580448273322
0
0
0
0
0
0
0
0
0
0
0
0
0
0
0
0
0.0863991351814144
0
0
0
0
0.021502142547427227
0
0
0
0
0
0
0
0
0
0
0
0
0
0
0
0.037192595898508034
0
0
0
0
0
0
0
0
0
0
0
0
0
0.12072829143060812
0
0
0
0
0
0
0.018596297949254017
0
0.005375535636856807
0
0
0
0
0
0
0
0
0
0
0
0
0
0
0
0
0
0
0
0
0
0
0.02431656850031416
0.022834885731300516
0.047222117669068545
0.023971833586110824
0
0
0
0
0
0
0
0
0
0
0
0.022834885731300516
0
0
0
0.028003602215482055
0
0.019891845576907798
0
0
0
0
0
0
0
0
0
0
0
0
0
0
0
0.15011082476567741
0
0
0.02431656850031416
0
0.008520022405708257
0
0
0
0
0
0
0
0.005375535636856807
0
0
0
0
0
0
0.05469567560865197
0.023232678493999664
0.06036414571530406
0
0
0
0.025267381213764605
0
0
0
0.12374241141592633
0
0
0
0
0
0
0
0
0
0
0
0
0
0
0
0
0
0
0
0
0
0
0
0
0
0.05112013443424955
0
0
0
0
0
0
0
0
0
0
0
0
0
0
0
0
0.027572643649112067
0
0
0
0
0
0
0
0
0
0
0
0
0
0
0.017040044811416515
0
0.028411867982616055
0.021502142547427227
0
0
0
0.10751071273713615
0
0
0
0
0
0
0
0
0
0
0
0
0
0
0
0
0
0
0
0
0
0
0
0
0
0
0.058694738445935264
0
0
0
0
0
0
0
0
0
0
0
0
0
0
0
0
0
0.1856136171238895
0.10652583527387662
0
0
0
0
0
0
0
0.018596297949254017
0
0
0
0
0
0
0.005375535636856807
0
0
0
0
0
0
0
0.026631458818469154
0.15246162286588716
0
0
0
0
0
0
0
0
0.01248160722028605
0
0
0
0
0
0
0
0
0
0
0
0
0
0.11364747193046422
0
0
0
0
0
0
0
0
0
0
0
0
0
0
0
0
0
0
0
0.14929445160140334
0
0.0885649560951077
0
0
0
0
0
0
0
0
0
0
0
0
0
0
0
0
0.026114249962481358
0
0
0
0
0
0
0
0.028003602215482055
0
0
0
0
0
0
0
0
0
0
0
0
0
0
0
0
0
0
0
0
0
0
0
0.024646629316278677
0
0
0
0
0
0
0.028003602215482055
0
0
0
0
0
0
0
0
0
0.08582464239256943
0
0
0
0.005375535636856807
0.15246162286588716
0
0
0
0
0.01612660691057042
0
0
0
0
0
0
0
0
0
0
0
0
0
0
0
0
0
0
0
0
0
0
0
0.06947779021282532
0
0.04566977146260103
0
0
0
0
0
0
0
0.015091036428826015
0
0
0
0.005375535636856807
0
0
0
0
0.02046657206568282
0
0
0.11594637788556432
0
0
0
0
0
0
0
0
0
0
0
0
0.3093560285398158
0
0
0
0
0
0.1771299121902154
0
0
0
0
0
0
0
0
0
0
0
0
0
0
0
0
0
0.005375535636856807
0.05682373596523211
0
0
0
0
0
0
0
0.02100162962599431
0
0
0
0
0
0.015091036428826015
0
0.3107790516954007
0
0
0
0
0.05469567560865197
0
0
0
0.0
0
0
0
0
0
0.12257166740248567
0.028411867982616055
0
0
0
0
0
0
0
0
0.02779111608513013
0
0
0
0
0
0
0.027347837804325984
0
0
0
0
0
0.0890763124115129
0.03408008962283303
0
0
0
0
0
0.07142857142857142
0
0.0
0
0.01248160722028605
0
0
0
0
0
0
0
0
0
0
0
0.15011082476567741
0
0.30642916850621416
0
0
0
0
0
0
0
0
0
0
0
0
0
0
0
0
0
0
0
0
0
0
0
0
0
0
0
0
0
0
0
0
0
0.023611058834534272
0
0.4370470067515501
0
0.05642084273631465
0
0
0
0.057599423454276266
0
0.15246162286588716
0
0
0
0.043004285094854454
0
0
0
0
0
0
0
0
0.023232678493999664
0.1449329723569554
0
0
0
0
0
0
0
0
0
0
0
0
0
0
0
0
0
0
0
0
0
0
0
0
0
0.025560067217124775
0
0
0
0
0
0
0
0
0
0
0
0
0
0
0
0
0
0
0
0
0
0
0
0
0.026377165262851113
0
0
0
0
0
0
0
0.3121764333939644
0
0
0.24632512422868416
0
0.018596297949254017
0.05558223217026026
0
0
0
0
0
0
0
0
0
0.026114249962481358
0
0.01248160722028605
0
0
0
0
0
0.008520022405708257
0.010751071273713613
0
0
0.01248160722028605
0
0
0
0.09237192158575656
0
0
0
0
0
0
0
0
0
0
0
0
0
0
0
0
0
0
0
0
1.498446880291029
0.010751071273713613
0
0
0.005375535636856807
0.1546780142699079
0
0
0
0
0
0
0
0
0
0
0
0
0
0
0
0
0
0
0
0
0
0
0.18109243714591217
0
0
0
0
0
0
0
0
0
0
0
0
0
0
0
0
0
0
0
0
0
0
0
0
0
0
0
0.08063303455285212
0
0
0
0
0
0
0.019271093679421872
0
0
0
0
0
0
0
0
0
0
0
0
0
0
0
0
0
0
0
0
0
0
0
0
0
0
0
0
0
0
0.02431656850031416
0
0
0
0.08750723869176358
0
0
0
0.01248160722028605
0
0.010751071273713613
0.017857142857142856
0.021972302167469177
0
0
0
0
0
0
0
0.10846528141984911
0
0
0
0.02046657206568282
0
0
0
0
0
0
0
0
0
0
0
0
0
0
0
0.054232640709924555
0
0
0
0
0.04794366717222165
0
0
0
0
0
0
0
0
0
0
0
0
0.01612660691057042
0
0.6555705101273251
0
0
0
0
0
0
0
0
0.010751071273713613
0
0
0
0
0
0
0
0
0
0
0
0
0
0.026114249962481358
0.05967553673072339
0
0
0
0
0
0
0
0
0
0
0.01612660691057042
0
0
0
0
0
0
0
0
0
0.05168421540507926
0
0.010751071273713613
0
0
0
0
0
0
0
0
0
0
0
0
0
0
0
0.008520022405708257
0
0
0.07913149578855334
0
0
0
0
0
0.15011082476567741
0
0
0
0
0.018596297949254017
0
0
0
0
0.023232678493999664
0
0
0
0
0
0
0
0
0
0
0
0
0
0
0.005375535636856807
0
0
0
0
0
0
0
0
0
0
0.005375535636856807
0
0
0
0.1760842153378058
0
0.0863991351814144
0
0.02779111608513013
0
0
0
0
0
0
0
0
0
0
0
0
0
0
0
0.07708437471768749
0
0
0.010751071273713613
0.02100162962599431
0
0
0
0
0
0
0
0
0
0
0
0.02046657206568282
0.05558223217026026
0.028003602215482055
0.015091036428826015
0.043004285094854454
0
0
0
0
0
0
0
0
0
0
0
0
0
0
0
0
0.0
0
0
0
0
0
0
0
0
0
0
0
0
0
0
0
0
0
0
0
0
0
0
0
0
0
0
0
0
0.0
0
0.2145004179543499
0
0.013895558042565065
0
0
0
0
0
0
0
0
0
0
0
0.010751071273713613
0
0
0
0
0
0
0
0.019891845576907798
0
0
0
0
0
0
0.018596297949254017
0
0
0
0
0
0
0
0.026114249962481358
0
0
0
0.052228499924962715
0
0
0
0
0
0
0.005375535636856807
0.019891845576907798
0.06724674134481996
0
0
0
0
0
0.005375535636856807
0.008520022405708257
0
0
0
0
0
0
0
0
0
0
0
0
0
0.0
0
0
0
0
0
0
0
0
0.010751071273713613
0
0
0
0.005375535636856807
0
0
0
0.01612660691057042
0
0
0
0
0
0
0
0
0
0
0
0
0
0
0
0.04646535698799933
0
0.02100162962599431
0.03571428571428571
0
0
0
0
0
0
0
0.044831160896546644
0.008520022405708257
0
0
0
0.026631458818469154
0
0
0
0
0
0
0.028411867982616055
0
0
0
0
0.0
0
0
0
0
0
0
0
0
0
0
0
0
0
0
0
0
0
0
0.10714285714285714
0.02046657206568282
0
0.051120134434249544
0.06158128105717104
0.021502142547427227
0
0
0
0
0
0
0
0
0
0
0
0
0
0
0
0
0
0
0
0
0
0
0
0
0
0
0
0
0.018596297949254017
0
0.05642084273631465
0
0
0
0
0
0
0
0
0.04394460433493835
0
0
0
0.008520022405708257
0
0.023232678493999664
0
0
0
0
0
0
0
0
0
0
0
0
0
0
0
0
0
0
0
0
0
0
0
0
0
0
0.11594637788556432
0
0.010751071273713613
0
0
0.021972302167469177
0
0.017040044811416515
0.023232678493999664
0.10846528141984911
0
0
0
0
0
0
0
0
0.05053476242752921
0
0
0
0
0.028799711727138133
0.02100162962599431
0
0
0
0
0
0
0
0.022415580448273322
0
0
0
0
0.017857142857142856
0.005375535636856807
0
0
0
0
0
0
0
0
0
0
0
0
0
0
0
0
0
0
0
0
0
0
0
0
0
0
0
0.019271093679421872
0
0
0
0
0
0.05469567560865197
0
0
0.026631458818469154
0
0
0
0
0.005375535636856807
0
0
0
0
0.10986151083734588
0.022834885731300516
0
0
0
0
0
0
0
0
0.028411867982616055
0
0
0
0
0
0
0
0
0
0
0
0
0
0
0
0.008520022405708257
0
0
0
0
0
0
0
0
0
0
0
0
0
0
0
0
0
0
0
0
0
0
0
0
0.030935602853981583
0
0.027572643649112067
0
0
0.005375535636856807
0
0
0
0
0
0
0
0
0
0
0
0
0
0
0
0
0
0
0
0
0
0
0
0
0
0
0
0
0
0
0.013895558042565065
0
0
0
0
0
0
0
0
0
0
0
0
0
0
0
0
0
0
0
0.015091036428826015
0.023611058834534272
0
0
0
0
0
0
0
0
0
0
0
0
0
0.005375535636856807
0
0
0
0
0
0
0
0
0
0
0
0
0.022415580448273322
0
0
0
0
0
0
0
0
0.021502142547427227
0
0
0
0
0
0
0
0
0
0
0
0
0
0
0
0
0
0
0
0
0.005375535636856807
0
0
0
0
0.0249632144405721
0
0
0
0
0
0
0
0
0
0
0
0
0
0
0
0
0
0
0
0
0
0
0
0
0
0
0.05326291763693831
0
0
0
0.005375535636856807
0
0
0
0
0
0
0.052228499924962715
0
0.12008865981254194
0
0
0
0
0
0
0
0
0
0.023971833586110824
0
0
0
0
0
0.023971833586110824
0
0
0
0
0
0
0
0
0
0
0
0
0
0
0
0
0
0
0
0
0
0.022415580448273322
0
0
0.021972302167469177
0
0
0
0.005375535636856807
0
0
0
0
0
0
0
0
0
0
0
0
0
0
0.026631458818469154
0
0
0
0
0
0.09293071397599866
0.01612660691057042
0
0
0.3746117200727572
0
0
0
0.03018207285765203
0
0
0
0
0
0
0
0.030022164953135484
0
0
0
0
0
0.028003602215482055
0
0
0.021502142547427227
0.005375535636856807
0
0
0.026114249962481358
0.05721642826171295
0
0
0
0
0
0
0
0
0
0
0
0
0
0
0
0
0
0
0.02046657206568282
0.02985889032028067
0
0.005375535636856807
0
0
0
0.043004285094854454
0
0.005375535636856807
0
0
0
0
0
0
0
0
0.14929445160140334
0
0
0
0
0
0
0
0
0
0
0
0
0
0
0
0
0
0
0
0
0
0
0
0
0.022834885731300516
0
0
0
0
0.11594637788556432
0
0
0
0
0
0
0
0.029521652031702567
0
0
0
0.04646535698799933
0
0
0
0
0
0.08401080664644617
0
0
0
0
0
0
0
0
0
0
0
0
0
0
0
0
0
0
0
0
0.019891845576907798
0
0
0
0
0
0
0
0
0
0
0.008520022405708257
0
0
0
0
0
0
0
0
0
0.02100162962599431
0
0
0
0
0
0
0
0
0
0
0
0
0
0
0
0
0
0
0
0
0
0
0.023232678493999664
0
0
0
0
0
0
0.4972464827126411
0
0
0
0
0
0
0.04863313700062832
0
0
0
0
0
0
0
0
0
0
0
0
0.015091036428826015
0
0
0
0
0
0.026114249962481358
0
0
0.01248160722028605
0
0
0
0
0
0
0
0
0
0
0
0
0
0
0
0
0
0
0
0
0
0
0
0
0
0
0
0
0
0
0
0.005375535636856807
0
0
0
0.019891845576907798
0
0
0.06004432990627097
0
0.11364747193046422
0
0
0.005375535636856807
0
0
0
0
0
0
0
0
0
0
0
0
0
0
0
0
0.02046657206568282
0.018596297949254017
0
0
0
0
0
0
0
0
0
0
0
0
0
0
0
0
0
0
0
0
0
0
0.053755356368568076
0
0
0
0
0
0
0.0
0.010751071273713613
0
0
0
0
0
0
0
0.3107790516954007
0
0
0
0
0
0.04394460433493835
0
0
0
0
0
0.02046657206568282
0
0
0
0
0
0
0
0
0.015091036428826015
0
0.0
0
0
0
0
0
0
0
0
0
0
0
0
0
0
0
0
0
0
0
0
0
0
0
0
0
0
0
0
0
0
0.05833815912784238
0
0
0
0
0
0
0
0
0
0
0.0249632144405721
0
0
0
0
0
0
0
0
0
0
0
0
0
0
0
0
0
0
0
0
0
0
0
0
0
0
0
0
0
0
0.013895558042565065
0
0
0
0
0
0
0
0
0
0
0
0
0
0
0
0
0
0
0
0
0
0
0.026877678184284038
0
0
0
0
0
0
0.43509067237356097
0
0
0
0
0
0
0
0
0
0
0
0
0
0.0
0
0.008520022405708257
0
0
0
0
0
0
0
0
0
0
0
0
0
0
0
0
0.11808660812681027
0
0
0
0
0
0
0
0
0
0
0
0
0
0
0
0
0
0.027116320354962278
0.08186628826273128
0.008520022405708257
0
0
0
0.0
0
0
0
0
0
0
0.028608214130856475
0
0
0.015091036428826015
0
0
0
0
0
0
0
0
0
0
0
0
0
0
0
0
0
0
0
0
0
0.024646629316278677
0
0
0
0
0
0
0
0
0
0
0
0
0
0
0
0
0.024646629316278677
0
0
0
0
0
0
0
0
0
0
0
0
0
0
0
0
0
0
0
0
0
0
0
0
0
0
0.03018207285765203
0
0
0.017040044811416515
0
0
0
0
0
0
0
0
0
0
0
0
0
0
0
0
0.013895558042565065
0
0
0
0
0
0
0
0
0
0
0
0
0
0
0
0
0
0
0.010751071273713613
0
0
0
0
0
0
0
0
0
0
0
0.02584210770253963
0
0.0885649560951077
0
0
0.005375535636856807
0.24632512422868416
0
0
0
0
0
0.0914769737195323
0
0
0.024646629316278677
0
0
0
0
0.05053476242752921
0
0
0.03571428571428571
0
0
0
0
0
0
0
0
0
0
0
0
0
0.11808660812681027
0
0
0
0
0
0
0
0
0
0
0
0
0
0
0
0
0
0
0
0
0
0
0
0
0
0
0
0
0.02431656850031416
0
0
0
0
0
0
0
0
0.07191550075833247
0
0
0
0
0
0
0
0
0.019271093679421872
0.028608214130856475
0.026877678184284038
0
0
0.015091036428826015
0
0
0
0
0
0.09192875055186425
0.030022164953135484
0
0
0.01612660691057042
1.061399873539479
0
0
0.4972464827126411
0
0.12374241141592633
0.008520022405708257
0
0.029521652031702567
0.09054621857295608
0
0.005375535636856807
0.15169375038714453
0.21553448370009864
0
0.02985889032028067
0
0
0.021502142547427227
0
0.005375535636856807
0
0.9053116568424967
0
0.1539532026429276
0
0
0
0
0
0
0
0.010751071273713613
0
0.028003602215482055
0
0
0
0
0
0.030022164953135484
0.015091036428826015
0
0
0
0
0
0
0.01612660691057042
0
0
0
0
0.12431162067816028
0
0
0.008520022405708257
0
0
0
0.02046657206568282
0
0
0.14760826015851283
0.0914769737195323
0
0
0
0
0
0
0
0
0
0
0
0
0.021502142547427227
0
0.027347837804325984
0
0
0
0
0
0
0
0
0
0
0
0
0
0
0
0
0
0
0
0
0.010751071273713613
0
0
0.017040044811416515
0
0
0
0
0
0
0
0
0
0.0890763124115129
0
0.0
0
0
0
0
0
0
0.008520022405708257
0
0
0
0.005375535636856807
0
0
0
0.019271093679421872
0
0
0
0
0
0
0
0
0
0.019891845576907798
0
0
0
0
0
0
0
0
0
0
0
0
0
0
0
0
0
0
0
0
0
0
0.013895558042565065
0
0
0
0
0
0
0
0
0.01612660691057042
0
0
0
0.02431656850031416
0
0.08957667096084201
0
0
0
0.05112013443424955
0
0
0
0
0
0
0
0
0
0
0
0.05275433052570223
0
0
0
0
0
0
0
0
0
0
0
0
0
0
0.12431162067816028
0
0
0
0
0.03018207285765203
0
0
0
0
0
0
0
0
0
0
0
0
0
0
0
0
0.06036414571530406
0
0
0
0
0.010751071273713613
0
0
0
0
0
0
0
0
0.0
0
0
0
0.013895558042565065
0
0
0.019271093679421872
0
0
0
0
0
0
0
0.015091036428826015
0
0
0
0.0
0
0
0
0
0.21344627201224203
0.03571428571428571
0
0
0
0
0
0
0
0
0
0.017857142857142856
0
0.01248160722028605
0.013895558042565065
0
0
0
0
0
0
0
0
0
0
0
0
0
0
0
0
0
0
0
0
0
0
0
0
0
0
0
0
0
0
0
0
0
0
0
0.017040044811416515
0
0
0
0
0
0
0
0
0
0.019891845576907798
0
0
0
0
0
0
0
0
0
0
0.0
0
0
0
0
0.047222117669068545
0
0
0
0
0
0
0
0.17391956682834647
0
0
0
0.008520022405708257
0
0
0
0
0
0
0.1449329723569554
0
0
0.04794366717222165
0
0
0
0
0
0
0
0
0
0
0
0
0.04863313700062832
0.01248160722028605
0
0
0
0
0
0
0.01612660691057042
0
0
0
0
0
0
0
0
0
0
0
0
0
0
0
0
0
0
0
0
0.005375535636856807
0
0
0.06724674134481996
0
0
0
0
0
0.02898659447139108
0
0
0.023611058834534272
0
0
0
0.06128583370124283
0
0
0.1248160722028605
0
0
0
0
0
0
0
0.06969803548199899
0
0
0
0.05721642826171295
0
0.21654921997787108
0
0
0.12921053851269815
0
0
0
0
0
0
0
0
0
0
0
0
0
0
0
0
0
0
0
0
0
0
0
0.019891845576907798
0
0
0
0
0
0
0
0
0
0.08957667096084201
0
0
0
0
0
0
0
0.03018207285765203
0
0
0.022415580448273322
0
0
0.018596297949254017
0
0.025560067217124775
0
0
0
0
0
0
0
0.022834885731300516
0.05904330406340513
0.02046657206568282
0
0
0
0
0.09237192158575656
0
0
0.06067750015485781
0
0.08582464239256943
0
0
0
0.057599423454276266
0.0827179309473362
0
0
0
0.5931352234485323
0
0
0.05275433052570223
0
0
0
0.028411867982616055
0.013895558042565065
0
0
0
0
0
0
0
0
0
0
1.498446880291029
0
0
0
0
0
0.028411867982616055
0
0
0
0
0
0
0
0
0
0
0
0.3433940767333608
0
0
0
0.022415580448273322
0.023232678493999664
0
0
0
0
0
0.0863991351814144
0.025267381213764605
0
0
0
0
0
0.058694738445935264
0.030022164953135484
0.017040044811416515
0.11594637788556432
0
0.02898659447139108
0.21344627201224203
0
0.0
0
0
0
0
0
0
0
0.02898659447139108
0
0
0
0
0
0
0
0
0.04394460433493835
0
0
0
0
0
0
0
0
0
0
0
0.15246162286588716
0
0
0
0
0
0
0
0.021972302167469177
0.02584210770253963
0
0.4040127672040209
0.027347837804325984
0
0
0.3049232457317743
0
0
0
0
0
0
0
0
0
0
