0.019891845576907798
0
0.017040044811416515
0
0
0
0
0
0
0
0
0
0
0
0
0
0
0
0
0
0
0
0
0
0
0
0
0
0
0
0
0
0
0
0
0
0
0
0
0
0
0
0
0
0
0
0
0
0
0
0
0
0
0
0
0
0
0
0
0.019891845576907798
0
0
0
0
0
0
0
0
0
0
0
0
0
0
0
0
0
0
0
0
0
0
0
0
0
0
0
0
0.010751071273713613
0
0
0
0
0
0
0
0
0
0
0
0
0
0
0
0
0
0
0
0
0.022834885731300516
0
0
0
0
0
0
0
0
0
0.021972302167469177
0
0
0
0
0
0
0
0
0
0
0
0.019271093679421872
0
0
0
0
0
0
0
0
0
0
0
0
0
0
0
0
0
0
0
0
0
0
0
0.0249632144405721
0
0
0
0
0
0
0
0
0
0
0
0
0
0
0
0
0
0.01248160722028605
0.01248160722028605
0
0
0
0
0
0
0
0
0.008520022405708257
0.017040044811416515
0
0
0
0
0
0
0.0
0
0
0
0
0
0
0
0
0
0
0
0
0
0
0
0
0
0
0
0
0
0
0
0.02431656850031416
0
0
0
0
0
0
0
0
0
0
0
0.026114249962481358
0
0
0
0.019891845576907798
0.01612660691057042
0
0.010751071273713613
0
0
0
0
0
0
0.02584210770253963
0
0
0
0
0
0
0
0
0
0
0
0.021502142547427227
0.017040044811416515
0
0
0
0
0
0
0
0
0
0
0
0.019271093679421872
0
0
0
0
0
0
0
0
0
0
0
0
0
0
0
0
0
0
0.018596297949254017
0
0
0.019891845576907798
0
0.019891845576907798
0
0
0
0
0
0
0
0
0
0
0
0
0
0
0
0
0
0
0
0
0
0
0
0
0
0
0.019271093679421872
0
0
0
0
0
0
0
0
0
0
0
0
0
0
0
0
0
0
0
0
0
0
0.018596297949254017
0
0
0
0
0
0
0
0
0.04794366717222165
0
0
0
0.1539532026429276
0
0.013895558042565065
0
0.0
0
0
0
0
0
0
0
0
0
0
0
0
0
0
0
0.027347837804325984
0
0
0
0
0.02100162962599431
0
0.01612660691057042
0
0
0
0
0
0
0
0
0
0.02046657206568282
0
0
0
0
0
0
0
0
0
0
0
0
0
0
0
0
0
0
0
0
0
0
0
0
0
0
0
0
0
0
0
0
0
0
0
0.08582464239256943
0
0
0
0
0
0
0.01248160722028605
0
0
0
0
0
0
0
0
0
0
0
0
0
0
0
0
0
0
0
0
0
0
0
0
0
0
0
0
0
0
0
0.04394460433493835
0
0
0
0.5743045938908456
0.030338750077428905
0
0
0
0.12316256211434208
0.028003602215482055
0.044831160896546644
0
0
0.026631458818469154
0
0
0
0
0
0
0
0
0
0
0
0
0.01612660691057042
0
0
0
0
0
0
0
0
0
0
0
0
0
0
0
0
0
0
0
0
0
0
0
0
0.022834885731300516
0
0.017040044811416515
0
0
0
0
0
0
0
0.3107790516954007
0
0
0
0
0
0
0
0.026631458818469154
0
0
0
0
0
0.2497411467151715
0.9634150602557421
0
0
0
0
0
0
0.06215581033908014
0
0
0
0
0
0
0
0
0
0
0
0
0
0
0.013895558042565065
0
0
0
0
0
0
0
0
0.0885649560951077
0
0
0
0
0
0
0
0
0
0
0.02046657206568282
0
0.0748896433217163
0
0.017040044811416515
0
0
0
0
0
0
0
0
0
0
0
0
0
0
0
0
0
0
0.005375535636856807
0
0
0
0.027572643649112067
0
0
0
0
0
0
0
0
0
0
0
0
0
0
0
0
0
0
0
0
0
0.013895558042565065
0
0
0.01612660691057042
0
0
0
0
0
0
0
0
0.008520022405708257
0
0
0
0
0
0
0
0
0
0
0
0
0.010751071273713613
0
0
0
0
0.07708437471768749
0
0
0
0
0
0
0
0
0
0
0
0
0.008520022405708257
0
0
0
0
0
0
0
0
0
0
0
0
0
0
0
0
0
0
0
0
0
0
0
0.017857142857142856
0
0
0
0
0
0
0
0
0
0
0
0
0
0
0
0
0
0
0
0
0
0.01248160722028605
0
0
0
0
0
0
0
0
0
0
0
0
0
0.06098464914635487
0
0
0
0
0
0
0
0
0
0
0
0
0
0
0
0
0
0.04646535698799933
0
0
0
0
0.022834885731300516
0
0
0
0
0
0
0
0.005375535636856807
0
0
0
0
0
0
0
0
0
0
0
0
0
0
0
0
0
0
0
0
0
0
0
0
0
0.005375535636856807
0
0
0.028608214130856475
0.04929325863255735
0
0
0
0
0
0
0.3402916313937974
0.030338750077428905
0
0
0
0.024646629316278677
0
0
0
0
0
0
0.022834885731300516
0
0.028608214130856475
0
0
0
0.05053476242752921
0
0
0
0
0
0
0
0.0
0
0
0
0
0
0.01248160722028605
0
0
0
0
0
0
0
0
0
0
0
0
0.025560067217124775
0
0
0.005375535636856807
0
0
0
0.018596297949254017
0
0
0
0
0
0
0.026877678184284038
0
0.026631458818469154
0
0.05642084273631465
0.055145287298224134
0
0
0
0
0
0
0
0.022415580448273322
0.03018207285765203
0
0
0
0
0
0
0
0
0
0.01248160722028605
0
0
0
0
0
0
0
0
0
0.017040044811416515
0
0
0
0
0
0
0
0.005375535636856807
0
0
0
0
0
0
0
0
0.013895558042565065
0
0
0
0
0
0
0
0.02046657206568282
0
0
0
0
0
0
0
0.017040044811416515
0
0
0
0
0
0
0.02898659447139108
0
0
0
0
0
0
0
0
0
0.022834885731300516
0
0
0
0
0
0
0
0
0
0
0
0
0
0
0
0
0
0
0
0
0.024646629316278677
0
0
0
0
0
0
0
0
0
0
0
0
0
0
0
0
0
0
0
0
0
0.05971778064056134
0
0
0
0
0
0
0.05578889384776205
0
0
0
0
0
0
0.04093314413136564
0
0
0
0
0
0
0
0
0
0
0.022834885731300516
0
0
0
0
0.05469567560865197
0
0
0.019271093679421872
0
0
0
0
0
0
0
0
0
0
0
0
0
0
0.20784472896019676
0
0
0
0
0
0.21852350337577506
0
0
0
0.3121764333939644
0
0.027347837804325984
0
0
0
0
0.052228499924962715
0
0
0
0
0
0.08750723869176358
0
0
0
0
0.008520022405708257
0
0
0
0
0
0
0
0
0
0
0
0
0
0
0
0
0
0
0
0
0
0
0
0
0
0
0
0
0
0
0
0.05967553673072339
0
0
0
0
0
0
0
0.023232678493999664
0
0
0
0
0
0
0
0
0
0
0
0
0
0
0
0
0.013895558042565065
0
0
0
0
0
0
0
0
0
0
0
0
0
0
0
0
0
0.05797318894278216
0
0
0.019891845576907798
0
0
0
0
0
0
0
0
0
0
0
0
0.02046657206568282
0
0
0.2112745100035642
0
0
0
0
0
0.013895558042565065
0
0
0
0
0
0
0
0.025560067217124772
0
0.017857142857142856
0
0
0
0
0
0
0
0
0
0
0
0.010751071273713613
0
0
0
0
0
0
0
0
0
0.023971833586110824
0
0.20665156422191797
0.044831160896546644
0.05642084273631465
0
0
0.14760826015851283
0
0
0.038542187358843745
0
0
0
0
0
0
0
0
0
0.010751071273713613
0
0
0.013895558042565065
0
0
0
0
0
0.14760826015851283
0
0.3881655741636487
0
0.10500814812997154
0
0
0
0
0
0
0
0
0
0
0
0.10445699984992543
0
0
0
0
0
0
0
0
0
0
0.010751071273713613
0
0.005375535636856807
0
0
0
0.18474384317151313
0
0.022415580448273322
0
0
0
0
0
0
0
0
0
0
0
0
0
0
0
0
0
0
0
0
0
0
0
0
0
0
0
0
0
0
0
0
0
0.038542187358843745
0
0
0
0
0
0
0
0
0
0
0
0
0
0
0
0
0
0
0
0
0
0
0
0
0
0
0
0.015091036428826015
0
0
0
0
0
0
0
0
0
0
0
0
0
0.2101551546719484
0
0
0.11116446434052052
0
0
0
0
0
0
0
0
0
0
0
0
0
0
0
0
0
0
0
0
0
0
0
0
0
0
0
0
0
0
0.0
0
0
0
0
0
0
0.017040044811416515
0
0
0
0
0
0
0
0
0.01612660691057042
0
0
0
0
0
0
0
0
0
0
0
0
0
0
0
0
0
0
0
0.010751071273713613
0
0
0
0
0
0
0.028210421368157323
0.05053476242752921
0
0
0
0.008520022405708257
0
0
0
0
0
0
0
0
0
0
0
0
0
0
0
0
0
0
0
0
0
0
0
0
0.013895558042565065
0
0
0
0
0
0
0
0
0
0
0
0
0
0
0
0.017857142857142856
0
0
0
0.017857142857142856
0
0
0
0
0
0
0
0
0
0
0
0
0
0
0
0.0
0
0
0
0
0
0
0
0
0
0
0
0
0
0
0
0
0
0
0
0
0
0
0.026631458818469154
0
0
0.026631458818469154
0
0.0880421076689029
0
0.01248160722028605
0
0
0
0
0
0
0.37293486203448084
0
0
0
0
0
0
0
0
0
0
0
0
0
0
0
0
0
0
0
0
0.05326291763693831
0
0
0.02046657206568282
0.017040044811416515
0
0
0
0
0
0.07956738230763119
0
0.08750723869176358
0
0.026631458818469154
0
0
0.005375535636856807
0
0
0
0
0
0
0
0
0
0
0
0
0
0
0
0
0
0
0
0
0
0
0
0
0
0
0
0
0
0
0
0
0
0
0
0.01612660691057042
0
0
0
0.055145287298224134
0
0
0
0
0.013895558042565065
0.010751071273713613
0
0
0.028210421368157323
0
0
0
0
0
0
0
0
0
0.023232678493999664
0
0
0
0
0
0
0
0
0
0
0
0
0
0
0.0914769737195323
0
0
0.008520022405708257
0
0
0
0
0
0.08957667096084201
0.013895558042565065
0
0
0
0
0.02431656850031416
0
0
0
0
0
0.07191550075833247
0
0
0
0
0
0
0
0
0
0
0
0
0
0
0.0
0
0
0
0
0
0
0
0
0
0
0
0
0
0
0
0.010751071273713613
0
0
0
0
0
0
0
0
0
0
0
0
0
0
0
0
0.005375535636856807
0
0
0.024646629316278677
0
0
0.005375535636856807
0
0
0
0
0
0
0
0
0
0
0
0
0
0.013895558042565065
0
0
0
0
0
0
0
0
0
0.018596297949254017
0
0
0
0
0
0
0
0.04093314413136564
0.0249632144405721
0.022834885731300516
0.0
0
0
0
0
0
0
0
0
0
0
0
0
0
0
0
0
0
0
0
0
0
0
0
0
0
0
0
0.005375535636856807
0
0
0
0
0
0
0
0
0
0
0
0
0
0
0
0
0
0.0
0
0
0
0
0
0
0
0
0
0
0
0
0.02431656850031416
0
0
0.018596297949254017
0
0
0
0
0
0
0
0
0
0
0
0
0
0
0
0
0
0.037192595898508034
0
0
0
0
0
0
0
0
0
0
0
0
0
0
0
0
0
0
0.07989437645540746
0
0
0.01612660691057042
0
0
0
0
0
0
0.010751071273713613
0
0
0
0
0
0
0
0
0
0
0
0
0
0.010751071273713613
0
0
0
0
0
0
0.019891845576907798
0
0
0
0
0
0
0
0
0.05600720443096411
0.0249632144405721
0
0
0
0
0
0
0
0
0
0
0
0
0.017857142857142856
0
0
0
0
0
0
0
0
0
0
0
0
0
0
0
0
0
0
0
0
0
0
0
0
0
0
0
0
0
0
0
0
0
0
0
0
0
0
0
0
0
0
0
0
0
0
0
0
0
0
0
0
0
0.019891845576907798
0
0
0
0.0
0.02431656850031416
0
0
0
0
0.06004432990627097
0
0
0
0
0
0
0.02898659447139108
0
0
0
0
0
0.052228499924962715
0
0
0.028003602215482055
0
0
0.01612660691057042
0
0
0
0.008520022405708257
0
0.09006649485940646
0
0
0
0
0
0
0
0
0
0
0
0
0
0.1022402688684991
0
0.01248160722028605
0.013895558042565065
0
0
0
0
0.017040044811416515
0.008520022405708257
0
0
0
0
0
0
0
0.026377165262851113
0
0
0
0
0
0
0
0
0
0
0
0
0
0
0
0
0
0
0
0
0
0
0
0
0
0
0
0
0.013895558042565065
0
0
0.02584210770253963
0
0
0
0
0.01248160722028605
0
0
0
0
0
0
0.10751071273713615
0
0
0
0
0
0
0
0
0.017857142857142856
0
0
0
0
0
0
0
0
0
0
0
0
0
0.0
0
0
0
0
0
0
0
0
0
0
0
0
0.008520022405708257
0
0
0
0
0
0
0.028411867982616055
0
0
0
0
0
0
0
0
0
0
0
0
0.023232678493999664
0.01248160722028605
0
0
0
0
0
0
0.017040044811416515
0
0
0
0.008520022405708257
0
0
0.010751071273713613
0
0
0
0.005375535636856807
0
0
0
0.0
0
0
0
0
0
0
0.01248160722028605
0
0
0
0
0
0
0
0
0
0.028799711727138133
0
0
0.054232640709924555
0.008520022405708257
0
0
0
0
0
0
0
0
0
0
0
0
0
0.024646629316278677
0
0
0
0
0
0
0
0.023611058834534272
0
0
0
0
0
0
0
0
0
0
0.018596297949254017
0
0
0
0
0
0.019271093679421872
0
0
0
0
0
0
0
0
0.01612660691057042
0
0
0.017040044811416515
0
0
0
0.017040044811416515
0
0
0
0
0
0
0
0
0
0
0
0
0
0
0
0
0.025560067217124775
0
0
0
0
0
0
0
0
0
0
0
0
0
0.029692104137170966
0
0
0
0
0.05971778064056134
0
0
0.27970114652586064
0
0
0.025560067217124775
0.02431656850031416
0
0.015091036428826015
0.02046657206568282
0
0
0
0
0
0
0
0
0
0
0
0
0
0
0
0
0
0
0
0
0
0.02779111608513013
0
0
0
0
0.04863313700062832
0
0
0
0
0
0
0
0
0
0
0
0
0
0
0
0.008520022405708257
0
0
0
0
0
0
0
0
0
0
0
0
0
0
0
0
0
0
0
0
0
0
0
0
0
0
0
0
0
0
0
0.01612660691057042
0
0
0
0
0
0
0
0
0
0
0
0
0
0
0
0
0
0
0
0.023971833586110824
0
0
0
0
0.026631458818469154
0
0.026114249962481358
0
0
0.28608214130856474
0.05112013443424955
0
0.05168421540507926
0
0
0.008520022405708257
0
0.018596297949254017
0
0
0
0
0
0
0.02916907956392119
0
0
0.0
0
0
0
0
0
0
0
0
0
0
0
0
0
0
0
0
0
0
0
0
0.026877678184284038
0
0
0
0
0
0
0.057599423454276266
0
0
0
0
0
0
0
0
0
0
0
0
0
0
0
0
0
0
0
0
0
0
0
0
0
0.019271093679421872
0
0
0
0
0
0
0
0
0
0
0
0
0
0.04794366717222165
0
0.04646535698799933
0
0
0
0.013895558042565065
0.01248160722028605
0
0
0
0
0
0
0
0
0
0
0.06128583370124283
0
0
0
0
0
0
0
0.019271093679421872
0
0
0
0
0
0.0
0
0
0
0
0
0
0
0
0
0
0
0
0
0
0
0
0
0
0.005375535636856807
0
0
0
0
0
0
0
0
0
0
0
0
0
0
0
0
0
0
0
0
0
0
0
0
0
0
0.018596297949254017
0.06004432990627097
0
0.005375535636856807
0
0.0
0
0
0
0
0
0
0
0
0
0
0
0
0
0
0
0
0
0
0.015091036428826015
0
0
0
0
0
0
0
0
0
0
0
0
0
0
0
0.0
0
0
0
0
0.005375535636856807
0.0499264288811442
0
0
0
0
0
0.005375535636856807
0
0
0
0
0
0.3121764333939644
0
0
0
0
0
0
0
0
0
0
0
0
0
0
0.03571428571428571
0
0
0
0.0
0.018596297949254017
0
0.14399855863569067
0
0
0
0
0.021502142547427227
0
0
0
0.023971833586110824
0
0
0
0
0
0
0
0
0
0
0
0
0
0
0
0
0
0.18474384317151313
0.026631458818469154
0
0
0
0
0
0
0.053755356368568076
0.02431656850031416
0
0
0.0
0
0.02046657206568282
0
0
0
0
0
0
0
0
0.05682373596523211
0.04394460433493835
0
0
0
0
0
0
0
0
0
0
0.05682373596523211
0
0
0
0
0
0
0
0
0
0
0
0
0.09323371550862021
0
0
0
0
0
0
0
0
0
0
0
0
0
0
0
0
0
0
0.017857142857142856
0
0
0
0
0
0.008520022405708257
0
0
0
0
0.371227234247779
0
0.11116446434052052
0
0
0
0
0
0
0
0
0
0
0
0
0
0
0
0
0
0.0
0.024646629316278677
0.02046657206568282
0
0
0
0
0
0
0
0
0
0
0
0
0
0
0
0
0
0
0
0
0
0
0
0
0
0
0
0
0
0
0
0
0
0
0
0
0
0
0
0
0
0
0
0.023971833586110824
0
0
0
0
0
0
0
0
0
0
0
0
0
0
0
0
0
0
0.026877678184284038
0.02100162962599431
0
0
0
0
0
0
0
0.04863313700062832
0.017040044811416515
0
0
0
0
0
0.005375535636856807
0
0
0
0
0
0
0.017040044811416515
0
0
0
0
0
0
0
0
0
0
0
0
0
0.06591690650240753
0
0
0.02046657206568282
0
0
0.01248160722028605
0
0
0
0
0
0
0
0
0
0
0
0.017857142857142856
0
0
0.05682373596523211
0
0.013895558042565065
0
0
0
0
0
0.12257166740248567
0
0
0
0
0
0
0
0
0
0
0
0
0
0
0
0.0499264288811442
0
0.022834885731300516
0
0
0
0
0
0.2145004179543499
0
0
0
0
0
0
0.023971833586110824
0
0.0
0.05558223217026026
0
0
0
0.0
0
0
0
0.11201440886192822
0
0
0
0
0
0
0
0
0
0.0249632144405721
0
0
0
0
0
0
0.023611058834534272
0
0
0
0
0
0
0
0
0
0
0
0
0
0
0
0.0499264288811442
0
0.021502142547427227
0
0
0
0
0.029347369222967632
0
0
0
0
0
0
0
0
0
0
0
0.008520022405708257
0
0
0
0.02431656850031416
0
0
0
0
0
0
0
0
0
0
0
1.1238351602182717
0
0
0
0
0
0
0
0
0
0
0
0.1838575011037285
0
0
0
0
0
0
0
0
0.0
0
0
0.08337334825539039
0
0
0
0
0.19602521550837437
0
0
0.055145287298224134
0
0
0
0
0
0
0
0
0.1449329723569554
0
0
0
0
0
0
0
0
0
0
0
0
0
0
0
0
0
0
0
0
0
0
0
0
0
0
0
0
0
0
0
0
0
0
0
0
0.010751071273713613
0
0
0
0
0
0
0.05469567560865197
0.08695978341417324
0
0.026877678184284038
0
0
0
0
0
0
0.04093314413136564
0
0
0
0
0
0
0
0
0
0
0
0
0
0
0.0
0.017040044811416515
0
0
0
0
0
0
0
0
0
0
0
0
0
0
0
0
0
0
0.0958873343444433
0
0
0.0
0
0
0
0
0
0.27572643649112066
0
0
0
0
0
0
0
0
0
0
0
0
0
0
0
0.01612660691057042
0.026114249962481358
0
0
0
0
0
0
0
0
0
0
0.005375535636856807
0
0
0
0
0
0
0
0
0
0
0.029692104137170966
0
0
0
0
0
0
0
0
0
0
0
0
0
0
0
0
0
0
0.21237125054200234
0
0
0
0
0
0
0
0
0
0
0
0
0
0
0.017040044811416515
0.008520022405708257
0.010751071273713613
0
0
0
0.03571428571428571
0
0
0
0
0
0
0
0
0
0
0
0
0.025267381213764605
0
0
0
0
0
0
0.026377165262851113
0
0
0
0
0
0
0
0
0
0
0.17252640521395074
0
0.5931352234485323
0
0
0
0
0
0.02779111608513013
0
0
0
0
0
0
0.019891845576907798
0
0
0
0
0
0
0
0
0
0
0
0
0
0
0
0
0.48787719317083894
0
0
0
0
0
0.02046657206568282
0
0
0
0
0
0
0
0
0
0
0
0
0
0
0
0
0
0
0
0
0.005375535636856807
0
0
0
0
0.15538952584770035
0.1144328565234259
0
0
0
0
0
0
0
0
0
0.0885649560951077
0
0
0
0
0
0
0
0
0
0
0
0
0
0
0
0
0.018596297949254017
0
0
0
0
0
0
0
0
0
0
0
0
0
0
0
0
0
0
0
0
0
0
0
0
0
0
0
0
0
0
0
0
0
0
0
0
0
0
0
0
0
0
0
0
0
0
0
0
0
0
0
0
0
0
0
0
0
0
0
0
0
0
0
0
0
0.23887112256224535
0
0
0
0
0
0
0
0
0
0
0
0
0.04566977146260103
0
0
0
0
0
0
0
0
0
0
0
0
0
0.022834885731300516
0
0
0.021502142547427227
0.05600720443096411
0
0
0
0
0
0
0
0
0
0
0.0
0
0
0
0
0
0
0.12008865981254194
0
0
0
0
0
0
0
0
0
0
0
0
0
0
0
0.017040044811416515
0.02431656850031416
0
0
0.05469567560865197
0
0.06036414571530406
0
0
0.018596297949254017
0
0.01612660691057042
0.015091036428826015
0
0.030935602853981583
0
0
0.01248160722028605
0
0
0
0
0
0
0
0.015091036428826015
0.02046657206568282
0
0
0
0
0
0
0.005375535636856807
0
0
0
0
0.026377165262851113
0
0
0
0
0.01612660691057042
0
0
0
0.022415580448273322
0.019891845576907798
0
0
0
0
0
0
0.0
0
0.027572643649112067
0
0
0.029692104137170966
0
0
0.0
0
0
0
0
0
0.026114249962481358
0
0
0
0
0.028411867982616055
0
0
0
0
0
0
0
0
0
0
0
0.04929325863255735
0.026377165262851113
0
0
0
0
0
0.010751071273713613
0
0
0
0
0
0
0
0
0
0
0
0
0.0880421076689029
0
0
0
0
0.019891845576907798
0.018596297949254017
0
0
0
0
0
0
0
0
0
0.05469567560865197
0
0.1546780142699079
0.07989437645540746
0
0
0
0
0
0
0
0
0
0
0
0
0
0
0
0
0
0
0
0
0
0
0.026631458818469154
0.06098464914635487
0
0
0
0
0.010751071273713613
0
0
0
0
0
0
0.019271093679421872
0
0
0
0
0
0
0
0
0
0
0.11364747193046422
0
0
0
0
0
0
0
0
0
0
0
0
0
0
0
0.01612660691057042
0
0
0.010751071273713613
0.11943556128112268
0
0.05904330406340513
0
0.017040044811416515
0
0
0
0
0
0
0
0
0
0
0
0
0
0
0
0
0
0
0.02584210770253963
0
0
0
0
0
0
0
0
0
0.010751071273713613
0
0
0
0
0
0
0.02046657206568282
0
0
0
0
0
0
0
0
0
0
0.04929325863255735
0
0
0
0.0
0
0
0.14001801107741027
0
0
0
0
0
0
0
0
0
0
0
0
0
0
0
0
0
0
0
0
0
0
0
0
0
0
0
0
0
0
0
0
0
0
0
0.0
0
0
0
0
0
0
0
0
0
0.022834885731300516
0
0.01612660691057042
0
0
0
0
0
0
0
0
0
0
0
0
0
0
0
0
0
0.08695978341417324
0
0
0
0
0
0
0
0
0
0
0
0
0.3402916313937974
0
0
0
0
0
0
0
0
0
0
0
0.0
0
0
0
0
0.019891845576907798
0
0.023611058834534272
0
0.021502142547427227
0
0
0
0.08523560394784817
0
0
0
0
0
0
0
0.02100162962599431
0
0
0
0
0
0
0.0863991351814144
0.46616857754310104
0
0
0
0
0.08204351341297796
0
0
0
0
0
0
0
0
0
0.09192875055186425
0.05682373596523211
0
0
0
0
0
0
0
0
0
0
0
0
0
0
0
0.05469567560865197
0
0
0
0.0
0
0.05938420827434193
0
0
0
0
0
0
0
0
0
0
0
0
0
0.043004285094854454
0
0
0
0
0
0
0
0
0.12008865981254194
0
0.30642916850621416
0
0
0
0
0
0
0
0
0
0
0
0
0
0
0
0
0
0
0
0
0
0
0
0
0
0.013895558042565065
0
0
0
0
0
0
0
0.07083317650360282
0
0.3121764333939644
0
0.05642084273631465
0
0
0
0
0
0.15246162286588716
0
0
0
0.021502142547427227
0
0
0
0
0
0
0
0
0
0.05797318894278216
0.028003602215482055
0
0.005375535636856807
0
0
0
0
0
0
0
0
0
0
0
0
0
0
0
0
0
0
0
0
0
0
0.025560067217124775
0
0
0
0
0.022834885731300516
0
0.01248160722028605
0
0.05642084273631465
0
0
0
0
0
0.010751071273713613
0
0
0
0
0
0
0
0
0
0.026377165262851113
0
0
0
0
0
0
0
0.0936529300181893
0
0
0.21553448370009864
0
0.018596297949254017
0.05558223217026026
0
0.008520022405708257
0
0
0.01612660691057042
0
0
0
0
0.07834274988744408
0.025560067217124775
0
0.015091036428826015
0
0.021502142547427227
0
0
0
0
0
0
0
0.005375535636856807
0.008520022405708257
0
0.1539532026429276
0
0
0.05326291763693831
0
0
0.027116320354962278
0
0
0
0
0
0
0
0
0.030492324573177434
0
0
0
0
0
1.1238351602182717
0
0
0.01248160722028605
0
0.12374241141592633
0
0
0
0
0
0
0
0
0
0
0
0
0
0
0
0
0.019891845576907798
0
0
0
0
0
0.06036414571530406
0
0
0
0
0
0
0
0
0
0
0
0
0
0
0
0
0
0
0
0
0
0
0
0
0
0
0
0.026877678184284038
0
0
0
0
0
0
0
0
0
0
0
0
0
0
0
0
0
0
0
0
0
0
0
0
0
0
0
0
0
0
0
0
0
0
0
0
0
0.02431656850031416
0
0
0
0.02916907956392119
0
0
0
0
0
0
0
0
0.04794366717222165
0
0
0
0.013895558042565065
0.010751071273713613
0
0.027116320354962278
0
0
0
0.02046657206568282
0
0.005375535636856807
0
0
0
0
0
0
0
0
0
0
0
0
0
0
0
0.02584210770253963
0.01612660691057042
0
0.023971833586110824
0
0
0
0
0
0
0
0
0
0
0.021502142547427227
0
0
0
0.3121764333939644
0
0.13673918902162993
0
0
0
0
0
0
0
0
0
0
0
0
0
0
0
0
0
0
0
0
0
0
0
0
0
0
0
0
0
0.005375535636856807
0
0
0
0.015091036428826015
0
0
0
0
0
0
0
0
0.02584210770253963
0
0
0
0
0.018596297949254017
0
0.0
0
0
0
0
0
0
0
0
0.005375535636856807
0
0.008520022405708257
0.0
0
0
0
0
0
0
0
0.15011082476567741
0.021972302167469177
0
0
0
0.018596297949254017
0
0
0
0
0
0
0
0
0
0
0
0
0
0.019271093679421872
0
0
0
0
0
0
0
0
0
0
0
0
0
0
0
0
0
0.12323314658139338
0
0
0.11738947689187053
0
0.028799711727138133
0
0.05558223217026026
0.02046657206568282
0
0
0
0
0
0.044831160896546644
0
0
0
0.01248160722028605
0
0.01612660691057042
0
0
0
0
0
0.010751071273713613
0.02100162962599431
0
0.01612660691057042
0
0
0
0
0.043004285094854454
0
0
0
0
0
0.11116446434052052
0
0
0
0
0
0
0
0
0
0
0
0
0
0
0
0
0
0
0
0
0
0
0
0
0
0
0.008520022405708257
0.0
0.005375535636856807
0
0
0.018596297949254017
0
0
0
0
0
0
0
0
0
0
0
0.021502142547427227
0
0
0
0
0
0
0.06128583370124283
0
0
0.0
0
0
0
0
0
0
0
0
0
0
0
0
0
0
0
0
0
0
0
0
0
0
0
0
0
0.018596297949254017
0
0
0
0
0.044831160896546644
0.018596297949254017
0
0.026114249962481358
0.013895558042565065
0
0
0.026114249962481358
0
0
0
0
0
0
0
0
0.022415580448273322
0
0
0.023611058834534272
0
0
0
0
0
0
0
0
0
0
0
0
0
0
0
0
0.02100162962599431
0
0
0.06591690650240753
0.017040044811416515
0
0
0
0
0
0
0.005375535636856807
0
0.0
0.005375535636856807
0
0
0
0.01612660691057042
0
0
0.017040044811416515
0.010751071273713613
0
0
0.018596297949254017
0
0
0
0
0
0
0
0.04794366717222165
0
0
0
0
0.017857142857142856
0
0
0
0
0
0
0
0
0.010751071273713613
0
0
0.026631458818469154
0
0
0
0
0
0
0.05682373596523211
0
0
0
0
0
0
0
0
0
0
0
0
0
0
0
0
0
0
0
0
0
0
0
0.03571428571428571
0
0
0.017040044811416515
0.12316256211434208
0
0.02046657206568282
0
0
0
0
0
0
0
0
0
0
0
0
0
0.018596297949254017
0
0
0
0
0.005375535636856807
0
0
0
0
0
0
0
0
0
0
0.028210421368157323
0
0
0
0
0
0
0
0
0.04394460433493835
0.015091036428826015
0
0
0
0
0
0
0
0
0
0
0
0
0
0
0
0
0
0
0
0
0
0
0
0
0
0
0
0
0
0
0
0.02898659447139108
0.021502142547427227
0
0
0
0
0
0
0
0
0
0
0
0.008520022405708257
0
0
0.04566977146260103
0
0
0
0
0
0
0.028799711727138133
0.08400651850397724
0
0
0
0
0
0
0
0
0
0.008520022405708257
0
0
0.03571428571428571
0
0
0
0
0
0
0
0
0
0
0
0
0
0
0
0
0
0
0
0
0.0
0
0
0
0
0
0
0
0.019271093679421872
0
0
0
0
0
0.08204351341297796
0
0
0.07989437645540746
0
0
0
0
0
0
0
0
0
0.04394460433493835
0.022834885731300516
0
0
0
0
0
0
0
0
0.05682373596523211
0
0
0
0
0
0
0
0.018596297949254017
0
0
0
0
0
0
0
0
0
0
0
0
0
0
0
0
0
0
0
0
0
0
0.04200325925198862
0.0
0
0
0
0
0
0
0
0
0.030935602853981583
0
0
0
0
0
0
0
0.018596297949254017
0
0
0
0
0
0
0
0
0
0
0
0.008520022405708257
0
0
0
0.005375535636856807
0
0
0
0
0.0
0
0
0.027116320354962278
0
0
0
0
0.027572643649112067
0
0
0
0
0
0
0
0
0
0
0
0.037192595898508034
0
0
0
0.017040044811416515
0
0
0
0.023611058834534272
0
0
0
0
0
0
0
0
0
0
0
0
0
0.005375535636856807
0
0
0
0
0
0
0
0
0
0
0
0
0
0
0
0
0
0
0
0
0
0
0
0.021502142547427227
0
0.02100162962599431
0
0
0
0
0
0.023232678493999664
0
0
0
0
0
0
0
0
0
0
0
0
0
0
0
0
0
0
0
0
0
0
0
0
0
0
0
0
0
0
0
0.010751071273713613
0
0
0
0
0.015091036428826015
0
0
0
0
0.0
0.026631458818469154
0
0
0
0
0
0
0
0
0
0
0.026114249962481358
0
0.18013298971881292
0
0
0
0
0
0
0
0
0
0.04794366717222165
0
0
0.044831160896546644
0
0.005375535636856807
0
0
0
0
0
0
0
0
0
0
0
0
0
0
0
0
0
0
0
0
0
0
0
0
0
0
0
0
0
0
0.010751071273713613
0
0
0
0
0
0
0
0
0.07580214364129381
0
0
0.05112013443424955
0
0
0
0.013895558042565065
0
0
0
0.023232678493999664
0.01612660691057042
0
0
0.4370470067515501
0
0
0
0
0.013895558042565065
0
0
0
0
0
0
0.06004432990627097
0
0
0
0.053755356368568076
0
0
0
0
0
0
0
0
0
0.2002574989159953
0
0
0
0
0
0
0
0
0
0
0
0
0
0
0
0.028210421368157323
0.01612660691057042
0.02046657206568282
0
0.02985889032028067
0
0
0
0
0
0
0
0
0
0
0
0.010751071273713613
0
0
0
0
0.268730012882526
0
0
0
0
0
0
0
0
0
0
0
0
0
0
0
0
0
0
0
0
0
0
0
0.010751071273713613
0
0
0
0.02584210770253963
0
0
0
0
0
0
0
0
0
0.05904330406340513
0.025267381213764605
0
0
0.023232678493999664
0
0
0
0
0
0
0
0
0
0
0
0
0
0
0
0
0
0
0
0
0
0
0
0
0
0
0
0
0
0
0
0
0
0
0
0
0
0
0
0
0
0
0
0
0
0
0
0.04200325925198862
0
0
0
0
0
0
0.01612660691057042
0
0
0
0
0
0
0
0
0
0
0
0
0
0
0
0
0
0
0
0
0
0
0.21754533618678049
0
0
0
0
0
0
0.02431656850031416
0
0
0
0
0
0
0
0
0.019891845576907798
0
0.023971833586110824
0
0
0
0.024646629316278677
0
0
0
0
0
0
0
0
0
0
0
0
0.021502142547427227
0
0
0
0
0
0
0
0
0
0
0
0
0
0
0
0
0
0
0
0
0
0
0
0
0.05053476242752921
0
0
0
0
0
0
0
0.09006649485940646
0
0
0
0
0
0
0
0
0
0
0
0
0.015091036428826015
0
0
0
0
0
0
0
0.005375535636856807
0
0
0
0
0
0
0
0
0
0
0
0
0
0
0
0
0
0
0
0
0
0
0
0
0.10751071273713615
0
0
0
0
0
0
0
0
0
0
0
0
0
0
0
0.3107790516954007
0
0
0
0.017857142857142856
0
0
0
0
0
0
0
0
0
0
0
0.021972302167469177
0
0
0
0
0
0
0
0
0
0
0
0
0
0
0
0
0
0
0
0
0
0
0
0
0
0
0
0
0
0
0
0
0
0
0
0
0
0.02916907956392119
0
0
0
0
0
0
0
0
0.04200325925198862
0
0.0249632144405721
0
0
0
0
0.017040044811416515
0
0
0
0
0
0
0
0
0
0
0
0
0
0
0
0
0
0
0
0
0
0.005375535636856807
0
0
0
0
0
0
0
0
0
0
0
0
0
0
0
0
0
0
0
0
0
0
0
0
0
0
0
0
0
0
0
0
0
0.15538952584770035
0
0
0
0
0
0
0
0
0
0
0
0
0
0
0.0
0
0
0
0
0
0.019271093679421872
0
0
0
0.005375535636856807
0
0
0
0.010751071273713613
0
0
0
0.05904330406340513
0
0
0
0
0
0
0
0
0
0
0
0
0
0
0
0
0
0.10846528141984911
0
0
0
0
0
0
0
0
0
0.015091036428826015
0
0
0
0
0
0
0
0
0
0
0
0
0
0
0
0
0
0
0
0
0
0
0
0
0
0
0
0.024646629316278677
0
0.0
0
0
0
0
0
0
0
0
0
0
0
0
0.021502142547427227
0.017040044811416515
0
0
0
0
0
0
0.024646629316278677
0
0
0
0
0
0
0
0
0
0
0
0
0
0
0
0
0
0
0
0
0.09054621857295608
0
0
0
0
0
0
0
0
0
0
0
0
0
0
0.017040044811416515
0
0
0
0
0
0
0
0
0
0
0
0
0.01612660691057042
0.0
0
0
0
0
0
0
0
0
0
0
0
0
0
0
0
0
0.005375535636856807
0
0
0
0
0.05168421540507926
0
0.23617321625362053
0
0
0
0.21553448370009864
0
0
0
0
0
0.06098464914635487
0
0
0
0
0
0
0
0.025267381213764605
0
0
0
0
0
0
0
0
0
0
0
0
0
0
0.010751071273713613
0
0.26569486828532307
0.01248160722028605
0
0
0.017857142857142856
0
0
0
0
0
0
0
0
0
0
0
0
0
0
0
0
0
0
0.04794366717222165
0
0
0
0
0
0
0
0
0
0
0
0
0
0
0
0
0
0
0
0
0
0
0
0.019271093679421872
0.028608214130856475
0
0
0
0
0
0
0
0
0
0.06128583370124283
0
0
0
0
0.9677469435212895
0.0
0.021972302167469177
0.3418569568649408
0
0.09280680856194475
0
0
0.0885649560951077
0.24145658286121624
0
0
0.030338750077428905
0.40027832687161174
0
0.05971778064056134
0
0.037192595898508034
0
0
0
0
0.4682646500909466
0
0.03079064052858552
0
0
0.05600720443096411
0
0
0
0
0
0
0.028003602215482055
0
0
0
0
0
0.030022164953135484
0
0
0
0
0
0
0
0
0
0.0
0
0
0.27970114652586064
0
0
0
0
0
0
0.061399716197048454
0
0
0.11808660812681027
0.030492324573177434
0
0
0
0.039783691153815595
0
0
0
0
0
0
0
0.018596297949254017
0
0
0.05469567560865197
0.023971833586110824
0
0
0
0
0
0
0
0
0
0
0
0
0
0
0
0
0
0
0
0
0
0
0
0
0
0.015091036428826015
0
0
0
0
0
0
0.11876841654868386
0
0
0
0
0
0
0
0
0
0
0
0.008520022405708257
0
0
0.010751071273713613
0
0
0
0
0
0
0
0
0
0
0
0.019891845576907798
0
0
0
0
0
0
0
0
0
0
0
0
0
0
0
0
0
0
0
0
0
0.1115777876955241
0
0
0.052228499924962715
0
0
0
0
0
0
0
0
0
0
0
0
0.05971778064056134
0
0
0.015091036428826015
0
0
0
0
0
0
0
0
0
0
0
0
0.026377165262851113
0
0
0
0
0
0
0
0
0
0
0
0
0.07913149578855334
0
0.21754533618678049
0
0
0
0
0
0
0
0
0.010751071273713613
0
0
0
0
0
0
0
0
0
0
0
0
0.12072829143060812
0
0
0
0
0
0
0
0
0
0
0
0
0
0
0
0
0.0
0
0
0
0
0
0
0
0
0
0
0
0
0
0
0
0
0
0
0
0
0.06098464914635487
0
0
0
0.013895558042565065
0
0
0
0
0
0.019891845576907798
0
0
0
0
0
0
0
0
0
0
0
0
0
0
0
0
0
0
0
0
0
0
0
0.010751071273713613
0
0
0
0
0
0
0
0
0
0
0
0.0
0
0
0
0
0.010751071273713613
0.0
0
0
0
0.026631458818469154
0
0
0
0
0
0
0
0
0
0
0
0
0
0
0
0
0
0
0
0
0
0
0
0
0
0
0
0.1449329723569554
0
0
0
0
0
0
0
0
0
0
0.02898659447139108
0
0
0
0
0
0
0
0
0
0
0
0.023232678493999664
0
0
0
0
0
0
0
0
0
0
0
0.01612660691057042
0
0.008520022405708257
0
0
0.026631458818469154
0.022415580448273322
0
0
0
0
0.01612660691057042
0
0.021972302167469177
0
0.01248160722028605
0
0
0
0
0.03408008962283303
0
0
0.005375535636856807
0
0
0
0
0
0
0.08695978341417324
0
0.026377165262851113
0
0
0
0
0.030642916850621416
0
0
0.0748896433217163
0
0
0.043004285094854454
0
0
0
0
0.023232678493999664
0
0
0
0.05721642826171295
0
0.24748482283185266
0.019271093679421872
0
0.12921053851269815
0
0
0
0
0.005375535636856807
0
0
0
0
0
0
0
0
0
0
0.17164928478513886
0
0
0
0.005375535636856807
0.013895558042565065
0
0
0
0
0
0.019271093679421872
0
0
0
0
0
0
0
0
0
0
0
0
0
0
0
0
0
0
0
0
0
0
0
0
0
0
0
0
0.017857142857142856
0
0
0
0
0
0
0
0
0.06158128105717104
0
0
0.030338750077428905
0
0
0
0
0.022834885731300516
0.0863991351814144
0
0
0
0
0.1873058600363786
0
0
0
0
0
0
0
0
0
0
0
0
0
0
0
0
0
0
1.0926175168788754
0
0
0
0
0
0
0
0
0
0
0
0
0
0
0
0
0
0.1560882166969822
0
0
0
0
0.04646535698799933
0
0
0
0
0
0
0.025267381213764605
0
0
0
0
0
0.029347369222967632
0.09006649485940646
0.017040044811416515
0.11594637788556432
0
0
0.15246162286588716
0
0
0
0
0.0249632144405721
0
0
0
0
0.05797318894278216
0
0
0
0
0
0
0
0
0.021972302167469177
0
0
0
0
0
0
0
0
0
0
0
0.15246162286588716
0
0
0
0
0
0
0
0.04394460433493835
0.05168421540507926
0
0.21754533618678049
0.027347837804325984
0
0
0.15246162286588716
0
0
0
0.02100162962599431
0
0
0
0
0
0
