0.0
0.0
0.0
0.0
0.0
0.0
0.0
0.0
0.0
0.0
0.0
0.0
0.0
0.0
0.0
0.0
0.0
0.0
0.0
0.0
0.0
0.0
0.0
0.0
0.0
0.0
0.0
0.0
0.0
0.0
0.0
0.0
0.0
0.0
0.0
0.0
0.0
0.0
0.0
0.0
0.0
0.0
0.0
0.0
0.0
0.0
0.0
0.0
0.0
0.0
0.0
0.0
0.0
0.0
0.0
0.0
0.0
0.0
0.0
0.0
0.0
0.0
0.0
0.0
0.0
0.0
0.0
0.0
0.0
0.0
0.0
0.0
0.0
0.0
0.0
0.0
0.0
0.0
0.0
0.0
0.0
0.0
0.005970802331189812
0.0
0.0
0.011492241531474535
0.0
0.0
0.0
0.0
0.0
0.0
0.0
0.0
0.0
0.0
0.0
0.0
0.0
0.0
0.0
0.0
0.0
0.0
0.0
0.0
0.0
0.0
0.0
0.0
0.0
0.0
0.0
0.0
0.0
0.0
0.0
0.0
0.0
0.0
0.0
0.0
0.0
0.0
0.0
0.0
0.0
0.0
0.0
0.0
0.0012702646325078533
0.004553851073532994
0.0
0.0
0.0
0.0
0.0
0.0
0.0
0.0
0.0
0.0
0.0
0.0
0.0
0.0
0.0
0.0
0.0
0.0
0.0
0.0
0.0
0.0
0.0
0.0
0.0
0.0
0.0
0.0
0.0
0.0
0.0
0.0
0.0
0.0
0.0
0.0
0.0
0.0
0.0
0.0
0.0
0.0
0.0
0.0
0.0
0.0
0.0
0.0
0.0
0.0
0.0
0.0
0.0
0.0
0.0
0.0
0.0
0.0
0.0
0.0
0.0
0.0
0.004836348300894468
0.0
0.0
0.0
0.0
0.0
0.0
0.0
0.0
0.0
0.0
0.0
0.0
0.0
0.0
0.0
0.0020133218085172876
0.0
0.0
0.0
0.0
0.0
0.0
0.0
0.0
0.0
0.0
0.0
0.0
0.0
0.0
0.0
0.0
0.0
0.0
0.0
0.0
0.0
0.0
0.0
0.0
0.0
0.0
0.0
0.0
0.0
0.0
0.006106612933402322
0.0
0.0
0.0
0.0
0.0012702646325078533
0.0
0.0
0.0
0.0
0.0
0.0
0.0
0.0
0.0
0.0
0.0020133218085172876
0.0
0.0
0.0
0.0
0.0
0.0
0.005824115706040847
0.0
0.013661553220598983
0.004219727770669608
0.0
0.0
0.0
0.0
0.0
0.0
0.0
0.0
0.0
0.0012702646325078533
0.0
0.0020133218085172876
0.0
0.0
0.0
0.0
0.0
0.0
0.0
0.0
0.0
0.0
0.009401075397363916
0.0
0.0
0.0
0.0
0.0
0.0
0.0
0.0
0.0
0.0
0.0
0.0
0.0
0.0
0.0
0.0
0.0
0.0
0.0
0.0012702646325078533
0.0
0.0
0.0
0.0
0.0012702646325078533
0.0
0.0
0.0
0.0
0.0
0.0
0.0012702646325078533
0.0
0.0
0.0
0.0
0.0
0.0032835864410251407
0.0
0.0
0.0
0.0
0.0
0.0
0.0
0.0
0.0
0.0
0.0
0.004394393633734354
0.0
0.0
0.0
0.0
0.0
0.0
0.0029494631381617553
0.0
0.01699397479872662
0.0
0.0
0.0
0.08731169725499927
0.004962784946679043
0.0
0.0
0.0
0.0
0.0
0.0
0.0
0.0
0.0
0.0
0.0
0.004026643617034575
0.0020133218085172876
0.0
0.0029494631381617553
0.0
0.0
0.0
0.0
0.0
0.0
0.0
0.0
0.0
0.0
0.0
0.0
0.0
0.0
0.0
0.0
0.0
0.0
0.0
0.0
0.0
0.0
0.0
0.0
0.0
0.0
0.0
0.0
0.026268691528201125
0.0
0.0
0.0
0.0
0.0
0.0
0.0
0.0
0.0
0.0
0.0
0.0
0.0
0.0
0.0
0.0
0.0
0.0
0.0
0.0
0.0
0.0
0.004700537698681958
0.0
0.0
0.0
0.0
0.020280771107055947
0.0
0.0
0.0
0.0
0.0
0.0
0.0
0.0
0.0
0.0
0.0
0.0
0.0
0.0
0.0
0.0
0.0
0.0
0.0
0.0
0.0
0.0
0.0
0.0
0.0
0.0
0.0
0.0
0.0
0.0012702646325078533
0.0
0.0020133218085172876
0.0
0.0
0.0
0.0
0.0
0.0
0.0
0.0
0.0
0.0
0.07754908939725866
0.028676763635325453
0.0
0.0
0.0
0.058207798169999506
0.019852153095172374
0.005296908249542429
0.0
0.0
0.006293140355585347
0.0
0.0
0.0
0.0020133218085172876
0.0
0.0
0.0
0.0
0.004553851073532994
0.0
0.0
0.0
0.0
0.0
0.0
0.0
0.0
0.0
0.0
0.0
0.0
0.0
0.0
0.0
0.0
0.0
0.0
0.0
0.0
0.0
0.0
0.0
0.0
0.0
0.0
0.0
0.0
0.005395992081784415
0.0
0.004026643617034575
0.0
0.0
0.010384318967860736
0.0
0.0
0.0
0.0
0.01468771354379222
0.0
0.0
0.0
0.0
0.0
0.0
0.0
0.0
0.0
0.0
0.0
0.0
0.0
0.06639189809319158
0.21297184638498717
0.0
0.0
0.0
0.0
0.0
0.0
0.02937542708758444
0.0
0.0
0.0
0.0012702646325078533
0.0
0.0
0.0020133218085172876
0.0
0.0
0.0
0.0
0.0
0.0
0.0
0.0
0.005192159483930368
0.0
0.0
0.0
0.0
0.0
0.0
0.0
0.041856640531177984
0.0
0.0
0.0
0.0
0.004026643617034575
0.0
0.0
0.0
0.006805508828287903
0.0
0.0
0.0
0.0
0.0
0.0
0.0
0.0
0.0
0.0
0.0
0.0
0.0
0.0
0.0
0.0
0.0
0.0
0.0
0.0
0.0
0.0
0.0
0.0
0.0
0.0
0.0
0.0
0.006515546806548371
0.0
0.0
0.0
0.0
0.0
0.0
0.0
0.0
0.0
0.0
0.0
0.0
0.0
0.0
0.0
0.0
0.0
0.005081058530031413
0.006567172882050281
0.0
0.0
0.0
0.0
0.0
0.0
0.0
0.0
0.0
0.0
0.0
0.0
0.0
0.0
0.0
0.0
0.0
0.0
0.0
0.0
0.0
0.0
0.0
0.0
0.0
0.0
0.0
0.0
0.0
0.0
0.006170921443505861
0.0
0.009107702147065988
0.0012702646325078533
0.0
0.0
0.0
0.0
0.004219727770669608
0.0
0.0
0.0
0.0
0.0
0.0
0.0
0.0
0.0
0.0
0.0
0.0
0.0
0.0
0.0
0.0
0.0
0.0
0.0
0.0
0.0012702646325078533
0.0
0.0
0.0056646582662422075
0.0
0.0
0.0032835864410251407
0.0
0.0
0.0
0.0
0.0
0.0
0.0
0.0
0.0
0.0
0.0
0.0
0.0
0.0
0.0
0.0
0.0
0.0
0.0
0.0
0.0
0.0
0.0
0.0
0.0
0.0
0.004836348300894468
0.0
0.0
0.0
0.0
0.0
0.0
0.0062330495791868955
0.0
0.0
0.0
0.0
0.0
0.02882192516979062
0.0
0.0
0.005395992081784415
0.0
0.0
0.0
0.029120578530204232
0.0012702646325078533
0.0
0.0
0.0
0.0
0.0
0.0
0.0
0.0
0.0
0.010979984806354924
0.0
0.0
0.0
0.0
0.0
0.0012702646325078533
0.0
0.0
0.0
0.0
0.0
0.0
0.0
0.0
0.0
0.0
0.0
0.0
0.0
0.0
0.0
0.0
0.0
0.0
0.0
0.0
0.0
0.0
0.0
0.0
0.0
0.0
0.0
0.0
0.0
0.0
0.0
0.0
0.0
0.0
0.0
0.013520514071370632
0.0
0.0
0.0
0.0
0.0
0.0
0.0
0.058481840464477734
0.014338381817662726
0.0
0.0029494631381617553
0.006351323162539267
0.011648231412081694
0.0
0.0
0.0
0.0
0.0
0.0
0.005395992081784415
0.0
0.013520514071370632
0.0
0.0
0.0
0.005970802331189812
0.0
0.0
0.0
0.0
0.0
0.0
0.0
0.0
0.0
0.0
0.0
0.0
0.0
0.0
0.0
0.0
0.0
0.0
0.0
0.0
0.0
0.0
0.0
0.0
0.0
0.0
0.006039965425551863
0.0
0.0
0.0
0.0035660836683866154
0.013699340218823512
0.0056646582662422075
0.0
0.0
0.0
0.0
0.0
0.0
0.0
0.025405292650157067
0.0
0.0
0.005898926276323511
0.006666256714292268
0.0
0.0
0.0
0.0
0.0
0.0
0.0
0.0
0.0
0.0
0.0
0.0
0.0
0.0
0.0
0.0
0.0
0.0
0.0
0.0
0.0
0.0
0.0
0.0020133218085172876
0.0
0.0
0.005746120765737267
0.0
0.0
0.0
0.0012702646325078533
0.0
0.0
0.0
0.0
0.0032835864410251407
0.0020133218085172876
0.0
0.0
0.0
0.0
0.0
0.0
0.0
0.0
0.0
0.0
0.0
0.0
0.0
0.0
0.0
0.0
0.0
0.0
0.0
0.0
0.0
0.0
0.0
0.0
0.0
0.0
0.0
0.0
0.0
0.0
0.0
0.0
0.013699340218823512
0.0
0.0
0.0
0.0
0.0
0.0
0.0
0.0
0.0
0.0
0.0
0.0
0.0
0.0
0.0
0.0
0.0
0.0
0.0
0.0
0.0
0.0
0.0
0.0
0.0
0.0
0.0
0.0
0.0
0.0
0.017472347118122542
0.0
0.0
0.0
0.0
0.0
0.0
0.0
0.0
0.0
0.0
0.0
0.0
0.0
0.0
0.0
0.0
0.0
0.0
0.0
0.0
0.0
0.028223191065634052
0.0
0.0
0.0
0.0
0.0
0.0
0.013183180901203061
0.0
0.0
0.0
0.0
0.0
0.0
0.004836348300894468
0.0
0.0
0.0
0.0
0.0
0.0
0.0
0.0
0.0
0.0
0.0
0.0
0.0
0.0
0.0
0.0
0.0
0.0
0.004553851073532994
0.0
0.0
0.0
0.0
0.0
0.0
0.003810793897523559
0.0
0.0
0.0
0.0
0.0
0.0
0.0
0.028065541592980484
0.0
0.0
0.0
0.0
0.0
0.014753755131820352
0.0
0.0
0.0
0.14016067375229335
0.0
0.012924848232876443
0.0
0.0
0.0
0.0
0.0
0.0
0.0
0.0
0.0
0.0
0.04824954543165384
0.0
0.0
0.0
0.0
0.0
0.0
0.0
0.0
0.0
0.0
0.005192159483930368
0.0
0.0
0.0
0.0
0.0
0.0
0.0
0.0
0.0
0.0
0.0
0.0
0.0
0.0
0.0
0.0
0.019387272349314665
0.0
0.0
0.0
0.0
0.0
0.0
0.0
0.0
0.0
0.0
0.0
0.0
0.0
0.0
0.0
0.0
0.005489992403177462
0.0
0.0
0.0
0.0
0.004962784946679043
0.0
0.0
0.0
0.0
0.0
0.0
0.0
0.0
0.0
0.0
0.0
0.0
0.0
0.007621587795047118
0.0
0.0
0.0
0.0
0.0
0.0
0.0
0.0
0.0
0.0
0.0
0.0
0.0
0.0
0.0
0.0
0.0
0.0
0.0
0.0
0.0
0.0
0.0
0.0
0.0
0.0
0.0032835864410251407
0.0
0.0
0.0
0.0
0.004836348300894468
0.0
0.012213225866804645
0.03566083668386616
0.0
0.0
0.0
0.0
0.0
0.0
0.0
0.0
0.0
0.0
0.0
0.0
0.0
0.0
0.0
0.004219727770669608
0.0
0.0
0.0
0.0
0.0
0.0
0.0
0.0
0.0
0.0
0.0
0.0
0.0
0.0
0.0
0.0
0.0
0.0
0.0
0.0
0.0
0.011329316532484415
0.0
0.027904427020785324
0.0
0.013332513428584537
0.0
0.0
0.013952213510392662
0.0
0.0
0.009107702147065988
0.0
0.0
0.0
0.0
0.0
0.0
0.0
0.0
0.0
0.0
0.0
0.0
0.0
0.0
0.0
0.0
0.0
0.0
0.03488053377598165
0.0
0.09878116872971918
0.0
0.0
0.0
0.0
0.0
0.0
0.0
0.0
0.0
0.0
0.0
0.0
0.0
0.012341842887011721
0.0
0.004962784946679043
0.0
0.0
0.0
0.0
0.0
0.0
0.0
0.0
0.0
0.0
0.0
0.0
0.0
0.0
0.10913962156874907
0.0
0.0
0.0
0.0
0.0
0.0
0.0
0.0
0.0
0.0
0.0
0.0
0.0
0.0
0.0
0.0
0.0
0.0
0.0
0.0
0.0
0.0
0.0
0.0
0.0
0.0
0.0
0.0
0.0
0.0
0.0
0.0
0.0020133218085172876
0.0
0.0
0.0
0.0
0.0
0.0
0.0
0.0
0.0
0.0029494631381617553
0.0
0.0
0.0
0.0
0.0
0.0
0.0
0.0
0.0
0.014338381817662726
0.0
0.0
0.0
0.007621587795047118
0.0
0.0
0.0
0.0
0.0
0.0
0.0
0.0
0.0
0.0
0.0
0.0
0.0
0.006515546806548371
0.0
0.0
0.0
0.0
0.0
0.0
0.1064157050782305
0.0
0.0
0.013134345764100563
0.0
0.0
0.005898926276323511
0.0
0.0
0.0
0.0
0.0
0.0
0.0
0.005898926276323511
0.0
0.0
0.0
0.0
0.0
0.0
0.0
0.0
0.0
0.0032835864410251407
0.0
0.0
0.0
0.0
0.0
0.0
0.0
0.0
0.0
0.0
0.0
0.0
0.0
0.0
0.0
0.0
0.0
0.0
0.0020133218085172876
0.0
0.0
0.0
0.0
0.0
0.0
0.0
0.0
0.0
0.0
0.003810793897523559
0.0
0.0
0.0
0.0
0.0
0.0
0.0
0.0
0.0
0.0
0.0
0.0
0.0
0.0
0.0
0.0
0.0
0.0
0.0
0.0
0.0
0.0
0.006666256714292268
0.0
0.0
0.0
0.0
0.0
0.0
0.0
0.0
0.0
0.0
0.0
0.0029494631381617553
0.0
0.0
0.0
0.0
0.0
0.0
0.0
0.0
0.0
0.0
0.0
0.0
0.0
0.0
0.0
0.006351323162539267
0.0
0.0
0.0
0.0020133218085172876
0.0
0.0025405292650157066
0.0
0.0
0.0
0.0
0.0
0.0
0.0
0.0
0.0
0.0
0.0
0.0
0.0
0.0
0.0
0.004219727770669608
0.0
0.0
0.0
0.0
0.0
0.0
0.0
0.0
0.0
0.0
0.0
0.0
0.0
0.0
0.0
0.0
0.0
0.0
0.0
0.0
0.0
0.0
0.0
0.0
0.0
0.0
0.004219727770669608
0.0
0.0
0.0
0.0
0.0
0.0
0.009672696601788936
0.0
0.0
0.0
0.0
0.01887942106675604
0.0
0.01869914873756069
0.0
0.0
0.006934922898750061
0.0
0.0
0.0
0.0
0.0
0.0
0.0
0.0
0.19094027606929886
0.004026643617034575
0.0
0.0
0.0
0.0
0.0
0.0
0.0
0.0
0.0
0.0
0.0
0.0
0.0
0.0
0.0
0.0025405292650157066
0.0
0.0
0.0
0.0
0.005296908249542429
0.0
0.0
0.0
0.0
0.0
0.0
0.0
0.0
0.0
0.0
0.08960629865878571
0.0
0.012586280711170694
0.0
0.0
0.0
0.0
0.0
0.0
0.0
0.0
0.0
0.0
0.0
0.0
0.0
0.0
0.0
0.0
0.0
0.0
0.0
0.0
0.0
0.0
0.0
0.0
0.0
0.0
0.0
0.0
0.0
0.0
0.0
0.0029494631381617553
0.0
0.0
0.0
0.004219727770669608
0.0
0.004553851073532994
0.0
0.0
0.0
0.0
0.006515546806548371
0.0
0.0
0.0
0.0
0.0
0.0
0.0
0.0
0.013332513428584537
0.004394393633734354
0.0
0.0
0.0
0.0
0.0
0.0
0.0
0.0
0.005489992403177462
0.0
0.0
0.0
0.0
0.0
0.0
0.0
0.0
0.0
0.0
0.0
0.0
0.0
0.0
0.007205481292447655
0.0
0.0
0.0
0.0
0.0
0.0
0.0
0.0
0.007055797766408513
0.0032835864410251407
0.0
0.0
0.0012702646325078533
0.0
0.0
0.0
0.0
0.0
0.0
0.0
0.01699397479872662
0.0
0.0
0.0
0.0
0.0
0.0
0.0
0.0
0.0
0.0
0.0
0.0
0.0
0.0
0.0
0.0
0.0020133218085172876
0.0
0.0
0.0
0.0
0.0
0.0
0.0
0.0
0.0
0.0
0.0
0.0
0.0
0.0
0.0
0.0
0.0
0.0
0.0
0.0
0.009107702147065988
0.0
0.0
0.0
0.0
0.0
0.0
0.0
0.0
0.0
0.0
0.0
0.0
0.0
0.0012702646325078533
0.0
0.0
0.0
0.0
0.0
0.0
0.0
0.0
0.0
0.0
0.0
0.0
0.0
0.0
0.0
0.0
0.0
0.0
0.0
0.0012702646325078533
0.0
0.0
0.0
0.0
0.006106612933402322
0.004394393633734354
0.0
0.0035660836683866154
0.0
0.0
0.0
0.0
0.0
0.0
0.011797852552647021
0.04316793665427532
0.0
0.0
0.0
0.0
0.0
0.0
0.0020133218085172876
0.0
0.0
0.0
0.0
0.0025405292650157066
0.006567172882050281
0.0
0.0
0.0
0.0
0.0
0.0
0.0
0.0
0.0
0.0
0.0
0.0
0.0
0.0
0.0
0.0
0.0
0.0
0.0
0.0
0.0
0.0
0.0
0.0
0.0
0.0
0.0
0.0
0.0
0.0
0.0
0.0
0.0
0.0
0.0
0.0
0.0
0.0
0.0
0.0
0.0
0.0
0.004026643617034575
0.0
0.0
0.0
0.0
0.0
0.0
0.0
0.0
0.005489992403177462
0.0
0.0
0.0
0.0
0.0
0.0
0.0
0.0
0.0
0.0
0.0
0.0
0.0
0.0
0.0
0.0
0.0
0.0
0.0
0.0
0.0
0.0
0.0
0.0
0.0
0.0
0.0
0.0
0.0
0.0
0.0
0.0
0.0
0.0
0.006293140355585347
0.0
0.0
0.0
0.0
0.0172383622972118
0.0
0.011432381692570678
0.0
0.0
0.0025405292650157066
0.0
0.0
0.0
0.0
0.0
0.0
0.0
0.0
0.0
0.0
0.0
0.0032835864410251407
0.0
0.0
0.0
0.009401075397363916
0.0
0.0
0.0
0.0
0.0
0.0
0.0
0.0
0.0
0.0
0.0
0.0
0.0
0.0
0.005898926276323511
0.0
0.0
0.0
0.0
0.0
0.0
0.0
0.0
0.0
0.0020133218085172876
0.0
0.0
0.0
0.0
0.0
0.0
0.0
0.0
0.0
0.0
0.0
0.0
0.0
0.0
0.0
0.0
0.0
0.0
0.0
0.0
0.0
0.0
0.0
0.0
0.0
0.0
0.0
0.0
0.0
0.0
0.0
0.0
0.0
0.0
0.0
0.0
0.0
0.0
0.0
0.0
0.0
0.0020133218085172876
0.0
0.0
0.0
0.0
0.0
0.0
0.0
0.0
0.0
0.0
0.0
0.0
0.0
0.0
0.0
0.0
0.0
0.0
0.0
0.0
0.011648231412081694
0.0
0.0
0.0
0.0070943803385487
0.0
0.0
0.0
0.0
0.0
0.0
0.0
0.0
0.0
0.0
0.0
0.0
0.006170921443505861
0.0
0.0
0.02646953746022983
0.0
0.0
0.007621587795047118
0.0
0.0
0.0
0.0
0.0
0.0141887606770974
0.0
0.0
0.0
0.0
0.0
0.0
0.0
0.0
0.0
0.0
0.0
0.0
0.0
0.012079930851103727
0.0
0.0
0.0
0.0
0.0
0.0
0.0
0.0
0.0020133218085172876
0.0
0.0
0.0
0.0
0.0012702646325078533
0.0
0.0
0.0062330495791868955
0.0032835864410251407
0.0
0.0
0.0
0.0
0.0
0.0
0.0
0.005489992403177462
0.0
0.004836348300894468
0.0
0.0
0.0
0.0
0.0
0.0
0.0
0.0
0.0
0.0
0.0
0.0
0.0
0.0
0.0
0.0
0.0
0.0
0.0
0.0
0.0
0.0
0.004394393633734354
0.0
0.006760257035685316
0.0
0.0
0.0
0.0
0.0
0.0
0.0
0.025405292650157067
0.0
0.0
0.0032835864410251407
0.0
0.0
0.0
0.0
0.0
0.0
0.0
0.0
0.0
0.0
0.0
0.0
0.0
0.0
0.0
0.0
0.0
0.0
0.0
0.0
0.006106612933402322
0.0
0.0
0.0
0.0
0.0
0.0
0.0
0.0
0.0
0.0
0.0
0.0
0.0
0.0
0.0
0.0
0.0
0.0
0.01342771901439849
0.0
0.0
0.0
0.0
0.0
0.0
0.0
0.0
0.0
0.0
0.0
0.0
0.0
0.0
0.0
0.0
0.0
0.0
0.0
0.0
0.0
0.0
0.0
0.0
0.0
0.0
0.0
0.0
0.0
0.0
0.0
0.0
0.0
0.0
0.0
0.0
0.0
0.0
0.0020133218085172876
0.0283775213541948
0.0
0.0
0.0
0.0
0.0
0.0
0.0
0.0
0.0
0.0
0.0
0.0
0.0
0.004700537698681958
0.0
0.025630861769006568
0.0
0.0
0.0
0.0012702646325078533
0.0
0.0
0.0
0.0
0.0
0.0
0.0
0.0
0.0
0.0
0.005824115706040847
0.0
0.0
0.0
0.0
0.0
0.0
0.0
0.0055794054769039035
0.0
0.0
0.0
0.0
0.0
0.0
0.0
0.0
0.0
0.0
0.004394393633734354
0.0
0.0029494631381617553
0.0
0.0
0.0
0.0
0.0
0.0
0.0
0.0
0.0
0.0
0.0
0.0
0.003810793897523559
0.0
0.0
0.012079930851103725
0.0
0.0
0.0
0.0
0.0
0.0
0.0
0.0
0.0
0.0
0.0
0.0
0.0
0.0
0.012079930851103727
0.0
0.0
0.0
0.0
0.0
0.006039965425551863
0.0
0.0
0.0
0.0
0.0
0.0
0.0
0.0
0.0
0.0
0.0
0.0
0.0
0.0
0.0020133218085172876
0.0
0.0
0.0
0.014111595532817026
0.0
0.0
0.13218942189413
0.0
0.0
0.0
0.0
0.0
0.0
0.0
0.0
0.0
0.0
0.0
0.0
0.0
0.0
0.0
0.0
0.0
0.0
0.0
0.0
0.0
0.0
0.0
0.0
0.0
0.0
0.0
0.0
0.0
0.0
0.0
0.0
0.0
0.005746120765737267
0.0
0.0
0.0
0.0
0.0
0.0
0.0
0.0
0.0
0.0
0.0
0.0
0.0
0.0
0.0012702646325078533
0.0
0.0
0.010162117060062826
0.0
0.0
0.0
0.0
0.0
0.0
0.0
0.0
0.0
0.0
0.0
0.0
0.0
0.0
0.0
0.0
0.0
0.0
0.0
0.0
0.0
0.0
0.0
0.0
0.0
0.0
0.0
0.0
0.0
0.0
0.0
0.0
0.0
0.0
0.0
0.0
0.0
0.0
0.0
0.0
0.0
0.0
0.0
0.0
0.0
0.0
0.0029494631381617553
0.0
0.0
0.0
0.0
0.0
0.0
0.0
0.012586280711170694
0.0
0.0
0.0
0.0
0.03380128517842658
0.006039965425551863
0.0
0.006106612933402322
0.010162117060062826
0.0
0.0
0.0
0.0
0.0
0.0
0.0
0.007621587795047118
0.0
0.0
0.020678376613565936
0.0
0.0
0.0
0.0
0.0
0.0
0.0
0.0
0.0
0.0
0.0
0.0
0.0
0.0
0.0
0.0
0.0
0.0
0.0
0.0
0.017472347118122542
0.0
0.0
0.0
0.0
0.0
0.0
0.0
0.0
0.0
0.006805508828287903
0.0
0.0
0.006567172882050281
0.0
0.0
0.0
0.0
0.0
0.0
0.0
0.0
0.0
0.0
0.0
0.0012702646325078533
0.0
0.0
0.0
0.0
0.0
0.0
0.0
0.0
0.0
0.0
0.0
0.020280771107055947
0.006567172882050281
0.026979960408922074
0.0
0.0
0.0
0.0
0.0
0.0
0.0
0.0
0.0
0.0
0.0
0.0
0.010979984806354924
0.0
0.0
0.0
0.0
0.0
0.0
0.0
0.0
0.0
0.0
0.0
0.0
0.0
0.0
0.0
0.043446401782186
0.0
0.0
0.0
0.0
0.0
0.0055794054769039035
0.0
0.0
0.0
0.0
0.0
0.0
0.0
0.0
0.0
0.0
0.0
0.0
0.0
0.0
0.0
0.0
0.0
0.0
0.0
0.0
0.0
0.0
0.0
0.0
0.0
0.0
0.0
0.0
0.0
0.0
0.0
0.0
0.0
0.0
0.0
0.0
0.0
0.0
0.0
0.0
0.0
0.0
0.0
0.0
0.0
0.0
0.0
0.0012702646325078533
0.012466099158373791
0.0
0.0
0.0
0.0
0.0
0.0283775213541948
0.0
0.0
0.0
0.0
0.0
0.0
0.005296908249542429
0.004700537698681958
0.004394393633734354
0.0
0.0
0.0
0.0
0.0
0.0
0.0
0.0
0.0
0.0
0.0
0.0012702646325078533
0.0
0.0
0.0
0.0
0.0
0.0
0.0
0.005296908249542429
0.0
0.0
0.0
0.0
0.0
0.0
0.0
0.0
0.0
0.0
0.0
0.0
0.0
0.0
0.0
0.005898926276323511
0.0
0.0
0.0
0.0
0.0
0.0
0.0
0.006351323162539267
0.0
0.0
0.0
0.08852253079092211
0.0
0.0
0.0
0.0
0.0
0.0
0.0
0.004394393633734354
0.0
0.005824115706040847
0.0
0.0
0.0
0.0
0.004219727770669608
0.0
0.0
0.0
0.0
0.004394393633734354
0.0
0.06805508828287903
0.0
0.0
0.0
0.0
0.010162117060062826
0.0
0.0
0.0
0.0
0.0
0.0
0.0
0.0
0.0
0.004836348300894468
0.0
0.0
0.0
0.0
0.0
0.0
0.0
0.0
0.0
0.0
0.0
0.029103899084999753
0.006293140355585347
0.0
0.0
0.0
0.0
0.0
0.005081058530031413
0.031756615812696336
0.005746120765737267
0.005489992403177462
0.0
0.0
0.0
0.0
0.0
0.0
0.0
0.0
0.0
0.0
0.0
0.0
0.0
0.0
0.006666256714292268
0.0
0.1309675458824989
0.0
0.0
0.0
0.0
0.0
0.0
0.0
0.02685543802879698
0.0
0.0
0.0
0.0
0.0
0.0
0.0
0.0
0.0
0.0
0.0
0.0
0.05875085417516888
0.0
0.004026643617034575
0.0
0.0
0.0
0.0
0.0
0.0
0.0
0.0
0.0
0.0
0.0
0.0
0.0
0.0
0.0
0.0
0.008439455541339217
0.0
0.0
0.0
0.0
0.0
0.0
0.0
0.0
0.0
0.0
0.02193069017417915
0.004026643617034575
0.0
0.0
0.0
0.0
0.0
0.0
0.0
0.0
0.0
0.0
0.0
0.0
0.0
0.0
0.0
0.0
0.0
0.0
0.0
0.0
0.0
0.0
0.0
0.0
0.0
0.0
0.0
0.0
0.0
0.0
0.0
0.0
0.0
0.0
0.0
0.0
0.0
0.0
0.0
0.0
0.0
0.0
0.0
0.0
0.0
0.0
0.0
0.0
0.0
0.0
0.0
0.0
0.0
0.0
0.0
0.0
0.0
0.0
0.0
0.0
0.0
0.0
0.0
0.0
0.0056646582662422075
0.0
0.0
0.0
0.0
0.0
0.0
0.0
0.0
0.0
0.0
0.0
0.0
0.0
0.0
0.0
0.0
0.0
0.0
0.012702646325078533
0.0
0.0
0.0
0.0
0.0
0.0
0.0
0.0
0.0
0.0
0.0
0.0
0.0
0.0
0.0
0.0
0.0
0.0
0.0
0.0
0.0
0.0
0.0
0.0
0.0
0.0
0.004553851073532994
0.0
0.0
0.0
0.0
0.0
0.0
0.0
0.0
0.0
0.005192159483930368
0.0
0.01079198416356883
0.009672696601788936
0.0
0.0
0.0029494631381617553
0.0
0.0
0.0
0.0
0.0
0.0
0.0
0.004836348300894468
0.0
0.0
0.0
0.0
0.0
0.0
0.01342771901439849
0.0
0.0
0.0
0.0
0.0
0.0
0.0
0.05792853570958133
0.0
0.0
0.0
0.0
0.0
0.0
0.0
0.0
0.0
0.0
0.0
0.0
0.0
0.0
0.0
0.011797852552647021
0.0
0.0
0.0
0.0
0.0
0.0
0.0
0.10861600445546499
0.0
0.0
0.0
0.0025405292650157066
0.0
0.0
0.0
0.0
0.0
0.0
0.004394393633734354
0.0
0.0
0.0
0.0
0.0
0.0
0.019852153095172374
0.0
0.0
0.0
0.0012702646325078533
0.010162117060062826
0.0
0.004962784946679043
0.0
0.0
0.011797852552647021
0.008439455541339217
0.0
0.0
0.0
0.0
0.0
0.0
0.0
0.0
0.0
0.0
0.0
0.0
0.0
0.0
0.0
0.0
0.0
0.0
0.0
0.0
0.0
0.0
0.0
0.005081058530031413
0.013031093613096742
0.004026643617034575
0.0
0.0
0.048544460291250424
0.0
0.0
0.0
0.0
0.0
0.0
0.0
0.004026643617034575
0.0
0.0
0.0
0.0
0.0
0.0
0.0
0.005746120765737267
0.0
0.0
0.0
0.0
0.0
0.018215404294131977
0.006567172882050281
0.0
0.0
0.0
0.0
0.32458261290004775
0.0
0.0
0.0
0.0
0.0
0.0
0.0
0.0
0.0
0.0
0.0
0.014482133927395332
0.0
0.0
0.0
0.0
0.0
0.0
0.0
0.0
0.0
0.008788787267468708
0.0
0.013134345764100563
0.0
0.0
0.0
0.0
0.02646953746022983
0.0
0.0
0.013031093613096742
0.0
0.0
0.0
0.0
0.0
0.005898926276323511
0.0
0.0
0.013699340218823512
0.0
0.0
0.0
0.0
0.0
0.0
0.0
0.0
0.0
0.0
0.0
0.0
0.0
0.0
0.0
0.0
0.004836348300894468
0.0
0.0
0.0
0.0
0.0
0.0
0.0
0.0
0.0
0.0025405292650157066
0.0
0.0
0.0
0.0
0.0
0.0
0.0
0.0
0.0
0.0
0.0
0.0
0.0
0.0
0.004836348300894468
0.0
0.0
0.0
0.0
0.006351323162539267
0.0
0.0
0.0
0.0
0.0
0.0064624241164382215
0.004836348300894468
0.0
0.0
0.0
0.0
0.0
0.0
0.0
0.0
0.0
0.0
0.0
0.009925569893358086
0.0
0.0
0.0
0.004026643617034575
0.0
0.0
0.0
0.0
0.0
0.0
0.0
0.0
0.0
0.0
0.0
0.0
0.0
0.0
0.0
0.0
0.005296908249542429
0.0
0.0
0.0
0.0
0.0
0.0
0.0
0.0
0.0
0.0
0.032577734032741855
0.02276925536766497
0.0
0.0
0.0
0.0
0.0
0.0
0.0
0.031152956903582208
0.0
0.0
0.0
0.0
0.0
0.0012702646325078533
0.0
0.0
0.0
0.0
0.0
0.0
0.0
0.0
0.0
0.0
0.0
0.004026643617034575
0.0
0.0
0.0
0.0
0.0
0.0
0.0
0.0
0.0
0.0
0.0
0.04911469778771584
0.0
0.0
0.0
0.0
0.0
0.0
0.0
0.0
0.0
0.0
0.0
0.0
0.0
0.0
0.0
0.0
0.0
0.0
0.035845954544156816
0.0
0.0
0.0
0.0
0.0
0.0
0.0
0.0
0.0
0.0
0.0
0.0
0.0
0.0
0.0
0.0
0.0
0.0
0.0
0.0
0.0
0.004026643617034575
0.0
0.003810793897523559
0.0
0.0
0.0
0.0
0.0
0.0
0.0
0.0
0.0
0.0
0.0
0.0
0.0
0.0
0.0
0.0
0.0
0.0
0.0
0.013134345764100563
0.0
0.0
0.0
0.0
0.0
0.0
0.0
0.0
0.0
0.25081383724094597
0.0
0.0
0.0
0.0
0.0
0.013134345764100563
0.0
0.0
0.0
0.0
0.0
0.0
0.0
0.0
0.0
0.0
0.0
0.0
0.0
0.0
0.0
0.0
0.0
0.0
0.0
0.0
0.0
0.0
0.0
0.10808221938671483
0.0
0.0
0.0
0.0
0.0
0.004836348300894468
0.004219727770669608
0.0
0.0
0.0
0.0
0.0
0.0
0.0
0.0
0.0025405292650157066
0.0
0.0
0.0
0.0
0.0035660836683866154
0.004026643617034575
0.013134345764100563
0.0
0.0
0.0
0.0
0.0
0.0
0.0
0.0
0.05875085417516888
0.0
0.0
0.0
0.0
0.0
0.0
0.0
0.0
0.0
0.0
0.013952213510392662
0.0
0.0
0.0
0.0
0.0
0.0
0.0
0.0
0.0
0.0
0.021187632998169715
0.0
0.0
0.01079198416356883
0.0
0.011941604662379623
0.0
0.0
0.0
0.0
0.0
0.0
0.0
0.0
0.0
0.0
0.0
0.04083305296972742
0.0
0.0
0.0
0.005746120765737267
0.0
0.0
0.0
0.0
0.0
0.0
0.0
0.0
0.0
0.0
0.0
0.0
0.0
0.004026643617034575
0.0
0.0
0.008788787267468708
0.0
0.0
0.0
0.0
0.0
0.0
0.0
0.0
0.0
0.0
0.0
0.0
0.0055794054769039035
0.03566083668386616
0.0
0.0
0.0
0.0
0.0
0.0
0.0
0.0
0.0
0.0
0.0
0.0
0.0
0.0
0.0
0.0
0.0
0.0
0.0012702646325078533
0.06350217989767662
0.0
0.0
0.0
0.0020133218085172876
0.0020133218085172876
0.0
0.0
0.0
0.0
0.0
0.0
0.0
0.0
0.0
0.02265863306496883
0.0
0.0
0.0
0.0
0.0
0.0
0.0
0.0
0.0
0.0
0.005296908249542429
0.005395992081784415
0.0
0.0
0.005081058530031413
0.006617384365057458
0.0
0.0
0.0
0.0
0.0
0.0
0.0
0.0
0.0
0.0
0.0
0.0
0.0
0.0
0.0
0.0
0.0
0.0425662820312922
0.0
0.0
0.005746120765737267
0.0
0.0
0.0
0.0
0.0
0.0
0.0
0.0
0.0
0.0
0.0
0.0
0.0
0.0
0.0
0.0
0.0064624241164382215
0.005489992403177462
0.03566083668386616
0.0
0.0
0.0
0.0
0.0
0.0
0.0
0.007310230058059717
0.0
0.0
0.0
0.0
0.0
0.0
0.0
0.0
0.0
0.0
0.0
0.0
0.0012702646325078533
0.0
0.0
0.0
0.0
0.0035660836683866154
0.0
0.0
0.0
0.0
0.0
0.012466099158373791
0.0
0.024159861702207453
0.005970802331189812
0.0
0.0
0.0
0.0
0.0
0.015890724748627284
0.0
0.0
0.0
0.0
0.0
0.0
0.0
0.0
0.0
0.006515546806548371
0.0
0.0
0.007016385398245121
0.0
0.004026643617034575
0.0
0.0025405292650157066
0.0
0.0
0.0
0.0020133218085172876
0.006170921443505861
0.0
0.0
0.0
0.0
0.006713859507199245
0.015243175590094237
0.0
0.0
0.0
0.006351323162539267
0.0
0.0
0.0
0.0
0.0
0.0
0.005824115706040847
0.0
0.0
0.0
0.0
0.0
0.0
0.0
0.0
0.0
0.0
0.0
0.0
0.0
0.0
0.0
0.0
0.0
0.0
0.0
0.0
0.0
0.0
0.0
0.0
0.0
0.0
0.0
0.0
0.0
0.0
0.0029494631381617553
0.0
0.0
0.0
0.0
0.0064624241164382215
0.0
0.0877227606967166
0.006293140355585347
0.0
0.0
0.0
0.0
0.0
0.0
0.0
0.004394393633734354
0.0
0.0
0.0
0.0
0.0
0.0
0.0
0.0
0.0
0.0
0.0
0.0
0.0
0.0
0.006293140355585347
0.04323288775468593
0.0
0.0
0.0
0.0
0.0
0.0
0.0
0.0
0.0
0.0
0.0
0.004553851073532994
0.0
0.0
0.0
0.0
0.0
0.0
0.0
0.0
0.0
0.0032835864410251407
0.006713859507199245
0.0
0.0
0.0
0.0
0.0
0.0
0.0
0.0
0.0
0.0
0.0
0.0
0.0
0.0
0.0
0.003810793897523559
0.0
0.0
0.0
0.014111595532817026
0.0
0.013952213510392662
0.0
0.0
0.0
0.0
0.0
0.0
0.0
0.0
0.0
0.0
0.0
0.0
0.0
0.0
0.0
0.0
0.024683685774023443
0.004962784946679043
0.0
0.0
0.012213225866804645
0.0
0.0
0.0
0.006617384365057458
0.0
0.0020133218085172876
0.0
0.0
0.0
0.0
0.0
0.0
0.0025405292650157066
0.0
0.0
0.0
0.0
0.0
0.0
0.0
0.0
0.0
0.0
0.0
0.0
0.0
0.0
0.0
0.0
0.0
0.0
0.0
0.0
0.0
0.0
0.0
0.0
0.0
0.0
0.0
0.0
0.0
0.0
0.0
0.0
0.0
0.0
0.0
0.0
0.021616443877342965
0.011432381692570678
0.0
0.0
0.0
0.0
0.0
0.004219727770669608
0.0
0.0
0.0
0.0
0.0
0.0
0.0
0.0
0.0
0.0020133218085172876
0.0
0.0
0.0
0.0
0.0
0.0
0.0
0.0
0.0
0.0
0.0
0.0
0.0
0.0
0.0
0.0
0.0
0.0
0.0
0.0
0.0
0.0
0.0
0.0
0.0
0.0
0.0
0.0
0.0
0.004962784946679043
0.004836348300894468
0.0
0.0
0.006849670109411756
0.0
0.0
0.0
0.0
0.0
0.0
0.0
0.0
0.0
0.0
0.0
0.0
0.10965345087089576
0.0
0.0
0.0
0.0
0.0
0.027904427020785324
0.0
0.0
0.004836348300894468
0.0
0.0
0.0
0.0
0.0
0.0
0.0
0.0
0.0
0.0
0.0
0.0
0.0
0.0
0.0
0.020141578521597737
0.0
0.0
0.0
0.0
0.0
0.0
0.0
0.004962784946679043
0.0
0.0
0.0
0.0
0.0
0.0
0.02722203531315161
0.11015785157844164
0.0
0.0
0.0
0.0
0.0064624241164382215
0.0
0.0
0.0
0.0
0.0
0.0
0.0
0.00805328723406915
0.0
0.0
0.006713859507199245
0.0
0.0
0.0
0.0
0.0
0.0
0.0
0.0
0.0
0.0
0.0
0.0
0.0
0.0
0.0
0.03231212058219111
0.0
0.0
0.0
0.0
0.0
0.028065541592980484
0.0
0.0
0.0
0.0
0.0
0.0
0.0
0.0
0.0
0.0
0.0
0.0
0.0
0.020324234120125653
0.0
0.0
0.0
0.0
0.0
0.0
0.0
0.0
0.0070943803385487
0.0
0.07241066963697666
0.0
0.0
0.0
0.0
0.0
0.004700537698681958
0.0032835864410251407
0.0
0.0
0.0
0.0
0.0
0.004962784946679043
0.0
0.0020133218085172876
0.0
0.0
0.0
0.0
0.0
0.0029494631381617553
0.0
0.0
0.0
0.0029494631381617553
0.0032835864410251407
0.004394393633734354
0.0
0.0
0.0
0.0
0.0
0.0
0.0
0.0
0.09589940835683229
0.0
0.013332513428584537
0.0
0.0
0.0
0.0
0.0
0.02882192516979062
0.0
0.0
0.0
0.0
0.0
0.0
0.0
0.0
0.0
0.0
0.0
0.0
0.0
0.006849670109411756
0.006617384365057458
0.0
0.0
0.0
0.0
0.0
0.0
0.0
0.0
0.0
0.0
0.0
0.0
0.0
0.0
0.0
0.0
0.0
0.0
0.0
0.0
0.0
0.0
0.0
0.0
0.006039965425551863
0.0020133218085172876
0.0
0.0
0.0
0.016187976245353244
0.0029494631381617553
0.0
0.0
0.006666256714292268
0.018119896276655587
0.010593816499084857
0.0
0.0
0.0
0.0
0.0
0.0
0.0
0.0
0.0
0.0
0.0
0.0
0.0
0.012466099158373791
0.0
0.0
0.0
0.0
0.0
0.0
0.0
0.05163814296137123
0.0
0.0
0.036379873856249696
0.0
0.008788787267468708
0.006567172882050281
0.0029494631381617553
0.0
0.0
0.0
0.0
0.0
0.0
0.0
0.0
0.037025528661035166
0.024159861702207453
0.008848389414485265
0.0
0.0
0.007621587795047118
0.0
0.0025405292650157066
0.0
0.0
0.0
0.003810793897523559
0.0
0.0
0.0
0.0
0.08003572248374932
0.0
0.0
0.012586280711170694
0.0
0.0
0.0
0.0
0.0
0.0
0.0
0.0
0.0
0.0
0.0
0.01441096258489531
0.0
0.0
0.0
0.0
0.0
0.3393363680318681
0.0
0.0
0.0
0.0
0.0438613803483583
0.0
0.0
0.0
0.0
0.0
0.0
0.0
0.0
0.0
0.0
0.0
0.0
0.0
0.0
0.0
0.0
0.004700537698681958
0.0
0.0
0.0
0.0
0.0
0.0
0.0
0.0
0.0
0.0
0.0
0.0
0.0
0.0
0.0
0.0
0.0
0.0
0.0
0.0
0.0
0.0056646582662422075
0.0
0.0
0.0
0.0
0.0
0.0
0.0
0.0
0.0
0.0
0.0
0.025405292650157067
0.0
0.0
0.0
0.0
0.0
0.0
0.0
0.0
0.0
0.0
0.0
0.0
0.0
0.0
0.0
0.0
0.0
0.0
0.0
0.0
0.0
0.0
0.0
0.0
0.0
0.0012702646325078533
0.0
0.0
0.0
0.0
0.0
0.0
0.0
0.0
0.0
0.0
0.0
0.0172383622972118
0.0
0.0025405292650157066
0.0
0.013785584409043955
0.0
0.0
0.0
0.0
0.0
0.0025405292650157066
0.0
0.0
0.050981924396179865
0.0
0.0
0.0
0.0
0.0
0.0
0.006407715442251642
0.0
0.0
0.0
0.0
0.0
0.0
0.0
0.0025405292650157066
0.0
0.0
0.0
0.0
0.0
0.0
0.0
0.0
0.0
0.0
0.0
0.012815430884503284
0.0
0.012213225866804645
0.0
0.0
0.0056646582662422075
0.008439455541339217
0.0
0.0
0.0
0.0
0.0012702646325078533
0.0
0.0
0.0
0.0
0.0
0.0
0.0
0.0
0.19917569427957477
0.004219727770669608
0.025849696465752886
0.0
0.0025405292650157066
0.0
0.0
0.0
0.0
0.0
0.0
0.0
0.0
0.0
0.0
0.0
0.0
0.0029494631381617553
0.0
0.0
0.0
0.0
0.0
0.0
0.0
0.0
0.0
0.0
0.0
0.0
0.0
0.0
0.0
0.0
0.0
0.0
0.0
0.0
0.0
0.0
0.0
0.0
0.0
0.0
0.0
0.0
0.0
0.0
0.0
0.0012702646325078533
0.004394393633734354
0.0
0.0
0.0
0.0
0.0
0.0
0.0
0.0
0.0
0.0
0.0
0.0
0.0
0.0
0.0
0.01869914873756069
0.0
0.0
0.0
0.0
0.0
0.0141887606770974
0.0
0.0
0.0
0.0
0.0
0.0
0.0
0.0
0.0
0.005489992403177462
0.0
0.0
0.0
0.0
0.0
0.0
0.0
0.0
0.018215404294131977
0.0
0.0
0.0
0.0
0.0
0.0
0.0
0.0
0.0035660836683866154
0.0
0.0
0.0
0.0
0.0
0.0
0.0
0.0
0.058241157060408465
0.0
0.005081058530031413
0.062414306088750544
0.0
0.02722203531315161
0.0
0.019701518646150846
0.0
0.0
0.0
0.0
0.0
0.0
0.015890724748627284
0.004026643617034575
0.0
0.0
0.0
0.0
0.0
0.0
0.0
0.0
0.0
0.0
0.0
0.0
0.0032835864410251407
0.0
0.0
0.0
0.0
0.0
0.0
0.0
0.0
0.0
0.0
0.0
0.03283586441025141
0.019852153095172374
0.0
0.020324234120125653
0.0
0.0
0.0
0.0
0.0
0.0
0.0
0.0
0.0
0.0
0.0
0.0
0.0
0.0
0.0
0.0
0.0
0.0
0.0
0.0
0.0
0.0
0.0
0.0
0.0
0.0
0.0
0.0
0.004394393633734354
0.0
0.0
0.0
0.0
0.0
0.0
0.0
0.0
0.0
0.0
0.0
0.0
0.0
0.0
0.0
0.0
0.0
0.004700537698681958
0.014482133927395332
0.0
0.0
0.0
0.0
0.0
0.0
0.0
0.0
0.0
0.0
0.0
0.0
0.0
0.0025405292650157066
0.0012702646325078533
0.0
0.0
0.0
0.0
0.0012702646325078533
0.0
0.0
0.0
0.0012702646325078533
0.0
0.0
0.0
0.0
0.0
0.0020133218085172876
0.0
0.0
0.0
0.0
0.0
0.0
0.006170921443505861
0.0
0.0
0.0
0.024683685774023443
0.0
0.0
0.0
0.0
0.0
0.0
0.0
0.0
0.005296908249542429
0.0
0.0
0.0
0.0
0.0
0.0
0.0020133218085172876
0.0
0.0
0.0
0.0
0.0
0.0
0.0
0.0
0.0
0.0
0.0
0.0
0.0
0.0
0.0
0.0
0.0
0.0
0.0
0.0
0.0
0.0
0.0
0.0
0.0
0.0
0.0
0.0
0.0
0.0
0.0
0.0
0.0
0.0
0.0
0.0
0.0
0.008788787267468708
0.0
0.0
0.0
0.0
0.004219727770669608
0.0
0.0
0.0056646582662422075
0.0
0.020141578521597737
0.004962784946679043
0.004219727770669608
0.004219727770669608
0.0
0.0
0.0
0.0012702646325078533
0.0
0.0
0.0
0.0
0.0
0.0
0.0
0.0
0.0
0.0
0.0
0.0
0.0
0.0
0.01342771901439849
0.0
0.0
0.0
0.0
0.0
0.0
0.0
0.0
0.0
0.0
0.0
0.0
0.0
0.0
0.0
0.0
0.0012702646325078533
0.0
0.0
0.0
0.0
0.0
0.0
0.004219727770669608
0.0
0.005081058530031413
0.0
0.04365584862749963
0.0
0.0
0.0
0.0
0.0
0.0
0.0
0.0
0.0
0.0
0.0
0.0
0.0
0.0
0.0
0.0
0.0
0.0012702646325078533
0.0
0.0
0.0
0.0029494631381617553
0.0
0.0
0.0
0.0
0.0
0.0
0.0
0.004394393633734354
0.0
0.013332513428584537
0.0
0.0
0.0
0.0
0.0
0.0
0.0
0.0
0.0
0.0
0.0
0.0
0.0
0.0
0.0
0.0
0.0
0.0
0.0
0.0
0.0
0.0
0.0
0.0
0.0
0.0
0.0
0.0
0.0
0.0
0.0
0.0
0.0
0.0
0.0
0.010384318967860736
0.0012702646325078533
0.006567172882050281
0.0
0.0
0.0
0.0
0.0
0.0
0.0
0.0
0.010384318967860736
0.0
0.00805328723406915
0.0
0.006407715442251642
0.0
0.0
0.0
0.0
0.0
0.0
0.0
0.0
0.005970802331189812
0.0
0.0
0.0
0.0
0.006805508828287903
0.0
0.0
0.0
0.0
0.0
0.0
0.0
0.0
0.0
0.0
0.0
0.0
0.0020133218085172876
0.0
0.0
0.0
0.0
0.0
0.0
0.0
0.0
0.0
0.0
0.0
0.0
0.0
0.0
0.0
0.0
0.0
0.0
0.0
0.0
0.0
0.0
0.0
0.0
0.0
0.0
0.0
0.0
0.0
0.0
0.0
0.0
0.0
0.0
0.0
0.0064624241164382215
0.0
0.0
0.0
0.0
0.0
0.0
0.0
0.0
0.0
0.0
0.0
0.0
0.005192159483930368
0.0
0.0
0.0
0.0025405292650157066
0.0
0.0
0.0
0.0
0.0
0.006713859507199245
0.0
0.0
0.0025405292650157066
0.0
0.0012702646325078533
0.0
0.0
0.013183180901203061
0.0
0.0
0.0
0.0
0.0
0.0
0.0
0.0
0.0
0.0
0.0
0.0
0.0
0.0
0.0
0.0
0.0
0.0
0.0
0.0
0.0
0.0
0.0
0.0
0.0
0.0
0.0
0.0
0.0
0.0
0.0
0.0
0.007310230058059717
0.0
0.0
0.0
0.0
0.0
0.0
0.0
0.0
0.0032835864410251407
0.0
0.0
0.0
0.0055794054769039035
0.0
0.0
0.0
0.0
0.0
0.0
0.0
0.0
0.0
0.0
0.0
0.0
0.0
0.0
0.0
0.0
0.0
0.0
0.0
0.0
0.0029494631381617553
0.0
0.0
0.0
0.004553851073532994
0.0
0.0
0.0
0.0
0.0
0.0
0.0
0.0
0.0
0.0
0.0
0.0020133218085172876
0.0
0.0
0.0
0.0
0.0
0.0
0.0055794054769039035
0.0
0.0
0.0
0.0
0.0
0.0
0.0
0.0
0.0
0.0
0.0
0.0
0.0
0.0
0.0
0.0
0.0
0.0032835864410251407
0.0
0.0
0.0
0.0
0.0
0.0
0.0
0.0
0.0
0.0
0.0
0.0
0.0
0.0
0.0
0.0
0.0035660836683866154
0.005081058530031413
0.0
0.0
0.0
0.004962784946679043
0.005081058530031413
0.0
0.0
0.0
0.0
0.0
0.0
0.010162117060062826
0.0
0.0
0.0
0.0
0.0
0.0
0.0
0.0
0.0
0.0
0.0
0.0
0.0
0.011797852552647021
0.0
0.0
0.0
0.0
0.0
0.0
0.0
0.0
0.0
0.0
0.0
0.0
0.0
0.0
0.0
0.0
0.0
0.0
0.0
0.0
0.0
0.0029494631381617553
0.0
0.0
0.0
0.0
0.025172561422341387
0.0
0.0
0.0
0.0
0.004962784946679043
0.0
0.0
0.0
0.0
0.0
0.012341842887011721
0.0012702646325078533
0.0212831410156461
0.0
0.0
0.0
0.005898926276323511
0.0
0.0
0.0
0.0
0.0
0.0
0.0020133218085172876
0.0
0.005296908249542429
0.0
0.0
0.0
0.0
0.0
0.0
0.0
0.0
0.0
0.0
0.0
0.0
0.0
0.0
0.0
0.0
0.0
0.0
0.0
0.0
0.0
0.0
0.0
0.0
0.0
0.0
0.0
0.0
0.0
0.0
0.0
0.0
0.0
0.0
0.0
0.0
0.0
0.0
0.010162117060062826
0.0032835864410251407
0.0025405292650157066
0.011941604662379623
0.0
0.0
0.018119896276655587
0.0
0.012586280711170694
0.0
0.0
0.0025405292650157066
0.0
0.0
0.0
0.0
0.0
0.0
0.14753755131820354
0.0
0.0
0.0
0.0035660836683866154
0.0
0.0
0.0
0.0
0.0
0.0
0.0
0.0283775213541948
0.0
0.004026643617034575
0.0
0.025405292650157067
0.0
0.006617384365057458
0.0
0.0
0.005081058530031413
0.0
0.0
0.0
0.0
0.040561542214111894
0.0
0.0
0.0
0.0
0.0
0.0
0.0
0.0
0.0
0.0
0.0
0.0
0.0
0.0
0.0
0.006666256714292268
0.007621587795047118
0.0
0.0
0.04233478659845108
0.0
0.0
0.0
0.0
0.0
0.0
0.0
0.0
0.0012702646325078533
0.0
0.0
0.0
0.0035660836683866154
0.0
0.0
0.0
0.056446382131268104
0.0
0.0
0.0
0.0
0.0
0.0
0.0
0.0
0.0
0.0
0.0012702646325078533
0.0
0.0
0.0
0.0
0.0
0.0
0.0
0.0
0.0
0.0
0.0
0.0
0.0
0.0
0.0
0.0
0.0
0.0
0.006849670109411756
0.0
0.0
0.0
0.006039965425551863
0.0
0.0
0.0
0.027904427020785324
0.011941604662379623
0.0
0.0
0.005489992403177462
0.0
0.0
0.0
0.0
0.0
0.013234768730114916
0.0
0.0
0.0
0.0
0.0025405292650157066
0.0
0.0
0.0
0.0
0.0
0.0
0.0
0.0
0.0062330495791868955
0.0
0.0020133218085172876
0.009850759323075423
0.0
0.0
0.0
0.0
0.0
0.0
0.0
0.0
0.0
0.0
0.0
0.0
0.0
0.0
0.0
0.0
0.0
0.0
0.005970802331189812
0.0
0.0
0.006351323162539267
0.0029494631381617553
0.0
0.0
0.0
0.0
0.0
0.0
0.0
0.0
0.0
0.0
0.0
0.0
0.0
0.0
0.0
0.0
0.0
0.0
0.0
0.0
0.0
0.0
0.0
0.0
0.010979984806354924
0.0
0.0
0.0
0.0
0.0
0.0
0.08078242449085721
0.0
0.0
0.0
0.0
0.0
0.0
0.0
0.0
0.0
0.0
0.0
0.0
0.0
0.0
0.0
0.004700537698681958
0.0
0.0056646582662422075
0.0
0.0
0.0
0.005824115706040847
0.006666256714292268
0.0
0.0
0.0
0.0
0.0
0.0
0.0
0.0
0.0
0.0
0.0
0.0
0.0
0.0
0.0
0.0
0.0
0.0
0.0
0.0
0.0
0.0
0.0
0.0
0.003810793897523559
0.0
0.0
0.0
0.0
0.0
0.0
0.0
0.0
0.0
0.0
0.0
0.0
0.0
0.0
0.0
0.0
0.0
0.0
0.0
0.0212831410156461
0.0
0.006713859507199245
0.0
0.0
0.0
0.0
0.0
0.0
0.0
0.0032835864410251407
0.0
0.0
0.0
0.0
0.0
0.0
0.0
0.0
0.0
0.0
0.0
0.0
0.0
0.0
0.0
0.0
0.0
0.0
0.0
0.0
0.0
0.0025405292650157066
0.0
0.0
0.0
0.0
0.0
0.0
0.0
0.0
0.0
0.0
0.0
0.0
0.0
0.006351323162539267
0.0
0.0
0.0
0.0
0.0
0.0
0.0
0.0
0.0
0.0
0.0
0.0
0.0
0.0
0.0
0.02937542708758444
0.0
0.0
0.0012702646325078533
0.0
0.0
0.020768637935721472
0.0
0.0
0.0
0.0
0.0
0.0
0.0
0.0
0.0
0.0
0.0
0.0
0.0
0.042098312389470725
0.0
0.0
0.0
0.0
0.0
0.0
0.0
0.0
0.0
0.0
0.005489992403177462
0.0
0.0
0.0
0.0
0.0
0.0
0.0035660836683866154
0.0
0.0
0.0
0.0
0.0
0.0
0.0
0.0
0.0
0.0
0.0
0.0
0.0
0.010979984806354924
0.0
0.03446396102260989
0.0
0.0
0.0
0.0
0.0
0.0
0.0
0.0
0.0
0.0
0.0
0.0
0.0
0.0
0.0
0.0
0.0
0.0
0.0
0.0
0.0
0.0
0.0
0.0
0.0
0.0
0.0
0.0
0.0
0.0012702646325078533
0.0
0.0
0.0
0.0
0.0
0.0
0.0
0.0
0.0
0.0
0.0
0.0
0.0
0.0
0.0
0.0
0.0
0.0
0.0
0.0
0.0
0.0
0.0
0.0
0.0025405292650157066
0.0
0.0
0.0
0.005746120765737267
0.0
0.0
0.0
0.0
0.0
0.0
0.0
0.0
0.0
0.0
0.0
0.0
0.02203157031568833
0.0
0.0
0.0
0.0
0.0
0.0
0.0
0.004700537698681958
0.003810793897523559
0.0
0.0
0.0
0.0
0.0
0.0
0.0
0.0
0.0
0.0
0.0
0.0
0.0
0.0
0.0
0.0
0.0
0.0
0.0
0.0
0.0
0.0
0.0
0.013952213510392662
0.0
0.0
0.0
0.0
0.0
0.0
0.0
0.0
0.0
0.0
0.0
0.0
0.0
0.0
0.0
0.0
0.0
0.012815430884503284
0.009672696601788936
0.0
0.0
0.0
0.004836348300894468
0.0
0.0
0.0
0.0
0.0
0.0
0.0
0.013520514071370632
0.0
0.0
0.0
0.0
0.0
0.0
0.0
0.0032835864410251407
0.0
0.004962784946679043
0.0
0.0
0.0
0.0
0.0
0.0
0.0
0.0
0.0
0.0
0.0
0.0
0.0
0.0
0.0
0.0
0.0
0.0
0.0
0.0
0.0
0.0
0.0
0.0
0.0
0.0
0.0
0.0
0.0
0.010162117060062826
0.0
0.0
0.0
0.0
0.0
0.008439455541339217
0.0
0.005824115706040847
0.0
0.0
0.0
0.0
0.0
0.0
0.0
0.0
0.0
0.0
0.0
0.0
0.0
0.0
0.0
0.0
0.0
0.0
0.0
0.0
0.028528669347092923
0.005746120765737267
0.004553851073532994
0.0
0.0
0.0
0.0
0.0
0.0
0.0
0.005489992403177462
0.0
0.0
0.0
0.0
0.0
0.0
0.0
0.0
0.0
0.0
0.0
0.0
0.0
0.0
0.0
0.0
0.0
0.0
0.0
0.0
0.0
0.0
0.0
0.0
0.0
0.0
0.0
0.0
0.0
0.0
0.0
0.0
0.0
0.0
0.0
0.0
0.0
0.0
0.0
0.0025405292650157066
0.0
0.0
0.06278496079676697
0.0
0.0
0.0
0.036379873856249696
0.0
0.0
0.0
0.0
0.0
0.01441096258489531
0.020768637935721472
0.0
0.005824115706040847
0.0
0.0
0.0
0.0
0.023883209324759246
0.0
0.0
0.004219727770669608
0.0
0.0
0.0
0.0
0.0
0.0
0.0
0.0
0.0
0.0
0.0
0.0
0.0
0.013952213510392662
0.0
0.0
0.0
0.0
0.0
0.0
0.011432381692570678
0.0
0.0
0.0
0.0
0.0
0.0
0.0
0.0
0.0
0.0
0.0
0.0
0.0
0.0
0.0029494631381617553
0.0
0.0
0.0
0.0
0.0
0.0
0.005746120765737267
0.0
0.0
0.0
0.0
0.0
0.0
0.0032835864410251407
0.0
0.0
0.0
0.0
0.0
0.0
0.0
0.0
0.0
0.0
0.0
0.020280771107055947
0.0
0.0020133218085172876
0.0
0.0
0.0
0.0
0.0
0.0
0.0
0.043446401782186
0.0070943803385487
0.0
0.0
0.0
0.14016067375229335
0.0
0.0
0.1468771354379222
0.0
0.029240920232238867
0.0
0.0
0.0
0.04279300402063938
0.0
0.0
0.04301514545298818
0.0945876720262492
0.0
0.014111595532817026
0.012213225866804645
0.0
0.0
0.0
0.0
0.0029494631381617553
0.19179881671366458
0.0
0.021827924313749816
0.0
0.0
0.013234768730114916
0.0
0.0
0.0
0.0
0.0
0.0
0.006617384365057458
0.0
0.0
0.0032835864410251407
0.0
0.0
0.0141887606770974
0.0
0.0
0.004219727770669608
0.0
0.0
0.0029494631381617553
0.0
0.0
0.0029494631381617553
0.0
0.0
0.0
0.11015785157844164
0.0
0.0
0.0
0.0
0.0
0.0
0.009672696601788936
0.0
0.0
0.020928320265588992
0.007205481292447655
0.0
0.0
0.0
0.0
0.0
0.0
0.0035660836683866154
0.0
0.0012702646325078533
0.0
0.0
0.0
0.015243175590094237
0.0
0.019387272349314665
0.0
0.0
0.0
0.0
0.0
0.0
0.0
0.0
0.0
0.0
0.0
0.0
0.0
0.0
0.0
0.0
0.0
0.004700537698681958
0.0
0.0
0.0
0.0
0.0
0.0
0.0
0.0
0.0
0.0
0.0
0.0
0.004394393633734354
0.0
0.0
0.028065541592980484
0.0
0.0
0.0029494631381617553
0.0
0.0
0.0
0.0
0.0
0.0
0.0
0.0
0.0
0.0
0.0
0.0
0.0
0.0
0.0
0.0
0.0
0.0
0.0
0.0
0.0
0.0
0.0
0.0
0.0
0.0
0.0
0.0
0.0
0.0
0.0
0.0
0.0
0.0
0.0
0.004700537698681958
0.0
0.0
0.0
0.005489992403177462
0.0
0.0
0.0
0.0
0.0
0.0
0.0
0.0
0.006170921443505861
0.0
0.0
0.0
0.0
0.0
0.0
0.0
0.0
0.0
0.0
0.0
0.0
0.007055797766408513
0.0
0.004394393633734354
0.0
0.006039965425551863
0.0
0.0
0.0
0.0
0.0
0.0
0.0
0.0
0.0
0.0
0.0
0.012466099158373791
0.0
0.0
0.0
0.0
0.0
0.0
0.0
0.0
0.0
0.0
0.0
0.0
0.0062330495791868955
0.0
0.02937542708758444
0.0
0.0
0.0
0.0
0.0
0.0029494631381617553
0.0
0.0
0.0
0.0
0.0
0.0
0.0
0.0
0.0
0.0
0.0
0.0
0.0
0.0
0.0
0.0
0.0
0.0
0.0
0.005395992081784415
0.0
0.0
0.0
0.0
0.0
0.0
0.0
0.0
0.0
0.0
0.0
0.0
0.0
0.0
0.0
0.0
0.0
0.0
0.0
0.0
0.0
0.0
0.0
0.0
0.0
0.0
0.0
0.0
0.0
0.0
0.0
0.0
0.0
0.007205481292447655
0.0
0.0
0.0
0.0
0.0
0.0
0.0
0.0
0.0
0.0
0.0
0.0
0.0
0.0
0.0
0.0
0.0
0.0
0.0
0.0
0.0
0.0
0.0
0.0
0.0
0.0
0.005898926276323511
0.0
0.0
0.0
0.0
0.0
0.0
0.0
0.0
0.0
0.0
0.0
0.0
0.0
0.0
0.0
0.0
0.0
0.0
0.0
0.0
0.0
0.0
0.0
0.0
0.0
0.0
0.0
0.0
0.0
0.0
0.0
0.0
0.0
0.0
0.0
0.0
0.0
0.0
0.0
0.0
0.0
0.0
0.0
0.0
0.0
0.0
0.0
0.0
0.011158810953807807
0.0
0.0
0.0
0.0
0.0
0.0
0.0
0.05479736087529405
0.0
0.0
0.0
0.0
0.0
0.0
0.0
0.0
0.0
0.0
0.027398680437647024
0.0
0.0
0.0
0.0
0.0
0.0
0.0
0.0
0.0
0.0
0.0
0.02744996201588731
0.0
0.0
0.0
0.0
0.0
0.0
0.0
0.0
0.0
0.0
0.0
0.0
0.0
0.0
0.0
0.0
0.012586280711170694
0.015890724748627284
0.0
0.0
0.0
0.0
0.0
0.0
0.0
0.0
0.0
0.0
0.0
0.0
0.0
0.0
0.0
0.0
0.0
0.021187632998169715
0.0
0.0
0.0
0.0
0.0
0.05479736087529405
0.0
0.03116524789593448
0.0
0.0
0.0
0.0
0.007241066963697666
0.0
0.0
0.005898926276323511
0.0
0.0
0.005081058530031413
0.0
0.0
0.0
0.0
0.005489992403177462
0.0
0.0
0.0020133218085172876
0.006760257035685316
0.0
0.0438613803483583
0.0
0.0
0.02442645173360929
0.0
0.0
0.0
0.0
0.0
0.0
0.0
0.0
0.0
0.0
0.0
0.0
0.0
0.0
0.0
0.03380128517842658
0.0
0.0
0.0
0.0
0.0
0.0
0.0
0.0
0.0
0.0
0.0
0.0
0.0
0.0
0.0
0.0
0.0
0.007055797766408513
0.0
0.0
0.0
0.0
0.0
0.0
0.0
0.0
0.005970802331189812
0.005824115706040847
0.0
0.0012702646325078533
0.0
0.0
0.0
0.006039965425551863
0.0
0.0
0.0
0.0
0.0
0.0
0.0
0.0
0.03488053377598165
0.004836348300894468
0.0
0.0
0.0
0.0
0.029103899084999753
0.0
0.0
0.035845954544156816
0.0
0.0
0.0
0.0
0.005395992081784415
0.02722203531315161
0.006515546806548371
0.0
0.013134345764100563
0.0
0.14016067375229335
0.0
0.0
0.0
0.0
0.0
0.0
0.0
0.0
0.0
0.0
0.0
0.0
0.0
0.0
0.0
0.0
0.0
0.0
0.12540691862047298
0.0
0.0
0.0
0.0
0.0
0.020141578521597737
0.0
0.0
0.0
0.0
0.0
0.0
0.0
0.0032835864410251407
0.0
0.0
0.0
0.07376877565910177
0.0032835864410251407
0.0
0.0
0.005296908249542429
0.0
0.0
0.0
0.0
0.0
0.0
0.0
0.0
0.0
0.0
0.0
0.0
0.0
0.013869845797500122
0.0141887606770974
0.0
0.02054901032823527
0.0
0.0
0.0
0.0
0.0
0.0
0.0
0.005898926276323511
0.0
0.005824115706040847
0.0
0.0025405292650157066
0.013699340218823512
0.0
0.0
0.003810793897523559
0.0
0.0
0.0
0.0
0.0
0.0
0.0
0.0
0.0
0.0
0.0
0.0
0.0
0.0
0.0
0.0
0.0
0.07926029421692421
0.0
0.0
0.0
0.0
0.0
0.0
0.0
0.005192159483930368
0.0
0.012213225866804645
0.1542209922098183
0.019387272349314665
0.0
0.0
0.10808221938671483
0.0
0.0
0.0
0.0
0.0
0.0
0.0
0.0
0.0
0.0
