0.005941937991639043
0.0
0.0
0.0
0.0
0.0
0.0
0.0
0.0
0.0
0.0
0.0
0.0
0.0
0.0
0.0
0.0
0.0
0.0
0.0
0.0
0.0
0.0
0.0
0.0
0.0
0.0
0.005090070162304521
0.0
0.0
0.0
0.0
0.0
0.0
0.0
0.0
0.0
0.0
0.0
0.0
0.0
0.0
0.0
0.0
0.0
0.0
0.0
0.0
0.0
0.0
0.0
0.0
0.0
0.0
0.0
0.0
0.0
0.0
0.0
0.005941937991639043
0.0
0.0
0.0
0.0
0.0
0.0
0.0
0.0
0.0
0.0
0.0
0.0
0.00160573835658211
0.0
0.0
0.0
0.0
0.0
0.0
0.0
0.0
0.0
0.0
0.0
0.0
0.007263656941216343
0.0
0.0
0.0
0.0
0.0
0.0
0.0
0.0
0.0
0.0
0.0
0.0
0.0
0.0
0.0
0.0
0.0
0.0
0.0
0.0
0.0
0.0
0.0
0.0
0.0
0.0
0.0
0.0
0.0
0.0
0.0
0.0
0.0
0.0
0.0
0.0
0.0
0.0
0.0
0.0
0.0
0.0
0.0
0.0
0.0
0.0
0.0
0.0
0.0
0.0
0.0
0.0
0.0
0.0
0.0
0.0
0.0
0.0
0.0
0.0
0.0
0.0
0.0
0.0
0.0
0.0
0.0
0.0
0.0
0.0
0.0
0.005090070162304521
0.0
0.0
0.004507877478887475
0.0
0.0
0.0
0.0
0.0
0.0
0.0
0.0
0.003728409003186263
0.00321147671316422
0.0
0.004507877478887475
0.0
0.0
0.00481721506974633
0.0
0.0
0.0
0.0
0.0
0.0
0.0
0.0
0.0
0.0
0.0
0.0
0.0
0.0
0.004507877478887475
0.0
0.0
0.0
0.0
0.0
0.0
0.0
0.0
0.0
0.0
0.0
0.0
0.0
0.0
0.0
0.0
0.0
0.0
0.0
0.0
0.0
0.0
0.0
0.013642120288633663
0.007263656941216343
0.0
0.0
0.0
0.0
0.0
0.0
0.0
0.0
0.0
0.0
0.0
0.0
0.0
0.0
0.0
0.0
0.0
0.0
0.0
0.0
0.0
0.0
0.0
0.0
0.0
0.0
0.0
0.005756511794316481
0.0
0.0
0.0
0.0
0.0
0.0
0.0
0.0
0.0
0.0
0.0
0.0
0.0
0.0
0.0
0.0
0.0
0.0
0.0
0.0
0.0
0.0
0.0
0.0
0.0
0.0
0.0
0.0
0.0
0.0
0.0
0.0
0.0
0.0
0.0
0.0
0.0
0.0
0.0
0.0
0.0
0.0
0.0
0.0
0.0
0.0
0.0
0.0
0.0
0.0
0.0
0.0
0.0
0.0
0.0
0.0
0.0
0.0
0.0
0.0
0.0
0.0
0.0
0.0
0.0
0.0
0.0
0.0
0.0
0.0
0.0
0.0
0.0
0.0
0.0
0.0
0.0
0.0
0.0
0.0
0.0
0.0
0.0
0.0
0.0
0.0
0.0
0.0
0.0
0.0
0.0
0.0
0.0
0.0
0.0
0.0
0.0
0.0
0.0
0.0
0.0
0.0
0.0
0.0
0.0
0.021482041195802857
0.0
0.0
0.0
0.04598770788671683
0.006273444084338524
0.0
0.0
0.0
0.0
0.0
0.0
0.0
0.0
0.0
0.0025450350811522604
0.0
0.0
0.0
0.0
0.0
0.0
0.023158062576155086
0.0
0.0
0.0
0.0
0.00481721506974633
0.006273444084338524
0.006273444084338524
0.00901575495777495
0.0
0.0
0.0
0.0
0.0
0.0
0.0
0.0
0.0
0.0
0.0
0.0
0.0
0.0
0.0
0.0
0.0
0.0
0.04150773437734371
0.004507877478887475
0.0
0.007456818006372526
0.0
0.0
0.00160573835658211
0.0
0.0
0.0
0.006273444084338524
0.0
0.0
0.0
0.0
0.0
0.0
0.0
0.0
0.0
0.0
0.0
0.0
0.005941937991639043
0.003728409003186263
0.0
0.0
0.0
0.034182496291730376
0.0
0.0
0.0
0.0
0.0
0.0
0.0
0.0
0.0
0.0
0.0
0.0
0.0
0.0
0.0
0.0
0.0
0.0
0.0
0.0
0.0
0.0
0.0
0.0
0.0
0.0
0.0
0.0
0.0
0.0
0.018642045015931315
0.0
0.0
0.0
0.0
0.0
0.0
0.0
0.0
0.0
0.0
0.0
0.0
0.009062556362954634
0.0
0.0
0.0
0.05518524946406019
0.025095057258048517
0.0
0.0
0.0
0.007955143041625774
0.0
0.0
0.0
0.0
0.0
0.0
0.0
0.0
0.0
0.0
0.0
0.0
0.0
0.0
0.0
0.0
0.0
0.0
0.0
0.0
0.0
0.0
0.0
0.0
0.0
0.0
0.0
0.0
0.0
0.0
0.0
0.0
0.0
0.0
0.0
0.0
0.0
0.006821060144316831
0.007052912560039736
0.0
0.0
0.0
0.0
0.005334147359768372
0.0
0.0
0.006113615835469584
0.06498345731643573
0.0
0.0
0.0
0.0
0.0
0.0
0.007456818006372526
0.0
0.005090070162304521
0.0
0.0
0.0
0.0
0.14920148077814088
0.12068356358766637
0.0
0.0
0.0
0.006113615835469584
0.0
0.0
0.07426680836164085
0.0
0.0
0.0
0.0
0.0
0.0
0.0
0.0
0.0
0.0
0.0
0.0
0.0
0.0
0.0
0.0
0.0
0.0
0.0
0.0
0.0
0.0
0.0
0.008818479165490785
0.0
0.0
0.00160573835658211
0.0
0.0
0.0
0.0
0.0
0.01720565350239726
0.0
0.0
0.0
0.0
0.0
0.0
0.0
0.0
0.0
0.0
0.0
0.0
0.0
0.0
0.0
0.0
0.0
0.0
0.0
0.0
0.0
0.0
0.0
0.0
0.0
0.0
0.0
0.0
0.016472572964147475
0.0
0.0
0.0
0.0
0.0
0.0
0.0
0.0
0.0
0.0
0.0
0.00160573835658211
0.0
0.0
0.0
0.0
0.0
0.0
0.0
0.0
0.0
0.0
0.0
0.0
0.00963443013949266
0.0
0.0
0.0
0.0
0.0
0.0
0.0
0.0
0.0
0.0
0.0
0.0
0.0
0.0
0.0
0.0
0.0
0.0
0.0
0.0
0.0
0.0
0.0
0.0
0.007800646419423271
0.0
0.0
0.0
0.0
0.0
0.0
0.0
0.0
0.0
0.0
0.0
0.0
0.0
0.0
0.0
0.0
0.0
0.0
0.0
0.0
0.0
0.0
0.0
0.0
0.0
0.0
0.0
0.0
0.0
0.0
0.0
0.021482041195802857
0.0
0.0
0.0
0.0
0.0
0.0
0.0
0.0
0.0
0.0
0.0
0.0
0.0
0.0
0.0
0.0
0.0
0.0
0.0
0.0
0.0
0.017269535382949446
0.0
0.0
0.0
0.0
0.0
0.00481721506974633
0.0
0.0
0.0
0.0
0.0
0.0
0.0
0.00160573835658211
0.007879182440920634
0.0
0.0
0.0
0.0
0.0
0.009108430946452022
0.0
0.0
0.0
0.0
0.007160680398600953
0.0
0.01472450030179718
0.0
0.0
0.0
0.0
0.0
0.0
0.0
0.0
0.0
0.0
0.0
0.0
0.0
0.0
0.0
0.0
0.0
0.0
0.0
0.0
0.0
0.0
0.0
0.0
0.0
0.0
0.0
0.0
0.0
0.0
0.0
0.0
0.0
0.0
0.0
0.00415077343773437
0.0
0.0
0.0
0.0
0.0
0.0
0.0
0.0
0.0025450350811522604
0.0
0.0
0.0
0.0
0.0
0.0
0.00415077343773437
0.017091248145865188
0.01472450030179718
0.0
0.0
0.0
0.0
0.0
0.0
0.06468590520027225
0.01812511272590927
0.0
0.0
0.016057383565821103
0.0
0.0
0.005334147359768372
0.0
0.0
0.0
0.0
0.006821060144316831
0.0
0.025636872218797783
0.0
0.0
0.0
0.0
0.0
0.0
0.0
0.0
0.0
0.0
0.0
0.0
0.0
0.0
0.0
0.0
0.0
0.0
0.00736225015089859
0.0
0.0
0.0
0.0
0.0
0.0
0.0
0.0
0.0
0.0
0.0
0.022905315730370347
0.0
0.0
0.0
0.0
0.008658650916621845
0.0
0.0
0.0
0.0
0.0
0.0
0.0
0.0
0.008028691782910552
0.0
0.0
0.0
0.0
0.016472572964147475
0.0
0.0
0.0
0.0
0.0
0.0
0.0
0.0
0.0
0.0
0.0
0.0
0.0
0.0
0.0
0.0
0.0
0.0
0.0
0.0
0.0
0.0
0.0
0.0
0.0
0.0
0.0
0.0
0.0
0.0
0.0
0.0
0.0
0.0
0.0
0.0
0.0
0.0
0.0
0.0
0.0
0.0
0.003728409003186263
0.0
0.0
0.0
0.0
0.0
0.0
0.0
0.0
0.0
0.0
0.012227231670939169
0.0
0.0
0.0
0.0
0.0
0.0
0.0
0.0
0.0
0.0
0.0
0.0
0.0
0.0
0.008658650916621845
0.0
0.0
0.0
0.0
0.0
0.0
0.0
0.0
0.0
0.013642120288633663
0.0
0.0
0.0
0.0
0.0
0.0
0.0
0.0
0.0
0.0
0.0
0.0
0.0
0.0
0.0
0.0
0.0
0.0
0.0
0.00642295342632844
0.0
0.0
0.0
0.0
0.0
0.0
0.0
0.0
0.0
0.0
0.0
0.0
0.0
0.0
0.0
0.0
0.0
0.0
0.0
0.0
0.0
0.0
0.00891921637418216
0.0
0.0
0.0
0.0
0.0
0.0
0.005554942042018842
0.0
0.0
0.0
0.0
0.0
0.0
0.006113615835469584
0.0
0.0
0.0
0.003728409003186263
0.0
0.0
0.0
0.0
0.0
0.0
0.006821060144316831
0.0
0.0
0.0
0.0
0.0
0.0
0.0
0.005756511794316481
0.0
0.0
0.0
0.0
0.0
0.0
0.0
0.00415077343773437
0.0
0.0
0.0
0.0
0.0
0.0
0.008869395297798453
0.0
0.0
0.0
0.0
0.0
0.06527564784043664
0.0
0.0
0.0
0.11190111058360566
0.0
0.0
0.0
0.0
0.0
0.0
0.0
0.0
0.0
0.0
0.0
0.0
0.008713161449594773
0.0
0.0
0.0
0.0
0.0
0.0
0.0
0.0
0.018340847506408752
0.0
0.0
0.0
0.0
0.0
0.0
0.0
0.0
0.0
0.0
0.0
0.0
0.0
0.0
0.0
0.0
0.0
0.0
0.13887528177199182
0.0
0.0
0.0
0.0
0.0
0.0
0.0
0.0
0.0
0.0
0.0
0.00415077343773437
0.0
0.0
0.0
0.0
0.006939885716350483
0.0
0.0
0.0
0.0
0.0
0.0
0.0
0.0
0.0
0.00481721506974633
0.0
0.0
0.0
0.0
0.0
0.0
0.0
0.0
0.0
0.0
0.0
0.0
0.0
0.00160573835658211
0.0
0.0
0.0
0.0
0.0
0.0
0.0
0.0
0.0
0.0
0.008658650916621845
0.0
0.0
0.0
0.0
0.0
0.0
0.0
0.0
0.0
0.0
0.00830154687546874
0.0
0.0
0.0
0.0
0.0
0.0
0.0
0.027047264873324848
0.0
0.0
0.0
0.011109884084037683
0.0
0.00415077343773437
0.0
0.0
0.0
0.0
0.0
0.0
0.0
0.0
0.0
0.0
0.0
0.0
0.0
0.0
0.0
0.0
0.0
0.005334147359768372
0.0
0.0
0.0
0.0
0.0
0.0
0.0
0.0
0.0
0.0
0.0
0.0
0.0
0.014321360797201905
0.005941937991639043
0.0
0.0
0.0
0.0
0.0
0.008818479165490785
0.0
0.0
0.005756511794316481
0.0
0.0
0.0
0.0
0.0
0.0
0.0
0.0
0.0
0.00321147671316422
0.0
0.0
0.0
0.0
0.0
0.0
0.0
0.0
0.026455437496472355
0.0
0.03567686549672864
0.0
0.006273444084338524
0.0
0.003728409003186263
0.0
0.0
0.0
0.0
0.0
0.0
0.0
0.0
0.0
0.015601292838846542
0.0
0.006273444084338524
0.0
0.0
0.010668294719536744
0.0
0.006113615835469584
0.0
0.005554942042018842
0.0
0.0
0.0
0.0
0.0
0.0
0.00160573835658211
0.11956804050546374
0.0
0.0
0.0
0.0
0.0
0.0
0.0
0.005941937991639043
0.0
0.0
0.0
0.0
0.0
0.0
0.0
0.0
0.0
0.0
0.0
0.0
0.0
0.0
0.0
0.0
0.0
0.0
0.0
0.0
0.0
0.0
0.0
0.0
0.0
0.0
0.0
0.0
0.0
0.0
0.0
0.0
0.0
0.0
0.0
0.0
0.0
0.0
0.0
0.0
0.0
0.0
0.0
0.0
0.027187669088863903
0.0
0.0
0.0
0.0
0.0
0.0
0.0
0.0
0.0
0.0
0.004507877478887475
0.0
0.0
0.0
0.0
0.00160573835658211
0.0
0.0
0.0
0.0
0.0
0.0
0.0
0.0
0.0358719540299228
0.0
0.0
0.0
0.0
0.0
0.007456818006372526
0.0
0.0
0.0
0.0
0.0
0.0
0.0
0.0
0.0
0.0
0.0
0.0
0.0
0.0
0.0
0.0
0.0
0.0
0.0
0.0
0.0
0.0
0.0
0.0
0.0
0.0
0.0
0.0
0.0
0.0
0.0
0.0
0.0
0.0
0.005090070162304521
0.0
0.0
0.0
0.0
0.00321147671316422
0.0
0.0
0.0
0.0
0.0
0.0
0.0
0.014451645209238988
0.0
0.0
0.0
0.0
0.0
0.0
0.0
0.0
0.0
0.0
0.0
0.0
0.0
0.0
0.0
0.0
0.0
0.0
0.0
0.0
0.0
0.0
0.025280395502696826
0.0
0.0
0.0
0.0
0.0
0.0
0.0
0.0
0.0
0.0
0.0
0.0
0.0
0.0
0.0
0.0
0.0
0.0
0.0
0.0
0.0
0.0
0.0
0.0
0.0
0.0
0.0
0.0
0.0
0.00415077343773437
0.0
0.0
0.0
0.0
0.0
0.0
0.0
0.0
0.0
0.0
0.0
0.0
0.0
0.0
0.0
0.0
0.0
0.0
0.0
0.0
0.0
0.0
0.0
0.0
0.0
0.018340847506408752
0.0
0.0
0.0
0.0
0.0
0.0
0.0
0.0
0.0
0.0
0.0
0.004507877478887475
0.0
0.0
0.0
0.0
0.0
0.0
0.0
0.0
0.0
0.0
0.0
0.0
0.0
0.0
0.005090070162304521
0.006113615835469584
0.0
0.0
0.0
0.0025450350811522604
0.0
0.0
0.031516729763682534
0.0
0.0
0.026299256265549187
0.0
0.0
0.0
0.0
0.0
0.0
0.0
0.005756511794316481
0.1485336167232817
0.0
0.0
0.0
0.0
0.0
0.0
0.0
0.014321360797201905
0.0
0.0
0.0
0.0025450350811522604
0.0
0.0
0.0
0.0
0.0
0.0
0.0
0.0
0.02386542912487732
0.0
0.0025450350811522604
0.0
0.0
0.0
0.0
0.0
0.0
0.0
0.0
0.0
0.026139484348784325
0.0
0.0
0.0
0.0
0.0
0.0
0.0
0.0
0.0
0.00160573835658211
0.0
0.0
0.0
0.0
0.0025450350811522604
0.0
0.0
0.0
0.0
0.0
0.0
0.0
0.0
0.0
0.0
0.0
0.0
0.0
0.0
0.0
0.0
0.0
0.0
0.0
0.0
0.0
0.0
0.005334147359768372
0.0
0.005756511794316481
0.0
0.0
0.0
0.0
0.0
0.00321147671316422
0.0
0.0
0.0
0.0
0.0
0.0
0.0
0.0
0.0
0.003728409003186263
0.0
0.0
0.00642295342632844
0.0
0.0
0.0
0.005090070162304521
0.006939885716350483
0.0
0.0025450350811522604
0.0
0.0
0.0
0.0
0.0
0.0
0.0
0.0
0.0
0.0
0.0
0.0
0.04554215473226011
0.0
0.0
0.0
0.0
0.0
0.0
0.0
0.0
0.0
0.0
0.0
0.0
0.0
0.0
0.014527313882432686
0.0
0.0
0.0
0.007263656941216343
0.0
0.007160680398600953
0.0
0.00160573835658211
0.0
0.0
0.0
0.0
0.0
0.0
0.0
0.0
0.0
0.0
0.0
0.0
0.0
0.006821060144316831
0.0
0.0
0.0
0.0
0.0
0.0025450350811522604
0.0
0.0
0.0
0.0
0.00160573835658211
0.0
0.0
0.0
0.0
0.0
0.0
0.003728409003186263
0.0
0.0
0.0
0.0
0.0
0.0
0.016057383565821103
0.0
0.0
0.0
0.0
0.0
0.0
0.0
0.0
0.0
0.0
0.0
0.0
0.0
0.0
0.0
0.0
0.0
0.0
0.0
0.0
0.0
0.0
0.0
0.0
0.0
0.0
0.0
0.0
0.0
0.0
0.0
0.003728409003186263
0.0
0.0
0.0
0.0
0.0
0.0
0.0
0.0
0.0
0.0
0.0
0.0
0.0
0.0
0.0
0.0
0.0
0.0
0.0
0.0
0.0025450350811522604
0.0
0.0
0.0
0.0
0.0
0.00321147671316422
0.01660309375093748
0.0
0.0
0.0
0.0
0.0
0.0
0.0
0.0
0.0
0.0
0.0
0.0
0.0
0.0
0.0
0.0
0.0
0.0
0.00160573835658211
0.0
0.0
0.0
0.00830154687546874
0.00160573835658211
0.0
0.0
0.0
0.0
0.010180140324609042
0.0
0.0
0.0
0.0
0.0
0.0
0.0
0.0
0.0
0.0
0.0
0.0
0.0
0.0
0.0
0.0
0.0
0.0
0.0
0.0
0.0
0.0
0.013879771432700966
0.0
0.0
0.0
0.0
0.0
0.0
0.0
0.0
0.0
0.0
0.0
0.0
0.0
0.0
0.0
0.0
0.0
0.0
0.0
0.0
0.0
0.0
0.0
0.0
0.0
0.0
0.00321147671316422
0.0
0.0
0.0
0.00160573835658211
0.0
0.0
0.0
0.0
0.0
0.005090070162304521
0.00481721506974633
0.0
0.007263656941216343
0.0
0.0
0.0
0.0
0.0
0.0
0.0
0.0
0.0
0.0
0.0
0.0
0.0
0.0
0.0
0.0
0.0
0.0
0.0
0.0
0.011883875983278086
0.00481721506974633
0.0
0.0
0.0
0.0
0.0
0.0
0.0
0.0
0.0
0.0
0.0
0.0
0.0
0.0
0.0
0.0
0.00481721506974633
0.0
0.0
0.0
0.0
0.0
0.0
0.0
0.0
0.0
0.005334147359768372
0.0
0.0
0.0
0.0
0.0
0.0
0.00321147671316422
0.0
0.0
0.0
0.0
0.0
0.0
0.0
0.0
0.0
0.0
0.0
0.0
0.0
0.0
0.0
0.0
0.0
0.0
0.0
0.0
0.0
0.0
0.0
0.00415077343773437
0.0
0.0
0.0
0.0
0.0
0.0
0.0
0.0
0.0
0.0
0.0
0.0
0.0
0.0
0.0
0.0
0.0
0.0
0.0
0.003728409003186263
0.0
0.0
0.005941937991639043
0.0
0.0
0.0
0.0
0.0
0.00736225015089859
0.0
0.0
0.0
0.0179359770149614
0.0
0.0
0.0
0.0
0.0
0.0
0.0
0.0
0.0
0.0
0.0
0.0
0.007800646419423271
0.0
0.0
0.0
0.0
0.0
0.0
0.0
0.0
0.0
0.0
0.0
0.0089679885074807
0.00160573835658211
0.0
0.0
0.0
0.0
0.0
0.0
0.0
0.0
0.0
0.0
0.0
0.0
0.007635105243456783
0.0
0.0
0.0
0.0
0.0
0.0
0.0
0.0
0.0
0.0
0.0
0.0
0.0
0.0
0.0
0.0
0.007879182440920634
0.0
0.00321147671316422
0.0
0.0
0.0
0.0
0.0
0.0
0.013879771432700966
0.0
0.006113615835469584
0.0
0.0
0.0
0.0
0.0
0.0
0.005090070162304521
0.007263656941216343
0.0
0.0
0.0
0.0
0.0
0.0
0.0
0.0
0.0
0.00415077343773437
0.005090070162304521
0.0
0.0
0.0
0.005554942042018842
0.0
0.0
0.0
0.0
0.0
0.0
0.0
0.0
0.0
0.0
0.0
0.0
0.0
0.0
0.0
0.0
0.0
0.0
0.0
0.0
0.005756511794316481
0.0
0.0
0.0
0.0
0.006113615835469584
0.0
0.0
0.0
0.0
0.0
0.006695808518886632
0.0
0.0
0.0
0.0
0.0
0.0
0.0
0.0
0.0
0.0
0.0
0.0
0.0
0.0025450350811522604
0.0
0.0
0.0
0.01472450030179718
0.0
0.0
0.05092183843674782
0.0
0.0
0.0
0.0
0.0
0.00321147671316422
0.0
0.0
0.0
0.0
0.0
0.0
0.0
0.0
0.0
0.0
0.0
0.0
0.0
0.0
0.0
0.044439536336150734
0.0
0.0
0.0
0.0
0.0
0.0
0.0
0.0
0.0
0.0
0.0
0.0
0.0
0.0
0.0
0.0
0.0
0.026903965522442102
0.0
0.0
0.0
0.0
0.0
0.0
0.0
0.0
0.0
0.0
0.0
0.00736225015089859
0.0
0.0
0.0
0.02429993136951331
0.0
0.0
0.0
0.0
0.0
0.0
0.0
0.0
0.0
0.0
0.0
0.0
0.0
0.0
0.0
0.0
0.0
0.0
0.0
0.0
0.0
0.0
0.03526456280019868
0.0025450350811522604
0.00160573835658211
0.0
0.0
0.0
0.0
0.0
0.0
0.0
0.0
0.0
0.0
0.003728409003186263
0.0
0.0
0.0
0.0
0.0
0.0
0.0
0.0
0.0
0.0
0.00160573835658211
0.0
0.0
0.0
0.0
0.005090070162304521
0.0
0.0
0.0
0.0
0.0
0.00160573835658211
0.0
0.0
0.0
0.0
0.0
0.0
0.0
0.0
0.022905315730370347
0.0
0.0
0.0
0.0
0.0
0.0
0.0
0.0
0.0
0.0
0.003728409003186263
0.0
0.0
0.0
0.0
0.0
0.0
0.0
0.0
0.02660818589339536
0.0
0.0
0.0
0.0
0.0
0.0
0.0025450350811522604
0.11140021254246127
0.005941937991639043
0.0
0.022905315730370347
0.0
0.0
0.0
0.006113615835469584
0.0
0.0
0.0
0.0
0.0
0.0
0.013642120288633663
0.0
0.0
0.0
0.0
0.0
0.0
0.0025450350811522604
0.0
0.0
0.0
0.0
0.0
0.0
0.0
0.0
0.0
0.0
0.0
0.0
0.021790970823649027
0.0
0.0
0.0
0.0
0.0
0.0
0.0
0.0
0.0
0.0
0.0
0.00321147671316422
0.0
0.0
0.0
0.0
0.0
0.0
0.0
0.0
0.0
0.0
0.0
0.0
0.0
0.0
0.0
0.0
0.0
0.0
0.0
0.0
0.0
0.0
0.0
0.0
0.0
0.0
0.0
0.0
0.0
0.0
0.0
0.0
0.0
0.0
0.0
0.00481721506974633
0.0
0.0
0.0
0.0
0.0
0.0
0.0
0.0
0.0
0.0
0.0
0.0
0.003728409003186263
0.0
0.0
0.0
0.0
0.0
0.0
0.0
0.0
0.0
0.01926886027898532
0.0
0.031820572166503094
0.0
0.0
0.0
0.00963443013949266
0.0
0.0
0.0
0.007719354192051695
0.00642295342632844
0.0
0.0
0.0
0.0
0.004507877478887475
0.0
0.0
0.00963443013949266
0.0
0.0
0.008713161449594773
0.0
0.0
0.0
0.0
0.0
0.0
0.0
0.0
0.0
0.0
0.0
0.0
0.0
0.0
0.0
0.0
0.0
0.0
0.0
0.0
0.00736225015089859
0.0
0.0
0.016057383565821103
0.0
0.0
0.0025450350811522604
0.0
0.0
0.0
0.03441130700479452
0.0
0.0
0.0
0.0
0.005090070162304521
0.0
0.0
0.0
0.0
0.0
0.0
0.0
0.0025450350811522604
0.0
0.0
0.0
0.006821060144316831
0.0
0.0
0.0
0.0
0.0
0.0
0.0
0.0
0.0
0.017091248145865188
0.0
0.0
0.0
0.0
0.0
0.0
0.0
0.0
0.003728409003186263
0.005090070162304521
0.0
0.0
0.0
0.0
0.006939885716350483
0.0
0.020819657149051447
0.0025450350811522604
0.0
0.0
0.0
0.0
0.0
0.0
0.0
0.0
0.0
0.0
0.0
0.0
0.05492048822881959
0.0
0.0
0.0
0.0
0.0
0.007052912560039736
0.007635105243456783
0.005756511794316481
0.006821060144316831
0.0
0.0
0.0
0.0
0.0
0.0
0.0
0.0
0.0
0.0
0.0
0.0
0.0
0.0
0.0
0.0
0.0
0.0
0.0
0.0
0.0
0.0
0.0
0.0
0.0
0.0
0.0
0.0
0.0
0.0
0.0
0.014105825120079471
0.00160573835658211
0.0
0.0
0.0
0.0
0.0
0.0
0.0
0.0
0.0
0.0
0.0
0.0
0.007879182440920634
0.0
0.0
0.0
0.0
0.0
0.0179359770149614
0.0
0.0
0.005941937991639043
0.0
0.0
0.0
0.0
0.0
0.0
0.0
0.0
0.0
0.0
0.0
0.0
0.00642295342632844
0.0
0.0
0.0
0.0
0.0
0.0
0.00901575495777495
0.004507877478887475
0.00736225015089859
0.0
0.0
0.0
0.006695808518886632
0.0
0.0
0.0
0.0
0.0
0.0
0.0
0.0
0.0
0.0
0.0
0.0
0.0
0.0
0.0
0.0
0.0
0.0
0.0
0.0
0.0
0.0
0.0
0.0
0.0
0.0
0.0
0.05595055529180283
0.005554942042018842
0.0
0.0
0.0
0.0
0.006113615835469584
0.0
0.005554942042018842
0.0
0.0
0.0
0.0
0.0
0.0
0.0
0.0
0.0
0.0
0.0
0.011109884084037683
0.0
0.0
0.0
0.0
0.0
0.0
0.0
0.0
0.0
0.0
0.007160680398600953
0.0
0.0
0.0
0.0
0.0
0.0
0.0
0.0
0.0
0.0
0.0
0.0
0.0
0.0
0.0
0.0
0.0
0.04598770788671683
0.0
0.0
0.0
0.0
0.0
0.0
0.0
0.008028691782910552
0.014527313882432686
0.013879771432700966
0.0
0.0
0.0
0.0
0.0
0.0
0.0
0.0
0.0
0.0
0.0
0.0
0.008486973072791304
0.0
0.0
0.0
0.1287655820828071
0.0
0.0
0.0
0.0
0.0
0.0
0.0
0.0
0.0
0.0
0.0
0.0
0.0
0.0
0.008099977123171103
0.0
0.0
0.0
0.0
0.0
0.027850053135615317
0.0
0.0
0.0
0.0
0.0
0.0025450350811522604
0.0
0.0
0.0
0.0
0.0
0.0
0.0
0.0
0.0
0.0
0.0
0.0
0.0
0.0
0.0
0.0
0.0
0.0
0.0
0.0
0.0
0.0
0.0
0.027722530800116676
0.0
0.0
0.0
0.00160573835658211
0.0
0.0
0.0
0.0
0.0
0.0
0.0
0.0
0.0
0.0
0.0
0.0
0.0
0.0
0.0
0.0
0.01472450030179718
0.0
0.0
0.0
0.0
0.0
0.0
0.0
0.0
0.0
0.0
0.0
0.0
0.0
0.0
0.0
0.0
0.0
0.0
0.0
0.0
0.0
0.0
0.0
0.0
0.0
0.0
0.0
0.0
0.0
0.0
0.0
0.0
0.0
0.0
0.0
0.0
0.0
0.0
0.0
0.0
0.0
0.0
0.0
0.0
0.0
0.0
0.0
0.0
0.0
0.0
0.0
0.0
0.0
0.007263656941216343
0.0
0.0
0.0
0.0
0.0
0.0
0.0
0.0
0.0
0.008028691782910552
0.0
0.0
0.0
0.0
0.0
0.0
0.0
0.0
0.0
0.0
0.0
0.0
0.0
0.0
0.00415077343773437
0.0
0.0
0.0
0.0
0.0
0.0
0.0
0.005090070162304521
0.0
0.0
0.0
0.0
0.0
0.0
0.016057383565821103
0.0
0.0
0.00160573835658211
0.0
0.0
0.04507877478887475
0.006563395865299762
0.0
0.0
0.0
0.0
0.0
0.0
0.0
0.0
0.0
0.0
0.0
0.0
0.0
0.0
0.0
0.0
0.0
0.005334147359768372
0.0
0.0
0.01697394614558261
0.005941937991639043
0.0
0.0
0.0
0.0
0.0
0.0
0.01830682940960653
0.0
0.00901575495777495
0.0
0.0
0.0
0.0
0.0
0.0
0.0
0.0
0.0
0.0
0.0
0.0
0.0
0.0
0.0
0.020463180432950492
0.0
0.0
0.0
0.0
0.0
0.10068756175283591
0.0
0.0
0.0
0.0
0.0
0.0
0.0
0.0
0.0
0.01660309375093748
0.0
0.0
0.0
0.0
0.0
0.0
0.0
0.008365019086016173
0.0
0.0
0.0
0.0
0.0
0.0
0.006273444084338524
0.0
0.0
0.0
0.0
0.0
0.0
0.0
0.0
0.0
0.0
0.0
0.0
0.0
0.0
0.0
0.0
0.0
0.01284590685265688
0.0
0.0
0.0
0.0
0.00415077343773437
0.0
0.0
0.0
0.0
0.01284590685265688
0.016472572964147475
0.0
0.0
0.0
0.0
0.0
0.003728409003186263
0.0
0.0
0.0
0.0
0.0
0.0
0.0
0.0
0.0
0.0
0.0
0.0
0.0
0.0
0.0
0.0
0.0
0.0
0.0
0.0
0.00415077343773437
0.0
0.0
0.0
0.0
0.1398763882295071
0.0
0.0
0.005941937991639043
0.0
0.0
0.0
0.0
0.0
0.0
0.0
0.0
0.04576707352401632
0.0
0.0
0.0
0.0
0.0
0.0
0.0
0.0
0.0
0.0
0.0
0.0
0.0
0.0
0.0
0.0
0.0
0.0025450350811522604
0.0
0.008236286482073737
0.0
0.0
0.0
0.0
0.0
0.0
0.0
0.0
0.0
0.0
0.0
0.0
0.0
0.0
0.0
0.0
0.0
0.0
0.0
0.0
0.0
0.0
0.0
0.0
0.008169134221881872
0.0
0.0
0.0
0.0
0.0
0.0
0.0
0.0
0.0
0.0
0.00321147671316422
0.0
0.0
0.003728409003186263
0.0
0.0
0.0
0.0
0.0
0.0
0.0
0.0
0.0
0.0
0.0
0.012227231670939169
0.005334147359768372
0.016338268443763744
0.025975952749865534
0.0
0.0
0.0
0.0
0.007456818006372526
0.0
0.0
0.024507402665645616
0.006113615835469584
0.0
0.0
0.0
0.0
0.0
0.0
0.0
0.0
0.0
0.0
0.0
0.0
0.0
0.0
0.0
0.0
0.0
0.0
0.0
0.0
0.0
0.0
0.0
0.0
0.0
0.0
0.0
0.0
0.0
0.0
0.0
0.0
0.0
0.0
0.0
0.0
0.0
0.0
0.0
0.0
0.0
0.0
0.0
0.016472572964147475
0.0
0.0
0.0
0.0
0.0
0.0
0.0
0.006273444084338524
0.0
0.0
0.0
0.0
0.0
0.0
0.0
0.0
0.007800646419423271
0.0
0.0
0.0
0.0
0.00415077343773437
0.0
0.0
0.0
0.0
0.0
0.0
0.0
0.0
0.0
0.0
0.0
0.0
0.0
0.0
0.0
0.0025450350811522604
0.008869395297798453
0.0
0.0
0.0
0.0
0.0
0.00160573835658211
0.0
0.0
0.0
0.0
0.0
0.0
0.0
0.0
0.003728409003186263
0.0025450350811522604
0.0
0.0
0.01812511272590927
0.0
0.0
0.0
0.0
0.0
0.0
0.0
0.0
0.0
0.0
0.0
0.0
0.0
0.0
0.0
0.0
0.00321147671316422
0.0
0.005334147359768372
0.0
0.0
0.0
0.0
0.0
0.0
0.0
0.0
0.005941937991639043
0.0
0.0
0.0
0.0
0.0
0.0
0.0
0.0
0.0
0.0
0.0
0.0
0.007879182440920634
0.0
0.0
0.0
0.0
0.0
0.0
0.0
0.0
0.0
0.0
0.01472450030179718
0.0
0.1771767584240423
0.0
0.0
0.0
0.0
0.0
0.0
0.0
0.0
0.0
0.0
0.0
0.0
0.005941937991639043
0.0
0.0
0.0
0.0
0.005090070162304521
0.0
0.0
0.0
0.0
0.0
0.0
0.0
0.0
0.0
0.0
0.0
0.036433723785808086
0.0
0.0
0.0
0.0
0.0
0.0
0.0
0.0
0.0
0.0
0.0
0.0
0.0
0.0
0.0
0.0
0.0
0.0
0.0
0.0
0.0
0.005090070162304521
0.0
0.0
0.0
0.0025450350811522604
0.0
0.0
0.0
0.0
0.0
0.03713340418082042
0.0
0.00160573835658211
0.0
0.0
0.0
0.0
0.0
0.0
0.0
0.0
0.008818479165490785
0.0
0.0
0.0
0.0
0.0
0.004507877478887475
0.0
0.0
0.0
0.0
0.006695808518886632
0.0
0.0
0.006821060144316831
0.0
0.0
0.0
0.0
0.0
0.0
0.0
0.0
0.0
0.0
0.0
0.0
0.0
0.01720565350239726
0.003728409003186263
0.0
0.0
0.0
0.0
0.0
0.0
0.0
0.0
0.0
0.0
0.0
0.0
0.0
0.0
0.005334147359768372
0.0
0.0
0.0
0.0
0.0
0.0
0.0
0.0
0.0
0.0
0.0
0.0
0.0
0.0
0.0
0.02264302904466346
0.0
0.0
0.00901575495777495
0.0
0.0
0.0
0.0
0.0
0.0
0.0
0.0
0.0
0.0
0.0
0.0
0.0
0.0
0.0
0.0
0.0
0.0
0.0
0.07135373099345728
0.0
0.004507877478887475
0.0
0.0
0.0025450350811522604
0.0
0.0
0.0
0.0
0.0
0.0
0.007263656941216343
0.0
0.0
0.007160680398600953
0.0
0.0
0.0
0.0
0.0
0.0
0.0
0.0
0.0
0.0
0.0
0.0
0.0
0.0
0.00642295342632844
0.008365019086016173
0.0
0.0
0.0
0.0
0.0
0.0
0.00415077343773437
0.0
0.0
0.0
0.0
0.0
0.00160573835658211
0.0
0.0
0.0
0.0
0.0179359770149614
0.0
0.0
0.014527313882432686
0.0
0.0
0.0
0.0
0.0
0.0
0.00321147671316422
0.0
0.0
0.0
0.0
0.0
0.0
0.0
0.0
0.0
0.008169134221881872
0.0
0.0360630198310998
0.0
0.0
0.0
0.0
0.0
0.0
0.0
0.027722530800116676
0.0
0.007635105243456781
0.0
0.0
0.0
0.0
0.0
0.0
0.0
0.0
0.0
0.024454463341878337
0.0
0.0
0.0
0.0
0.0
0.0
0.0
0.0
0.0
0.0
0.0
0.007879182440920634
0.0
0.0
0.007547676348221154
0.0
0.0
0.0
0.0
0.0
0.0
0.0
0.0
0.0
0.0
0.0
0.0
0.0
0.0
0.0
0.024708859446221216
0.0
0.0
0.008869395297798453
0.0
0.0
0.0
0.0
0.0
0.0
0.0
0.0
0.007800646419423271
0.0
0.0
0.0
0.0
0.0
0.0
0.0
0.0
0.004507877478887475
0.0
0.00415077343773437
0.0
0.0
0.0
0.0
0.0
0.00736225015089859
0.0
0.0
0.0
0.0
0.0
0.0
0.0
0.0
0.0
0.0
0.0
0.0
0.0
0.0
0.0
0.0
0.0
0.0
0.0
0.03506567502073225
0.0
0.0
0.0
0.0
0.0
0.0
0.0
0.005941937991639043
0.0
0.0
0.0
0.0
0.0
0.0
0.0
0.008169134221881872
0.0
0.06468590520027225
0.02386542912487732
0.0
0.0
0.0
0.0
0.0
0.0
0.0
0.005554942042018842
0.0
0.00160573835658211
0.0
0.0
0.0
0.0
0.00160573835658211
0.0
0.0
0.0
0.0
0.0
0.0
0.0
0.0
0.04554215473226011
0.0
0.0
0.0
0.0
0.0
0.0
0.0
0.0
0.0
0.0
0.0
0.0
0.0
0.0
0.0
0.0
0.0
0.0
0.0
0.0
0.00160573835658211
0.0
0.008486973072791304
0.0
0.0
0.0
0.0
0.0
0.00160573835658211
0.0
0.0
0.0
0.0
0.0
0.0
0.0
0.006113615835469584
0.0
0.0
0.0
0.0
0.0
0.01783843274836432
0.0
0.0
0.0
0.0
0.0
0.0
0.0
0.0
0.0
0.0
0.0
0.0
0.0
0.0
0.011109884084037683
0.0
0.0
0.0
0.015601292838846542
0.0
0.0
0.0
0.01543870838410339
0.00321147671316422
0.0
0.0
0.016730038172032346
0.0
0.015270210486913563
0.0
0.0
0.0
0.0
0.0
0.0
0.0
0.0
0.0
0.0
0.0
0.0
0.0
0.0
0.0
0.0
0.0
0.0
0.0
0.0
0.0
0.0
0.0
0.0
0.0
0.0
0.0
0.0
0.0
0.0
0.0
0.0
0.0
0.0
0.0
0.0
0.00321147671316422
0.0
0.017091248145865188
0.0
0.0
0.0
0.00321147671316422
0.04554215473226011
0.0
0.0
0.0
0.0
0.0
0.0
0.0
0.0
0.0
0.0
0.0
0.0
0.0
0.0
0.005554942042018842
0.0
0.0
0.0
0.0
0.0
0.0
0.0
0.0
0.0
0.0
0.0
0.0
0.0
0.0
0.0
0.006821060144316831
0.0
0.0
0.0
0.0
0.0
0.0
0.0
0.0
0.0
0.0
0.0
0.0
0.0
0.0
0.0
0.0
0.0
0.0
0.0
0.025975952749865534
0.0
0.0
0.0
0.0
0.0
0.0
0.0
0.0
0.0
0.0
0.0
0.0
0.05544506160023335
0.0
0.0
0.0
0.0
0.0
0.061729354158435494
0.0
0.0
0.0
0.0
0.0
0.0
0.0
0.0
0.0
0.00160573835658211
0.0
0.0
0.0
0.0
0.0
0.0
0.0
0.0
0.008486973072791304
0.0
0.0
0.0
0.0
0.0
0.0
0.0
0.006273444084338524
0.0
0.0
0.0
0.0
0.0
0.0
0.0860282675119863
0.027850053135615317
0.00481721506974633
0.0
0.0
0.0
0.0
0.0
0.00642295342632844
0.0
0.0
0.0
0.0
0.0
0.0
0.0
0.027460244114409796
0.008486973072791304
0.0
0.005334147359768372
0.0
0.0
0.0
0.0
0.0
0.0
0.0
0.0
0.0
0.0
0.0
0.0
0.0
0.0
0.0
0.0
0.0
0.0
0.0
0.05321637178679072
0.005090070162304521
0.0
0.0
0.0
0.0
0.0
0.0
0.0
0.0
0.0
0.0
0.0
0.0
0.00642295342632844
0.0
0.0
0.0
0.0
0.0
0.0
0.0
0.0
0.0358719540299228
0.0
0.009153414704803265
0.0
0.0
0.0
0.0
0.0
0.0
0.0
0.0
0.007456818006372526
0.0
0.0
0.0
0.0
0.0
0.0
0.0025450350811522604
0.0
0.0
0.0
0.0
0.0
0.0
0.0
0.0
0.0
0.0
0.0
0.0
0.0
0.0
0.0
0.0
0.0
0.0
0.0
0.1585265733267747
0.0
0.008426798500898941
0.0
0.0
0.0
0.00860282675119863
0.0
0.027325292839356065
0.0
0.0
0.0
0.0
0.030190705392884615
0.0
0.0
0.0
0.0
0.0
0.0
0.0
0.006939885716350483
0.01731730183324369
0.0
0.0
0.0
0.0
0.0
0.0
0.0
0.0
0.0
0.0
0.0
0.0
0.0
0.00160573835658211
0.0
0.0
0.0
0.0
0.0
0.0
0.00321147671316422
0.0
0.0
0.0
0.0
0.0
0.0025450350811522604
0.0
0.0
0.0
0.0
0.0
0.0
0.0
0.0
0.015270210486913566
0.013391617037773263
0.0
0.0
0.0
0.0
0.0
0.006113615835469584
0.0
0.0
0.0
0.0
0.0
0.0
0.0
0.0
0.00160573835658211
0.0
0.0
0.0
0.0
0.0
0.0
0.06527564784043664
0.0
0.0
0.03679016630937346
0.0
0.0
0.0
0.0
0.0
0.0
0.0
0.0
0.0
0.0
0.0
0.0
0.0
0.007635105243456783
0.0
0.0
0.0
0.0
0.0
0.0
0.0
0.0
0.0
0.0
0.0
0.0
0.0
0.0
0.1287655820828071
0.0
0.0
0.031820572166503094
0.0
0.0
0.0
0.0
0.0
0.0
0.0
0.0
0.0
0.0
0.0
0.04554215473226011
0.0
0.0
0.0
0.0
0.0
0.3543535168480846
0.0
0.0
0.0
0.0
0.027722530800116676
0.00415077343773437
0.0025450350811522604
0.0
0.0
0.0
0.0
0.0
0.0
0.0
0.0
0.0
0.0
0.0
0.0
0.0
0.0
0.011883875983278086
0.0
0.0
0.0
0.0
0.0
0.00901575495777495
0.0
0.0
0.0
0.0
0.0
0.0
0.0
0.0
0.0
0.0
0.0
0.0
0.0
0.0
0.0
0.007160680398600953
0.0
0.0
0.0
0.0
0.0
0.0
0.0
0.0
0.0
0.0
0.0
0.024086075348731653
0.0
0.0
0.0
0.0
0.0
0.0
0.0
0.0
0.0
0.0
0.0
0.0
0.0
0.012546888168677049
0.005090070162304521
0.0
0.0
0.0
0.0
0.0
0.0
0.0
0.0
0.0
0.0
0.0
0.0
0.0
0.00160573835658211
0.0
0.0
0.0
0.0
0.0
0.0
0.0
0.0
0.0
0.0
0.0
0.0
0.017426322899189547
0.0
0.0
0.0
0.0
0.0
0.0
0.0
0.0
0.0
0.010668294719536744
0.0
0.0
0.0
0.0
0.0
0.0
0.0
0.0
0.0
0.0
0.0
0.0
0.0
0.0
0.0
0.0
0.0
0.0
0.0
0.0
0.0
0.0
0.0
0.0
0.0
0.0
0.0
0.01543870838410339
0.00481721506974633
0.0
0.0
0.0
0.0
0.0
0.0
0.0
0.0
0.0
0.0
0.0
0.0
0.0
0.0
0.0
0.0
0.06527564784043664
0.0
0.0
0.0
0.0
0.0
0.0
0.003728409003186263
0.0
0.0
0.005941937991639043
0.0
0.0
0.0
0.0
0.0
0.0
0.0
0.0
0.0
0.0
0.0
0.0
0.007800646419423271
0.005941937991639043
0.00160573835658211
0.0
0.00963443013949266
0.0
0.0
0.0
0.0
0.0
0.0
0.0
0.0
0.0
0.0
0.0
0.0
0.0
0.0
0.0
0.0
0.00160573835658211
0.007719354192051695
0.0
0.0
0.0
0.0
0.005554942042018842
0.0
0.0
0.0
0.0
0.0
0.0
0.0
0.0
0.0
0.0
0.0
0.0
0.0
0.0
0.0
0.0
0.0
0.0
0.0
0.0
0.0
0.0089679885074807
0.0
0.0
0.0
0.0
0.0
0.0
0.0
0.0
0.0
0.0
0.0
0.0
0.0
0.0
0.0
0.0
0.0
0.0
0.0
0.0
0.0
0.0
0.0
0.0
0.0
0.0
0.0
0.0
0.0
0.0
0.0
0.0
0.0
0.0
0.0
0.0
0.06626025135808732
0.0
0.00321147671316422
0.008766418755183062
0.0
0.00860282675119863
0.0
0.03320618750187496
0.0
0.0
0.0
0.0
0.0
0.0
0.006695808518886632
0.005090070162304521
0.0
0.0
0.0
0.0
0.00481721506974633
0.0
0.0
0.0
0.0
0.0
0.0
0.0
0.0
0.0
0.0
0.0
0.0
0.0
0.0
0.0025450350811522604
0.0
0.0
0.0
0.0
0.00830154687546874
0.008365019086016173
0.0
0.0
0.0
0.0
0.0
0.0
0.0
0.0
0.0
0.0
0.0
0.0
0.0
0.0
0.0
0.0
0.0
0.0
0.0
0.0
0.0
0.0
0.0
0.0
0.0
0.0
0.0
0.00160573835658211
0.0
0.0
0.0
0.0
0.0
0.0
0.0
0.0
0.0
0.0
0.0
0.0
0.0
0.0
0.0
0.00481721506974633
0.0
0.0
0.0
0.0
0.0
0.03661365881921306
0.0
0.0
0.0
0.0
0.0
0.0
0.0
0.0
0.0
0.0
0.0
0.0
0.0
0.0
0.0
0.0
0.0
0.0
0.0
0.0
0.0
0.005941937991639043
0.0
0.0
0.0
0.003728409003186263
0.0
0.0
0.0
0.0
0.0
0.0
0.004507877478887475
0.006695808518886632
0.0
0.0
0.039003232097116355
0.0
0.0
0.0
0.007800646419423271
0.0
0.0
0.0
0.0
0.0
0.0
0.0
0.0
0.0
0.0
0.0
0.0
0.0
0.0
0.0
0.007635105243456781
0.0
0.0
0.0
0.0
0.0
0.0
0.0
0.0
0.0
0.007263656941216343
0.0
0.0
0.0
0.0
0.0
0.045943771057098334
0.0
0.0
0.0
0.0
0.0
0.0
0.0
0.00160573835658211
0.0
0.0
0.0
0.0
0.0
0.0
0.0
0.0
0.0
0.0
0.0
0.0
0.0
0.0
0.00321147671316422
0.0
0.0
0.0
0.0
0.0
0.0
0.0
0.0
0.02546091921837391
0.018820332253015572
0.0
0.005334147359768372
0.0
0.0
0.0
0.0
0.0
0.0
0.006695808518886632
0.0
0.00321147671316422
0.0
0.010180140324609042
0.0
0.0
0.0
0.0
0.005090070162304521
0.0
0.0
0.04243486536395652
0.0
0.0
0.0
0.0
0.0
0.0
0.0
0.0
0.0
0.0
0.0
0.0
0.0
0.0
0.0
0.0
0.0
0.0
0.0
0.0
0.0
0.0
0.0
0.0
0.0
0.0
0.0
0.027592624732030096
0.0
0.0
0.0
0.0
0.0
0.0
0.0
0.0
0.013126791730599524
0.0
0.0
0.0
0.0
0.0
0.0
0.0
0.0
0.0
0.0
0.0
0.0
0.003728409003186263
0.0
0.0
0.0
0.0
0.0
0.0
0.0
0.0
0.0
0.0
0.0
0.0
0.0
0.0
0.0
0.0
0.0
0.0
0.0
0.0
0.003728409003186263
0.0
0.0
0.0
0.0
0.0
0.0
0.0
0.0
0.0
0.0
0.0
0.0
0.0
0.0
0.0
0.0
0.0
0.0
0.0
0.0
0.0
0.0
0.0
0.0
0.0
0.0
0.0
0.0
0.0
0.0
0.0
0.00642295342632844
0.0
0.0
0.0
0.013126791730599524
0.0025450350811522604
0.0
0.0
0.03239990849268441
0.0
0.00642295342632844
0.0
0.0
0.0
0.0
0.0
0.0
0.0
0.0
0.0
0.0
0.0
0.0
0.0
0.0
0.0
0.0
0.0
0.0
0.0
0.003728409003186263
0.006695808518886632
0.010668294719536744
0.0
0.0
0.0
0.0
0.0
0.0
0.0
0.0
0.0
0.0
0.0
0.0
0.0
0.0
0.0
0.00160573835658211
0.0
0.0
0.0
0.0
0.0
0.0
0.0
0.0
0.0
0.0
0.0
0.0
0.0
0.0
0.0
0.0
0.0
0.0
0.0
0.0
0.0
0.0
0.03267653688752749
0.0
0.00321147671316422
0.0
0.0
0.0
0.005756511794316481
0.0
0.0
0.0
0.0
0.0
0.0
0.006563395865299762
0.0
0.0
0.0
0.0
0.0
0.0
0.0
0.0
0.0
0.0
0.0
0.0
0.0
0.0
0.0
0.0
0.0
0.0
0.0
0.0
0.0
0.0
0.0
0.0
0.0
0.0
0.0
0.0
0.0
0.0
0.0
0.00160573835658211
0.0
0.0
0.0
0.0
0.0
0.0
0.0
0.0
0.0
0.0
0.0
0.0
0.0
0.0
0.0
0.0
0.0
0.0
0.009240843600038892
0.0
0.008236286482073737
0.0
0.0
0.0
0.0
0.0
0.016664826126056523
0.0
0.0
0.0
0.0
0.0
0.0
0.0
0.0
0.0
0.0
0.0
0.0
0.0
0.0
0.0
0.0
0.0
0.0
0.0
0.0
0.0
0.0
0.0
0.0
0.0
0.0
0.00160573835658211
0.0
0.0
0.0
0.0
0.0
0.0
0.0
0.006273444084338524
0.0
0.0
0.0
0.0
0.0
0.005554942042018842
0.0
0.0
0.0
0.0
0.0
0.0
0.0
0.0
0.0
0.0
0.0
0.0
0.0
0.0
0.0
0.0
0.0
0.0
0.0
0.0
0.0
0.0
0.0
0.0
0.0
0.0
0.0
0.0
0.0
0.0
0.0
0.0
0.0
0.0
0.0
0.0
0.0
0.0
0.0
0.0
0.0
0.0
0.0
0.01284590685265688
0.0
0.00642295342632844
0.0
0.0
0.0
0.0
0.0
0.0
0.0
0.0
0.0
0.00642295342632844
0.0
0.0
0.0
0.0
0.0
0.0
0.0
0.0
0.0
0.0
0.0
0.0
0.0
0.007456818006372526
0.00160573835658211
0.0
0.0
0.0
0.0
0.0
0.0
0.0
0.0
0.0
0.0
0.0
0.0
0.0
0.0
0.0
0.0
0.0
0.0
0.0
0.0
0.0
0.0
0.0
0.0
0.0
0.0
0.0
0.0
0.0
0.0
0.0
0.0
0.0
0.0
0.0
0.0
0.023401939258269815
0.0
0.026903965522442102
0.0
0.0
0.0
0.0
0.0
0.0
0.0
0.0
0.0
0.014321360797201905
0.0
0.0
0.020087425556659894
0.0
0.0
0.0
0.0
0.0
0.0
0.0
0.0
0.0
0.0
0.0
0.0
0.0
0.0
0.0
0.0
0.0
0.0
0.0
0.0
0.0
0.0
0.0
0.0
0.0
0.0
0.0
0.0
0.0
0.0
0.0
0.0
0.0
0.0
0.0
0.0
0.0
0.0
0.0
0.0
0.0
0.02264302904466346
0.0
0.00321147671316422
0.007635105243456783
0.0
0.0
0.0
0.0
0.00321147671316422
0.0
0.0
0.0
0.0
0.0
0.0
0.1398763882295071
0.0
0.0
0.00160573835658211
0.004507877478887475
0.0
0.0
0.0
0.0
0.0
0.0
0.0
0.053807931044884204
0.0
0.0
0.0
0.032114767131642206
0.0
0.03346007634406469
0.0
0.0
0.0
0.0
0.0
0.0
0.0
0.025636872218797783
0.0
0.0
0.0
0.0
0.0
0.0
0.0
0.0
0.0
0.0
0.0
0.0
0.0
0.0
0.0
0.016853597001797883
0.00481721506974633
0.006113615835469584
0.006113615835469584
0.00891921637418216
0.007263656941216343
0.0
0.0
0.0
0.0
0.02569181370531376
0.0
0.0
0.0
0.0
0.0
0.0
0.004507877478887475
0.0
0.0
0.0
0.00891921637418216
0.0
0.0
0.0
0.0
0.0
0.0
0.0
0.0
0.0
0.0
0.0
0.0
0.0
0.0
0.0
0.0
0.0
0.0
0.0
0.0
0.0
0.0
0.0
0.0
0.006821060144316831
0.0
0.0
0.0
0.0
0.04329325458310923
0.0
0.0
0.0
0.0
0.0
0.0
0.0
0.008818479165490785
0.007547676348221154
0.0
0.0
0.020819657149051447
0.0
0.0
0.0
0.0
0.0
0.008365019086016173
0.0
0.0
0.0
0.0
0.0
0.0025450350811522604
0.0
0.0
0.0
0.0
0.0
0.0
0.0
0.0
0.0
0.0
0.00415077343773437
0.0
0.0
0.0
0.0
0.0
0.0
0.00321147671316422
0.0
0.0
0.0
0.0
0.0
0.0
0.0
0.0
0.005334147359768372
0.0
0.0
0.015095352696442308
0.011185227009558788
0.007052912560039736
0.048172150697463306
0.0
0.0
0.0
0.0
0.0
0.0
0.0
0.003728409003186263
0.0
0.0
0.0
0.0
0.0
0.0
0.0
0.0
0.0
0.0
0.0
0.0
0.0
0.0
0.0
0.0
0.0
0.0
0.0
0.0
0.0
0.0
0.0
0.0
0.12068356358766637
0.0
0.0
0.0
0.0
0.0
0.0
0.0
0.0
0.0
0.0
0.0
0.00160573835658211
0.0
0.0
0.0
0.005941937991639043
0.0
0.0
0.0
0.0
0.0
0.0
0.025280395502696826
0.0
0.0
0.015601292838846542
0.0
0.0
0.0
0.0
0.0
0.0
0.0
0.0
0.0
0.0
0.0
0.0
0.0
0.0
0.0
0.0
0.0
0.0
0.0
0.0
0.0
0.00481721506974633
0.0
0.0
0.0
0.0
0.00160573835658211
0.0
0.0
0.0
0.0
0.0
0.0
0.007547676348221154
0.0
0.0
0.0
0.0
0.0
0.0
0.0
0.0089679885074807
0.0
0.02546091921837391
0.0
0.0
0.0
0.0
0.0
0.0
0.0
0.0
0.006695808518886632
0.0
0.0
0.0
0.0
0.0
0.0
0.0
0.0
0.0
0.0
0.0
0.0
0.0
0.0
0.0
0.0
0.0
0.0
0.0
0.0
0.0
0.0
0.0
0.0
0.0
0.0
0.0
0.0
0.0
0.0
0.0
0.0
0.0
0.0
0.008028691782910552
0.0
0.0
0.011883875983278086
0.0
0.0
0.0
0.0
0.0
0.0
0.0
0.0
0.0
0.0
0.0
0.0
0.01856670209041021
0.0
0.0
0.0
0.0
0.0
0.0
0.0
0.0
0.0
0.00160573835658211
0.0
0.0
0.005090070162304521
0.0
0.0
0.006563395865299762
0.0
0.0
0.0
0.0
0.0
0.0
0.0
0.0
0.0
0.0
0.0
0.0
0.0
0.0
0.0
0.0
0.0
0.0
0.0
0.0
0.0
0.0
0.0
0.0
0.0
0.0
0.0
0.0
0.0
0.0
0.0
0.0
0.0
0.0
0.0
0.0
0.0
0.008713161449594773
0.0
0.0
0.0
0.0
0.013879771432700966
0.0
0.0
0.0
0.006273444084338524
0.0
0.007456818006372526
0.0
0.0
0.0
0.0
0.0
0.0
0.0
0.0
0.0
0.0
0.0
0.0
0.0
0.0
0.0
0.0
0.0
0.0
0.0
0.0
0.00415077343773437
0.0
0.0
0.0
0.0
0.0
0.0
0.00160573835658211
0.0
0.0
0.0
0.0
0.0
0.016002442079305117
0.0
0.0
0.0
0.0
0.0
0.0
0.0
0.0
0.0
0.0
0.0
0.0
0.0
0.007263656941216343
0.005554942042018842
0.0
0.0
0.0
0.0
0.008028691782910552
0.0
0.0
0.0
0.0
0.0
0.0
0.027850053135615317
0.0
0.010180140324609042
0.0
0.0
0.0
0.0
0.0
0.005941937991639043
0.0
0.0
0.0
0.0
0.0
0.0
0.0
0.0
0.0
0.0
0.0
0.0
0.005756511794316481
0.0
0.0
0.0
0.0
0.013126791730599524
0.0
0.0
0.0
0.0
0.0
0.0
0.008818479165490785
0.0
0.0
0.0
0.0
0.0
0.0
0.0
0.0
0.0
0.0
0.0
0.0
0.0
0.0
0.0
0.0
0.0
0.016199954246342206
0.0
0.0
0.0
0.0
0.0
0.0
0.0
0.0
0.0
0.0
0.0
0.0
0.008545624072932594
0.0
0.0
0.0
0.0
0.0
0.0
0.0
0.0
0.0
0.0
0.0
0.0
0.0
0.0
0.0
0.0
0.0
0.0
0.0
0.0
0.0
0.0
0.0
0.0
0.0
0.0
0.0
0.0
0.0
0.0
0.0
0.003728409003186263
0.0
0.0
0.0
0.0
0.0
0.0
0.0
0.0
0.0
0.0
0.0
0.0
0.0
0.005334147359768372
0.0
0.0
0.0
0.0
0.0
0.0
0.0
0.0
0.0
0.0
0.0
0.0
0.0
0.0
0.0
0.0
0.0
0.0
0.0
0.0
0.0
0.0
0.0180315099155499
0.0
0.0
0.0
0.0
0.0
0.0
0.0
0.0
0.0
0.013879771432700966
0.0
0.0
0.0
0.0
0.0
0.0
0.0
0.0
0.0
0.0
0.0
0.0
0.0
0.0
0.0
0.0
0.0
0.0
0.0
0.0
0.0
0.0
0.0
0.0
0.0
0.0
0.0
0.0
0.0
0.0
0.0
0.0
0.0
0.0
0.0
0.0
0.0
0.0
0.0
0.0
0.0
0.0
0.061729354158435494
0.0
0.0
0.00160573835658211
0.05518524946406019
0.0
0.0
0.0
0.0
0.0
0.018216861892904043
0.0
0.0
0.00736225015089859
0.0
0.0
0.0
0.0
0.0
0.0
0.0
0.0
0.0
0.0
0.0
0.0
0.0
0.0
0.0
0.0
0.0
0.0
0.0
0.0
0.0
0.0
0.0
0.0
0.0
0.005334147359768372
0.0
0.0
0.0
0.0
0.0
0.0
0.0
0.0
0.0
0.0
0.0
0.0
0.0
0.0
0.0
0.0
0.0
0.0
0.0
0.0
0.0
0.0
0.0
0.0
0.007263656941216343
0.0
0.0
0.0
0.0
0.0
0.0
0.0
0.0
0.0
0.0
0.0
0.0
0.0
0.0
0.0
0.0
0.0
0.0
0.0
0.0
0.0
0.0
0.0
0.0
0.0
0.0
0.0
0.0
0.04576707352401632
0.0358719540299228
0.0
0.0025450350811522604
0.0
0.3170531466535494
0.0
0.0
0.10211686149725617
0.0
0.018481687200077784
0.0
0.0
0.026455437496472355
0.027047264873324848
0.0
0.0
0.027187669088863903
0.10117295735077701
0.0
0.00891921637418216
0.023158062576155086
0.005554942042018842
0.0
0.0
0.0
0.003728409003186263
0.14920148077814088
0.0
0.05518524946406019
0.0
0.0
0.025095057258048517
0.0
0.00642295342632844
0.0
0.0
0.0
0.0
0.008365019086016173
0.0
0.0
0.0
0.0
0.0
0.0179359770149614
0.0
0.0
0.0
0.0
0.0
0.0
0.0
0.0
0.0
0.0
0.0
0.0
0.12996691463287147
0.0
0.00321147671316422
0.0
0.0
0.0
0.0
0.0
0.0
0.0
0.026455437496472355
0.0
0.0
0.0
0.0
0.0
0.0
0.0
0.0
0.0
0.0
0.0
0.0
0.0
0.0
0.0
0.016338268443763744
0.0
0.0
0.007263656941216343
0.0
0.0
0.0
0.0
0.0
0.00160573835658211
0.0
0.0
0.0
0.00736225015089859
0.0
0.006939885716350483
0.00321147671316422
0.0
0.005941937991639043
0.0
0.0
0.0
0.0
0.0
0.005090070162304521
0.0
0.0
0.0
0.0
0.0
0.0
0.0
0.0
0.0
0.0
0.0
0.0
0.0
0.0
0.0
0.0
0.0
0.0
0.0025450350811522604
0.00415077343773437
0.0
0.0
0.0
0.0
0.0
0.0
0.0
0.0
0.0
0.0
0.0
0.0
0.0
0.0
0.0
0.0
0.005941937991639043
0.0
0.0
0.0
0.0
0.0
0.0
0.0
0.0
0.0
0.0
0.0
0.005941937991639043
0.0
0.00963443013949266
0.0
0.0
0.0
0.0
0.0
0.0
0.0
0.0
0.0
0.0
0.0
0.0
0.0
0.0
0.0
0.0
0.0
0.00481721506974633
0.0
0.0
0.0
0.007263656941216343
0.0
0.00891921637418216
0.003728409003186263
0.0
0.0
0.0
0.0
0.0
0.0
0.0
0.0
0.0
0.0
0.0
0.0
0.0
0.0
0.0
0.0
0.0
0.0
0.0
0.0
0.0
0.0
0.0
0.0
0.0
0.0
0.0
0.0236375473227619
0.0
0.01856670209041021
0.0
0.0
0.00160573835658211
0.0
0.004507877478887475
0.0
0.0
0.0
0.0
0.0
0.0
0.0
0.0
0.0
0.0
0.0
0.0
0.0
0.0
0.0
0.0
0.027047264873324848
0.0
0.0
0.0
0.0
0.0
0.0
0.0
0.0
0.0
0.0
0.0
0.0
0.0
0.0
0.0
0.0
0.0
0.0
0.0
0.0
0.0
0.0
0.0
0.0
0.0
0.0
0.0
0.0
0.00901575495777495
0.0
0.0
0.0
0.0
0.0
0.0
0.0
0.0
0.027325292839356065
0.005334147359768372
0.0
0.0
0.0
0.0
0.0
0.0
0.0
0.0
0.0
0.005334147359768372
0.0
0.0
0.0
0.0
0.0
0.0
0.0
0.0
0.0
0.0
0.0
0.0
0.0
0.0
0.0
0.0
0.0
0.0
0.0
0.0
0.0
0.0
0.0
0.0
0.0
0.0
0.0
0.0
0.0
0.0
0.0
0.0
0.0
0.0
0.0
0.0
0.0
0.0
0.0
0.0
0.0
0.0
0.0
0.007547676348221154
0.0
0.0
0.0
0.0
0.0
0.0
0.0
0.0
0.0
0.0
0.0
0.0
0.0
0.08716624219242178
0.0
0.0
0.00321147671316422
0.0
0.0
0.0
0.0
0.0
0.0
0.0
0.0
0.0
0.0
0.0
0.008658650916621845
0.0
0.0
0.0
0.0
0.0
0.0
0.0
0.0
0.0
0.0
0.025975952749865534
0.0
0.0
0.2649451747482352
0.0
0.0
0.0
0.0
0.0
0.0
0.0
0.0
0.013879771432700966
0.0
0.0
0.0
0.0
0.0
0.0
0.0
0.0
0.0
0.0
0.0
0.0
0.0
0.0
0.0
0.004507877478887475
0.015910286083251547
0.006695808518886632
0.0
0.0
0.012452320313203112
0.0
0.0
0.0
0.006563395865299762
0.0
0.0
0.0
0.0
0.0
0.0
0.0
0.0
0.0
0.0
0.0
0.0
0.0
0.0
0.0
0.0
0.0
0.0
0.0
0.007052912560039736
0.0
0.0
0.003728409003186263
0.11899439116244245
0.0
0.0
0.007456818006372526
0.00830154687546874
0.0
0.01926886027898532
0.0
0.0
0.0
0.0
0.006939885716350483
0.0
0.0
0.0
0.008545624072932594
0.0
0.009240843600038892
0.0
0.0
0.0
0.0
0.0
0.0
0.0
0.0
0.0
0.0
0.0
0.0025450350811522604
0.0
0.0
0.0
0.0
0.0
0.0
0.0
0.0
0.0
0.012452320313203112
0.0
0.0
0.0
0.0
0.005941937991639043
0.0
0.0
0.0
0.0
0.0
0.0
0.0
0.0
0.0
0.02675764912254648
0.0
0.00415077343773437
0.0
0.0
0.0
0.0
0.0
0.0
0.0
0.0
0.0
0.0
0.0
0.0
0.0
0.0
0.00321147671316422
0.0
0.0
0.0
0.0
0.0
0.030540420973827132
0.013642120288633663
0.03527391666196314
0.0
0.0
0.0
0.0
0.0
0.01839508315468673
0.0
0.0
0.05437533817772781
0.0
0.017091248145865188
0.0
0.0025450350811522604
0.006821060144316831
0.03441130700479452
0.008236286482073737
0.0
0.01660309375093748
0.0
0.14920148077814088
0.0
0.0
0.0236375473227619
0.0
0.0
0.0
0.008486973072791304
0.0
0.0
0.005090070162304521
0.0
0.0
0.0
0.0
0.0
0.0
0.0
0.0
0.289077869007648
0.0025450350811522604
0.0
0.0
0.00481721506974633
0.0
0.0
0.00415077343773437
0.0
0.0
0.0
0.0
0.0
0.0
0.0
0.0
0.0
0.0
0.08392583293770424
0.0
0.0
0.0
0.0
0.020819657149051447
0.0
0.0
0.0
0.0
0.0
0.01720565350239726
0.0
0.0
0.0
0.0
0.0
0.0
0.008766418755183062
0.0089679885074807
0.0
0.008658650916621845
0.0
0.008658650916621845
0.009108430946452022
0.0
0.0
0.0
0.0
0.0
0.0
0.0
0.0
0.0
0.025975952749865534
0.005941937991639043
0.0
0.0
0.0
0.0
0.0
0.0
0.0
0.0
0.00642295342632844
0.0
0.0
0.0
0.0
0.0
0.0
0.0
0.0
0.0
0.0
0.04554215473226011
0.0
0.0
0.0
0.0
0.0
0.0
0.0
0.0
0.01543870838410339
0.007719354192051695
0.09283351045205106
0.008169134221881872
0.0
0.0
0.0
0.0
0.0
0.0
0.0
0.0
0.0
0.0
0.00321147671316422
0.0
0.0
