0.0
0.0
0.005166647305145377
0.0
0.0
0.0
0.0
0.0
0.0
0.0
0.0
0.0
0.0
0.0
0.0
0.0
0.0
0.0
0.0
0.0
0.0054143965019763105
0.0
0.0
0.0
0.0
0.0
0.0
0.0
0.0
0.0
0.0
0.0
0.0
0.0
0.0
0.0
0.0
0.0
0.0
0.0
0.0
0.0
0.0
0.0
0.004213219408085692
0.0
0.0
0.0
0.0
0.0
0.0
0.0
0.0
0.0
0.0
0.0
0.0
0.0
0.0
0.0
0.0
0.0
0.0
0.0
0.0
0.0
0.0
0.0
0.0
0.0
0.0
0.0
0.0
0.0
0.0
0.0
0.0
0.0
0.0
0.0
0.0
0.0
0.007661226745642905
0.0
0.0
0.0073729344319774254
0.0032597915110260073
0.0
0.0
0.0
0.0
0.0
0.0
0.0
0.0
0.0
0.0
0.0
0.0
0.0
0.0
0.0
0.0
0.0
0.0
0.0
0.0
0.0
0.0
0.0069236790238886075
0.0
0.0
0.0
0.0
0.0
0.0
0.0
0.0
0.0
0.0
0.004575695871680228
0.0
0.0
0.0
0.0
0.0
0.0
0.0
0.0
0.0
0.0
0.0
0.0
0.0
0.0
0.0
0.0
0.0
0.0
0.0
0.0
0.0
0.0
0.0
0.0
0.0
0.0
0.0
0.0
0.0
0.0
0.0
0.0
0.0
0.0
0.015138002985853227
0.0
0.0
0.0037845007464633066
0.0
0.0
0.0025833236525726884
0.0
0.0
0.0
0.0
0.0
0.0
0.0
0.0
0.0
0.0
0.0
0.0
0.0
0.0
0.0032597915110260073
0.0
0.0
0.0
0.0
0.0
0.0
0.0
0.0
0.0
0.0
0.0
0.0
0.0
0.0
0.0
0.0
0.0
0.0
0.0
0.0
0.0
0.0
0.0
0.0
0.0
0.0
0.0
0.0
0.0
0.0
0.0
0.0
0.0
0.0
0.0
0.007661226745642905
0.0
0.0
0.0073729344319774254
0.0
0.0
0.00563851291170441
0.0
0.0
0.0
0.0
0.0
0.0
0.0
0.0
0.007918002604321267
0.0
0.0
0.0
0.0
0.0
0.0
0.0
0.0
0.0
0.0
0.0
0.0
0.0
0.0
0.0
0.0
0.0
0.0
0.0
0.0
0.0
0.0
0.0
0.0
0.0
0.0065195830220520145
0.005166647305145377
0.0
0.0
0.0
0.0
0.0
0.0
0.0
0.0
0.0
0.0
0.0
0.0
0.0054143965019763105
0.0
0.0
0.0
0.0
0.0
0.0
0.0
0.0
0.0
0.0
0.0
0.0
0.0
0.0
0.0
0.0
0.0
0.00563851291170441
0.0
0.0
0.0
0.0
0.006031330990129901
0.0
0.0
0.0
0.0
0.0
0.0
0.0
0.0
0.0
0.0
0.0
0.0
0.0
0.0
0.0
0.0
0.0
0.0
0.0
0.0
0.0
0.0
0.0
0.0
0.0
0.0
0.0
0.0
0.0
0.0
0.0
0.0
0.0
0.0
0.0
0.0
0.03259791511026008
0.0
0.0
0.0
0.0
0.0
0.0
0.0
0.0
0.0
0.0
0.0
0.0
0.0
0.0
0.0
0.0
0.0
0.0
0.0
0.0
0.0
0.0
0.0
0.0
0.0
0.06535139265766071
0.0
0.0
0.0
0.0
0.0
0.0
0.0
0.0
0.0
0.0
0.0
0.0
0.0
0.0
0.0
0.0
0.0
0.015670974765412474
0.0
0.016584068182568107
0.0
0.0
0.0
0.0
0.0
0.0
0.0
0.0
0.0
0.0
0.0
0.0
0.0
0.0
0.0
0.0
0.0
0.0
0.0
0.0
0.0
0.0
0.0
0.0
0.008426438816171384
0.0
0.0
0.0
0.0
0.0
0.0
0.0
0.0
0.0
0.0
0.0
0.0
0.0
0.0
0.0
0.0
0.0
0.0
0.0
0.0
0.0
0.0
0.0
0.0
0.0
0.0
0.0
0.0
0.0
0.0
0.0
0.0
0.0
0.0
0.0
0.0
0.0
0.0
0.0
0.0
0.0
0.0
0.0
0.0
0.0
0.0
0.0
0.0
0.0
0.0
0.0
0.0
0.0
0.0
0.0016298957555130036
0.0
0.0
0.0
0.0
0.0
0.0
0.0
0.0
0.0
0.0
0.0
0.0
0.0
0.0
0.0
0.06633627273027243
0.018397794496879234
0.0
0.0
0.0
0.04667956618404337
0.008490865929181557
0.006796543060658381
0.0
0.0
0.0161496470765555
0.0
0.0
0.0
0.0
0.0
0.0
0.0
0.0
0.0
0.0
0.0
0.0
0.0
0.0
0.0
0.0
0.0
0.0
0.0
0.0
0.0
0.0
0.0
0.0
0.006796543060658381
0.0
0.0
0.0
0.0
0.0
0.0
0.0
0.0
0.0
0.0
0.0
0.0
0.0
0.0
0.0
0.0
0.0
0.0
0.0
0.0065195830220520145
0.0
0.006205591627193231
0.018846027316335435
0.0
0.0
0.0
0.0
0.0
0.0
0.0
0.0
0.0
0.0
0.0
0.0
0.015995440309097997
0.11358459765863087
0.3203824643777024
0.0
0.0
0.0
0.0
0.0
0.0
0.018846027316335435
0.0
0.0
0.0
0.0
0.0
0.0
0.0
0.0
0.0
0.0
0.0
0.0
0.0
0.0
0.0
0.0
0.0
0.0
0.0
0.0
0.0
0.0
0.0
0.008951148051608683
0.0
0.0
0.0
0.0
0.005166647305145377
0.0
0.0
0.0
0.0
0.0
0.0
0.0164436731285542
0.04541400895755968
0.0
0.0
0.0
0.0
0.0
0.0
0.0
0.0
0.0
0.0
0.0
0.0
0.0
0.0
0.0
0.0
0.0
0.0
0.0
0.0
0.0
0.0
0.0
0.0
0.008360196618143535
0.0025833236525726884
0.0
0.0
0.0
0.0
0.0
0.0
0.0
0.0
0.0
0.0
0.0
0.0
0.0
0.0
0.0
0.0
0.0
0.0
0.0
0.0
0.0
0.0
0.0
0.0
0.0
0.008292034091284053
0.0
0.0
0.0
0.0
0.0
0.0
0.0
0.006796543060658381
0.004213219408085692
0.0
0.0
0.0
0.0
0.0
0.0
0.0
0.0
0.0
0.0
0.0
0.0
0.0
0.0
0.0
0.0
0.0
0.0
0.0
0.0
0.0
0.0
0.0
0.0
0.0
0.0
0.0
0.0
0.0
0.0
0.0
0.0
0.0
0.0
0.0
0.0
0.0
0.0
0.0
0.0
0.0
0.0
0.0016298957555130036
0.0
0.0
0.01453681733443483
0.0
0.0
0.0
0.0
0.0
0.0
0.0054143965019763105
0.0
0.0
0.0
0.0
0.0
0.0
0.0
0.0
0.0
0.0
0.0
0.0
0.0
0.0
0.0
0.0
0.0
0.0
0.0
0.0
0.0
0.0
0.0
0.0
0.0
0.0
0.0
0.0
0.0
0.007997720154548998
0.0
0.0
0.0
0.0
0.0
0.027736385965031213
0.0
0.0
0.0
0.0037845007464633066
0.007268408667217415
0.0
0.007473010919111699
0.0
0.0
0.0
0.0
0.0
0.0
0.0
0.0
0.0
0.0
0.007044292257489314
0.0
0.0
0.0
0.0
0.0
0.0
0.0
0.0
0.0
0.0
0.0
0.0
0.0
0.0
0.0
0.0
0.0
0.0
0.0
0.0
0.0
0.0
0.0
0.0025833236525726884
0.0
0.0
0.0
0.0
0.0
0.0
0.0
0.0
0.0
0.0
0.00563851291170441
0.0
0.0
0.0066621383357710505
0.0
0.0
0.0
0.0
0.0
0.0
0.0
0.0
0.0
0.0
0.0
0.03751946685292428
0.018397794496879234
0.0
0.0
0.0
0.0
0.0
0.0
0.0
0.0
0.0
0.0
0.0069236790238886075
0.0
0.02602256403900696
0.0
0.0
0.0
0.0
0.0
0.0
0.0
0.0
0.0
0.0
0.0
0.0
0.0
0.0
0.0
0.0
0.0
0.0
0.014946021838223397
0.0
0.0
0.0
0.0
0.0
0.0
0.0
0.0
0.0
0.0
0.0
0.0
0.0
0.0
0.0
0.0
0.00878891527976592
0.007268408667217415
0.0
0.0
0.0
0.0
0.0
0.0
0.0
0.03259791511026008
0.007159019524252916
0.0
0.0
0.03421429911760645
0.0
0.0
0.0
0.0
0.0
0.0
0.0
0.0
0.006796543060658381
0.0
0.0
0.0
0.0
0.0037845007464633066
0.0
0.0
0.0
0.0
0.0
0.0
0.0
0.006796543060658381
0.0
0.0
0.0
0.0
0.0073729344319774254
0.0
0.0
0.0
0.0
0.0
0.0
0.0
0.0
0.0
0.0
0.0
0.0
0.0
0.0
0.0
0.0
0.0
0.0
0.0
0.004213219408085692
0.0
0.0
0.0
0.0
0.0
0.0
0.0
0.0
0.0
0.0
0.0
0.0
0.0
0.0
0.0
0.0
0.0
0.0
0.0
0.0
0.0
0.0
0.00878891527976592
0.0
0.0
0.0
0.0
0.0
0.0
0.0
0.0
0.0
0.0
0.0
0.0
0.0
0.0
0.0
0.0
0.0
0.0
0.0
0.0
0.0
0.0
0.0
0.0
0.0
0.0
0.0
0.0
0.0
0.0
0.007473010919111699
0.004889687266539011
0.0
0.0
0.0
0.0
0.0
0.0
0.0
0.0
0.007159019524252916
0.0
0.0
0.0
0.0
0.0
0.0
0.0
0.0
0.0
0.0
0.0
0.00905340079296923
0.0
0.0
0.0
0.0
0.0
0.0
0.0
0.0
0.0
0.0
0.0
0.0
0.0
0.0
0.0
0.0
0.0
0.0
0.0
0.0
0.0
0.0
0.0
0.0
0.0
0.0
0.0
0.0
0.0
0.0
0.0
0.0
0.0
0.0
0.0
0.0
0.0
0.0
0.0
0.0
0.0
0.0
0.0
0.0
0.0
0.0
0.0
0.00900283018749043
0.0
0.0
0.0
0.0
0.0
0.0473269156910962
0.0
0.0
0.0
0.07572306510575393
0.0
0.024876102273852164
0.0
0.0
0.0
0.0
0.007918002604321267
0.0
0.0
0.0
0.0
0.0
0.03537698356791504
0.0
0.0
0.0
0.0
0.0
0.0
0.0
0.0
0.0
0.0
0.0
0.0
0.0
0.0
0.0
0.0
0.0
0.0
0.0
0.0
0.0
0.0
0.0
0.0
0.006796543060658381
0.0
0.0
0.0
0.0
0.011686230327197391
0.0
0.0
0.0
0.0
0.0
0.0
0.0
0.0
0.0
0.0
0.0
0.0
0.0
0.0
0.0
0.0
0.0
0.0
0.0
0.0
0.0
0.0
0.0
0.0
0.0
0.0
0.0
0.0
0.0
0.0
0.0
0.0
0.0
0.004889687266539011
0.0
0.0
0.0
0.0
0.0
0.0
0.0
0.0
0.0
0.0
0.0
0.0
0.0
0.0
0.0
0.00878891527976592
0.0
0.0
0.0
0.0
0.0
0.0
0.0
0.0
0.0
0.0
0.0
0.0
0.0
0.0
0.0
0.0
0.0
0.02350646214811871
0.009151391743360457
0.0
0.0
0.0
0.00563851291170441
0.0
0.0
0.0
0.0
0.0
0.0
0.0
0.0
0.0
0.0
0.0
0.0
0.0
0.0
0.0
0.0
0.0
0.0
0.0
0.0054143965019763105
0.0
0.0
0.0
0.0
0.0
0.0
0.0
0.0
0.0
0.0
0.0
0.0
0.0
0.01453681733443483
0.0
0.053706888309652104
0.0
0.0
0.0
0.0
0.008951148051608683
0.0
0.0
0.0
0.0
0.0
0.0037845007464633066
0.0
0.0
0.0
0.0
0.0
0.0
0.0
0.0
0.0
0.0
0.0
0.0
0.0
0.0
0.0
0.035804592206434734
0.0
0.06337380555078462
0.0
0.0
0.0
0.0
0.0
0.0
0.0
0.0
0.0
0.0
0.0
0.0
0.0
0.007918002604321267
0.0
0.0
0.0
0.0
0.0
0.0
0.0
0.0
0.0
0.0
0.0
0.0
0.0
0.0
0.0
0.0
0.23339783092021685
0.0
0.0
0.0
0.0
0.0
0.0
0.0
0.006031330990129901
0.0
0.0
0.0
0.0
0.0
0.0
0.0
0.0
0.0
0.0
0.0
0.0
0.0
0.0
0.0
0.0
0.0
0.0
0.0
0.0
0.0
0.0
0.0025833236525726884
0.0
0.0
0.0
0.0
0.0
0.0
0.0
0.0
0.004575695871680228
0.0
0.0
0.0037845007464633066
0.0
0.0
0.0
0.0
0.0
0.0
0.0
0.0
0.0
0.027596691745318848
0.0
0.0
0.0
0.0
0.0
0.0
0.0
0.0
0.005166647305145377
0.0
0.0
0.0
0.0
0.0
0.0
0.0
0.0
0.008360196618143535
0.0
0.0
0.0
0.0
0.0
0.0
0.03641162669849881
0.0
0.0
0.0
0.0
0.0
0.0
0.0
0.0
0.0
0.0
0.0
0.0
0.0
0.0
0.0
0.0
0.0
0.0
0.0
0.0
0.005843115163598696
0.0
0.0
0.0
0.0
0.0
0.0
0.0
0.0
0.0
0.0
0.0
0.0
0.0
0.0
0.0
0.0
0.0
0.0
0.0
0.0
0.0
0.0
0.0
0.0
0.0
0.0
0.0
0.0
0.0
0.0
0.0
0.0
0.0
0.006031330990129901
0.0
0.0
0.0
0.0
0.0
0.0
0.0
0.0
0.0
0.0
0.0
0.0
0.0
0.0
0.0
0.0
0.0
0.0
0.0
0.0
0.0
0.008553574779401612
0.007661226745642905
0.0
0.0
0.004213219408085692
0.0
0.0
0.0
0.0
0.0
0.0
0.0
0.0
0.0
0.0
0.0
0.0
0.0
0.0
0.0
0.0
0.0
0.0
0.0
0.0
0.0
0.0
0.0
0.00814947877756502
0.0
0.0
0.0
0.0
0.0
0.0
0.0
0.0
0.0
0.0
0.0
0.0
0.0
0.0
0.0
0.0
0.0
0.0
0.0
0.0032597915110260073
0.0
0.0
0.0
0.0
0.0
0.0
0.0
0.006205591627193231
0.0
0.0032597915110260073
0.015670974765412474
0.005166647305145377
0.0
0.0
0.0
0.0
0.0
0.0
0.0
0.0
0.0
0.0
0.0
0.0
0.0
0.0
0.0
0.0
0.0054143965019763105
0.0
0.007749970957718066
0.0
0.0
0.0
0.0
0.012411183254386463
0.0
0.0
0.0
0.0
0.0
0.0
0.015995440309097997
0.0
0.0
0.008898304422730418
0.0
0.0
0.0
0.0
0.0
0.0
0.0
0.0
0.1601912321888512
0.005166647305145377
0.0
0.0
0.0
0.0
0.007835487382706237
0.0
0.0
0.0
0.0
0.0
0.0
0.0
0.0
0.0
0.0
0.0
0.0
0.0
0.0
0.0
0.0
0.0
0.0
0.0
0.0
0.0
0.0
0.0
0.0
0.0
0.0
0.03537698356791504
0.0
0.0
0.0
0.0
0.0
0.007159019524252916
0.0
0.0
0.0
0.0
0.0
0.0
0.0
0.0
0.0
0.0
0.0
0.0
0.0
0.0
0.0
0.0
0.0
0.0
0.0
0.0
0.0
0.0
0.0
0.0
0.0
0.0
0.0
0.0
0.0
0.0
0.0
0.0
0.0
0.0
0.0
0.0
0.0
0.0
0.008360196618143535
0.0
0.0
0.0
0.0
0.0
0.0
0.0
0.0
0.03421429911760645
0.0
0.0
0.0
0.0
0.0
0.0
0.0
0.0
0.005166647305145377
0.014088584514978629
0.0
0.0
0.0
0.0
0.0
0.0
0.0
0.0
0.0
0.0
0.0
0.0
0.0
0.0
0.018490923976687477
0.0
0.0
0.0
0.0
0.0
0.0
0.0
0.0
0.027160202378907695
0.0
0.0
0.0
0.0
0.0
0.0
0.012062661980259803
0.0
0.0
0.0
0.0
0.007268408667217415
0.0
0.0
0.0
0.0
0.0
0.0
0.0
0.004213219408085692
0.0
0.0
0.0
0.0
0.0
0.0
0.0
0.0
0.0
0.0
0.0
0.0
0.0
0.0
0.0
0.0
0.0
0.0
0.0
0.0
0.0
0.0
0.0
0.0
0.0
0.0
0.0
0.0
0.0
0.0
0.0
0.0
0.00814947877756502
0.0
0.0
0.0
0.0
0.0
0.0
0.0
0.0
0.0
0.0
0.0
0.0
0.0
0.0
0.0
0.0
0.0
0.0
0.0
0.0
0.0
0.0
0.0
0.0
0.0
0.0
0.0
0.007159019524252916
0.0
0.0
0.0
0.0
0.0
0.0
0.0
0.007835487382706237
0.00563851291170441
0.0
0.0
0.0
0.0
0.0
0.0
0.0
0.0
0.0
0.0
0.0
0.0
0.0
0.0
0.0
0.0
0.0
0.0
0.0
0.0
0.0
0.0
0.008426438816171384
0.0
0.0
0.0
0.0
0.0
0.0065195830220520145
0.0025833236525726884
0.0
0.0
0.0
0.0
0.0
0.0
0.0
0.0
0.0
0.0
0.0
0.0
0.0
0.0
0.0
0.004213219408085692
0.0
0.0
0.0
0.0
0.0
0.0
0.0
0.0
0.0
0.0
0.0
0.0
0.0
0.0
0.0
0.0
0.0
0.0
0.0
0.005166647305145377
0.0
0.0
0.0
0.0
0.007749970957718066
0.0
0.0
0.0
0.0
0.0
0.0
0.0
0.0
0.0
0.0
0.0
0.0
0.0
0.0
0.0
0.0
0.0
0.0
0.0
0.0
0.0
0.0
0.0
0.0
0.0
0.0
0.0
0.0
0.0
0.0
0.0
0.0
0.0
0.0
0.0
0.0
0.0
0.0
0.00807482353827775
0.0
0.0
0.0
0.0
0.0
0.0
0.0
0.0
0.0
0.0
0.0
0.0
0.005166647305145377
0.0
0.0
0.0
0.0
0.0
0.0
0.0
0.0
0.0
0.0
0.0
0.0
0.006031330990129901
0.0
0.0
0.0
0.0
0.006031330990129901
0.0
0.0
0.0
0.0
0.0
0.0
0.0
0.0
0.016981731858363113
0.0
0.0
0.0
0.0
0.0
0.0
0.0
0.0
0.0
0.0
0.0
0.0
0.0
0.0
0.0
0.0
0.0
0.0
0.0
0.0
0.0
0.0
0.0
0.0
0.0
0.0
0.0
0.0
0.0
0.0
0.0
0.0
0.0
0.0
0.0
0.0
0.0
0.0
0.0
0.0
0.0
0.0
0.0
0.0
0.0
0.0016298957555130036
0.0
0.0
0.0
0.0
0.005166647305145377
0.0
0.0
0.0
0.0
0.0
0.0
0.0
0.0
0.0
0.0
0.0
0.0
0.0
0.0
0.0
0.0
0.0
0.0
0.0
0.0
0.0
0.0073729344319774254
0.0
0.0
0.007473010919111699
0.0
0.009102906674624702
0.0
0.0
0.0
0.0
0.0
0.0
0.06152240695836145
0.0
0.007835487382706237
0.0
0.016852877632342767
0.0
0.007918002604321267
0.0
0.0
0.05094519557508934
0.0054143965019763105
0.0
0.0
0.0
0.0
0.0
0.0
0.0
0.03641162669849881
0.0
0.0
0.0
0.0
0.0
0.0
0.0
0.0
0.0
0.0
0.0
0.0
0.0
0.007749970957718066
0.00563851291170441
0.0
0.0
0.0
0.0
0.0
0.0
0.0
0.0
0.0
0.0
0.0
0.0
0.0
0.0
0.0
0.0
0.0
0.0
0.0
0.0
0.0
0.0
0.0
0.0
0.0
0.0
0.0
0.0
0.0
0.0
0.0
0.0
0.0
0.0
0.0
0.0
0.0
0.0
0.0
0.013039166044104029
0.0
0.0
0.0
0.0
0.0
0.0
0.0
0.0
0.0
0.00563851291170441
0.0
0.008674188013002319
0.0
0.0
0.0
0.0
0.0
0.0
0.0
0.01629895755513004
0.0
0.0
0.0
0.0
0.0
0.0
0.0
0.0
0.0054143965019763105
0.0
0.0
0.0
0.0
0.0
0.0
0.0
0.0
0.0
0.0
0.0
0.0
0.0
0.0
0.02350646214811871
0.0
0.0
0.0
0.0
0.0
0.0
0.007661226745642905
0.0
0.0
0.0
0.0
0.0
0.0
0.0
0.0
0.007473010919111699
0.0
0.0
0.01722930928540518
0.0
0.0
0.0
0.0
0.0
0.0
0.0
0.0
0.0
0.0
0.0
0.0
0.007044292257489314
0.0
0.0
0.0
0.0
0.0
0.0
0.0
0.0
0.0
0.0
0.0
0.0
0.0
0.0
0.0
0.0
0.0
0.0
0.0
0.0
0.0
0.0
0.0
0.0
0.0
0.0
0.02730872002387411
0.0
0.0
0.0
0.0
0.0
0.0
0.0
0.0
0.0
0.0
0.0
0.007473010919111699
0.03492900508906879
0.0
0.0
0.0164436731285542
0.0
0.0
0.0
0.0
0.0
0.0
0.0
0.0
0.0
0.0
0.0
0.0
0.0
0.0
0.014946021838223397
0.0
0.0
0.0
0.0
0.0
0.0
0.0
0.0
0.0
0.0
0.0
0.0
0.0
0.0
0.0
0.0
0.014088584514978629
0.0
0.0
0.0
0.0
0.0
0.0
0.0
0.0
0.0
0.0
0.0
0.0
0.0
0.0
0.0
0.0
0.0
0.0
0.0
0.0
0.0
0.0
0.0
0.0
0.0
0.0
0.0
0.0
0.0
0.0
0.0
0.0
0.0
0.0
0.007749970957718066
0.0
0.0
0.0
0.004213219408085692
0.0
0.007749970957718066
0.0
0.0
0.0
0.0
0.0
0.0
0.0
0.0
0.0
0.0
0.0
0.0
0.0
0.00900283018749043
0.0
0.0
0.0
0.0
0.05432040475781539
0.0
0.0
0.09423013658167718
0.0
0.0
0.007749970957718066
0.022118803295932275
0.0
0.0
0.0
0.0
0.0
0.0
0.0
0.0
0.0
0.0
0.0
0.0
0.0
0.0
0.0
0.0
0.0
0.0
0.0
0.0
0.0
0.0
0.0
0.0
0.0
0.0
0.0
0.0
0.0
0.0073729344319774254
0.0
0.0
0.0
0.0
0.0
0.0
0.0
0.0
0.0
0.0
0.0
0.0
0.0
0.0
0.0
0.0
0.0
0.0065195830220520145
0.0
0.0
0.0
0.0
0.0
0.0
0.0
0.0
0.0
0.0
0.0
0.0
0.0
0.0
0.0
0.0
0.0
0.0016298957555130036
0.0
0.0
0.0
0.0
0.0
0.0
0.0
0.0
0.0
0.0
0.0
0.0
0.0
0.0
0.0
0.0
0.0
0.0
0.0
0.0
0.0
0.0
0.0
0.0
0.0
0.0
0.0
0.0
0.0
0.0
0.0
0.01453681733443483
0.0
0.0
0.0
0.0
0.0161496470765555
0.0
0.0
0.0
0.0
0.06071931609101623
0.0
0.0
0.007835487382706237
0.0
0.0
0.0
0.0
0.0
0.0
0.0
0.0
0.0
0.0
0.0
0.01768849178395752
0.0
0.0
0.0
0.0
0.0
0.0
0.0
0.0
0.0
0.0
0.0
0.0
0.0
0.0
0.0
0.0
0.0
0.0
0.0
0.0
0.007473010919111699
0.0
0.0
0.00814947877756502
0.0
0.0
0.0
0.0
0.0
0.0
0.008732251272267198
0.0
0.0
0.008426438816171384
0.0
0.0
0.0
0.0
0.0
0.00563851291170441
0.0
0.0
0.0
0.0
0.0
0.0
0.0
0.0
0.0
0.0
0.0
0.0
0.0
0.0
0.0
0.005843115163598696
0.0
0.05204512807801392
0.0
0.02077103707166582
0.0
0.0
0.0
0.0
0.0
0.0
0.0
0.0
0.0
0.0
0.0
0.0
0.014088584514978629
0.0
0.007044292257489314
0.0
0.0
0.0
0.0
0.0
0.0
0.0
0.0
0.0037845007464633066
0.0
0.0
0.0032597915110260073
0.0
0.027873367503467732
0.0
0.0
0.0
0.0
0.0
0.0
0.007749970957718066
0.0
0.0069236790238886075
0.00807482353827775
0.0
0.0
0.0
0.0
0.0
0.0
0.0
0.0
0.0
0.0
0.0
0.0
0.0
0.0
0.0
0.0
0.0
0.0
0.0
0.0
0.0
0.0
0.0
0.0
0.0
0.0
0.0
0.0
0.0
0.0
0.05727215619402333
0.0
0.0
0.0
0.0
0.0
0.0
0.0
0.0
0.0
0.0
0.0
0.0
0.0
0.0
0.0
0.0
0.0
0.0
0.0
0.009102906674624702
0.0
0.0
0.006031330990129901
0.0
0.0
0.0
0.006796543060658381
0.0
0.0
0.0
0.0
0.0
0.0
0.0
0.0
0.0
0.0
0.0
0.0
0.0
0.0
0.0016298957555130036
0.004575695871680228
0.0
0.0
0.0
0.0
0.0
0.0
0.0
0.0
0.0
0.0
0.0
0.0
0.0
0.0
0.0
0.0
0.0
0.0
0.0
0.0
0.0
0.0
0.0
0.0
0.0
0.0
0.0
0.0
0.0
0.01629895755513004
0.0
0.0
0.0
0.07572306510575393
0.0
0.0
0.0
0.0
0.0
0.006205591627193231
0.0
0.0
0.0
0.014946021838223397
0.0
0.0
0.0
0.0
0.0
0.0
0.0
0.0
0.0
0.0
0.0
0.017464502544534397
0.0
0.0
0.0
0.0
0.0
0.0
0.0
0.0
0.007268408667217415
0.0
0.0
0.0
0.0
0.0
0.0
0.0
0.0
0.0
0.0
0.0
0.0
0.0
0.0
0.0
0.0
0.0
0.009335913236808673
0.0161496470765555
0.0
0.0
0.0
0.0
0.0
0.0
0.0
0.0
0.007044292257489314
0.0
0.0
0.0
0.0
0.0
0.0032597915110260073
0.0
0.0
0.0
0.0
0.0
0.0
0.04307327321351295
0.0
0.017107149558803224
0.0
0.11203095884170408
0.0
0.0
0.0
0.0
0.0
0.0
0.0
0.00861465464270259
0.0
0.0
0.0
0.0
0.0
0.0
0.0082218365642771
0.0
0.0
0.0
0.0
0.0
0.03769205463267087
0.0
0.0
0.0
0.0
0.0
0.0
0.0
0.0
0.0
0.0
0.0
0.0
0.0
0.0
0.0
0.0
0.0
0.0
0.0054143965019763105
0.0
0.0
0.0
0.0
0.0
0.0
0.0
0.0
0.0
0.0
0.046899333566155346
0.0
0.0
0.0
0.0
0.0
0.0
0.0
0.0
0.0
0.0
0.0
0.0
0.0
0.0
0.0032597915110260073
0.0
0.0
0.0
0.0
0.0
0.014946021838223397
0.0
0.0
0.0
0.0
0.0
0.0
0.0
0.0
0.0
0.0
0.0
0.0
0.0
0.0
0.0
0.0
0.0
0.0
0.0
0.0
0.0
0.0
0.0
0.0
0.0
0.0
0.0
0.0
0.0
0.0
0.0
0.0
0.0
0.0
0.0
0.0
0.004889687266539011
0.0
0.0
0.0
0.0
0.0
0.0
0.0
0.0
0.0
0.0
0.0
0.0
0.007473010919111699
0.0
0.0
0.0
0.0073729344319774254
0.0
0.0
0.0
0.0
0.0
0.0
0.0
0.0
0.0
0.00814947877756502
0.0
0.012411183254386463
0.0
0.0
0.0
0.0
0.0
0.0
0.0
0.005166647305145377
0.0
0.0
0.012735648798071991
0.0
0.0
0.0
0.0
0.0
0.0
0.0
0.004889687266539011
0.0
0.0
0.0
0.0
0.0
0.0
0.0
0.0
0.0
0.0
0.0
0.0
0.0
0.0
0.0
0.0
0.0
0.0
0.006205591627193231
0.0
0.00563851291170441
0.0037845007464633066
0.0
0.0
0.0
0.0
0.0
0.0
0.0
0.006205591627193231
0.0
0.0
0.0
0.0
0.0
0.0
0.00861465464270259
0.0
0.0
0.0
0.0
0.0
0.0
0.0
0.01858224500231182
0.0
0.0
0.0
0.0
0.0
0.01691553873511323
0.0
0.0
0.0
0.0
0.0
0.0
0.0
0.0
0.0
0.007569001492926613
0.0
0.0
0.0
0.012735648798071991
0.0
0.0
0.0
0.19511357252427414
0.0
0.0
0.0
0.0
0.006031330990129901
0.0
0.02180522600165224
0.0
0.0
0.0
0.0
0.0
0.0
0.0
0.0
0.0
0.0
0.0
0.0
0.0
0.0
0.0
0.019558749066156043
0.0
0.0
0.0
0.005166647305145377
0.0
0.0
0.0
0.0
0.0
0.0
0.0
0.0
0.0
0.0
0.0
0.0
0.0
0.0
0.0
0.0065195830220520145
0.0
0.0
0.0
0.0
0.004213219408085692
0.0
0.0
0.0
0.0
0.0065195830220520145
0.008360196618143535
0.0
0.0
0.0
0.026694913268191255
0.0
0.0
0.0
0.0
0.0
0.0
0.0
0.0
0.0
0.0
0.0
0.0
0.0
0.0
0.0
0.0
0.0
0.0
0.0
0.0
0.0
0.005843115163598696
0.0
0.0
0.0
0.0
0.0
0.1609115133497271
0.0
0.0
0.0
0.0
0.0
0.0
0.0
0.0
0.0
0.0
0.0
0.01858224500231182
0.0
0.0
0.0
0.0
0.0
0.0
0.0
0.0
0.0
0.0
0.0
0.008426438816171384
0.0
0.0
0.0
0.0
0.008490865929181557
0.0
0.0
0.008360196618143535
0.0
0.0
0.0
0.0
0.0
0.0
0.0
0.0
0.00878891527976592
0.0
0.005166647305145377
0.0
0.0
0.0
0.0
0.0
0.0
0.0
0.0
0.0
0.0
0.0
0.0
0.0
0.0
0.0
0.0
0.0
0.0
0.0
0.0
0.0
0.0
0.0
0.0
0.0
0.0
0.0
0.0
0.0
0.0
0.0
0.0
0.0
0.0
0.0
0.0
0.0
0.0
0.0
0.0
0.0
0.0
0.02636674583929776
0.006031330990129901
0.0
0.0
0.0
0.0
0.0
0.0
0.008292034091284053
0.0
0.0
0.0
0.0
0.0
0.0
0.0
0.0
0.0
0.0
0.0
0.0
0.0
0.0
0.0
0.0
0.0
0.0
0.0
0.0
0.0
0.0
0.0
0.0
0.0
0.0
0.0
0.0
0.0
0.0
0.0
0.0
0.0
0.0
0.0
0.0
0.0
0.0
0.0
0.0
0.0
0.0
0.0
0.0
0.03344078647257414
0.0
0.0
0.0
0.0
0.0
0.0
0.0
0.0
0.013324276671542101
0.0
0.0
0.0
0.0
0.0
0.0
0.0
0.007918002604321267
0.0
0.0
0.0
0.0
0.0
0.0
0.0
0.0
0.0
0.0
0.0
0.0
0.0
0.0
0.0
0.0
0.0
0.0
0.0
0.0037845007464633066
0.0
0.063019811312433
0.0
0.0
0.0
0.0
0.0
0.0
0.0
0.0
0.0
0.0
0.0
0.0
0.0
0.0
0.0
0.0
0.0
0.0
0.03679558899375847
0.0
0.0
0.0
0.0
0.0
0.0
0.0
0.0
0.0
0.0
0.0
0.0
0.0
0.0
0.0
0.0
0.0
0.0
0.0
0.0
0.0
0.005166647305145377
0.0
0.0
0.0
0.0
0.0
0.0
0.0
0.0
0.0025833236525726884
0.007473010919111699
0.0
0.007661226745642905
0.0
0.0063678243990359954
0.0
0.0
0.0
0.0
0.015995440309097997
0.0
0.0
0.008426438816171384
0.0
0.0
0.0
0.0
0.0
0.0
0.0
0.0
0.0
0.14198074707328862
0.0
0.0
0.0
0.0
0.0
0.0
0.0
0.0
0.0
0.0
0.0
0.0
0.012062661980259803
0.0
0.0
0.0
0.0
0.0
0.0
0.0
0.0
0.0
0.0
0.0
0.0
0.0
0.0
0.0
0.0
0.11094554386012485
0.0
0.0
0.0
0.0
0.0
0.0
0.0
0.0
0.0
0.0
0.0
0.0
0.0
0.0
0.0
0.0
0.0
0.0
0.0
0.0
0.0
0.0
0.0
0.0
0.0
0.0
0.0
0.0
0.0
0.0
0.0
0.06596109560717403
0.017348376026004638
0.0
0.0
0.0
0.0
0.0
0.0
0.0
0.0
0.0
0.026853444154826052
0.0
0.0
0.0
0.0
0.0
0.0
0.0
0.0
0.0
0.0
0.006796543060658381
0.0
0.0
0.0
0.0
0.0
0.0
0.0
0.0
0.0
0.0
0.0
0.0
0.0
0.0
0.004575695871680228
0.0
0.03492900508906879
0.0
0.0
0.0
0.0
0.0
0.0
0.0
0.0
0.0
0.0
0.0
0.0
0.0
0.0
0.005843115163598696
0.0
0.0
0.005166647305145377
0.0
0.0
0.0
0.0
0.0
0.0
0.0
0.0
0.0
0.0
0.0
0.0
0.0
0.03064490698257162
0.0
0.007159019524252916
0.027454175230081368
0.0
0.0
0.0
0.0
0.0
0.0
0.0
0.0
0.0
0.0
0.0
0.0
0.0
0.0
0.0
0.0
0.0
0.0
0.0
0.027160202378907695
0.0
0.0
0.0
0.0
0.0
0.0
0.0
0.0
0.0
0.0
0.0
0.0
0.013847358047777215
0.0
0.0
0.005166647305145377
0.0
0.0
0.0
0.0
0.0
0.0
0.0
0.0
0.0
0.0
0.0
0.0
0.0
0.0
0.02547259778754467
0.0
0.0
0.0
0.0
0.0
0.0
0.0
0.0
0.0
0.0
0.0
0.0
0.0
0.0
0.0
0.0
0.0
0.018205813349249405
0.0
0.0
0.0
0.0
0.0
0.0
0.0
0.0
0.0
0.0
0.0
0.0
0.0
0.0
0.0
0.0
0.0073729344319774254
0.0
0.0
0.016584068182568107
0.0
0.027454175230081368
0.0
0.0
0.0
0.007661226745642905
0.004889687266539011
0.0
0.0
0.00937986671323107
0.0
0.0
0.0
0.0
0.0
0.0
0.0
0.0
0.0
0.0
0.0
0.0
0.0
0.0
0.0
0.0
0.0
0.0
0.0
0.0
0.0
0.0
0.0
0.007997720154548998
0.0
0.015499941915436133
0.007661226745642905
0.0
0.0
0.0032597915110260073
0.0
0.004575695871680228
0.0
0.0
0.0
0.0
0.0
0.0
0.0
0.0
0.0
0.0
0.0
0.0
0.0
0.01800566037498086
0.0
0.0
0.0
0.0
0.0
0.0
0.0
0.0
0.007918002604321267
0.0
0.0
0.0
0.0
0.0
0.0
0.0
0.0
0.0
0.00814947877756502
0.0
0.0
0.0
0.0
0.0
0.0
0.007473010919111699
0.007997720154548998
0.0
0.0
0.0
0.0025833236525726884
0.0
0.0
0.0
0.0
0.0
0.0
0.0
0.0
0.0
0.0
0.0
0.0
0.0
0.0
0.008898304422730418
0.0
0.0
0.0
0.0
0.0
0.00563851291170441
0.0
0.0
0.0
0.0
0.0
0.0
0.0
0.0
0.0
0.0
0.0
0.046899333566155346
0.0
0.0
0.0
0.0
0.0073729344319774254
0.0
0.0
0.0
0.0
0.0
0.0
0.0
0.0
0.0
0.0
0.0
0.0
0.0
0.0
0.0
0.0
0.0
0.0
0.0
0.018490923976687477
0.0
0.0
0.0
0.0
0.0
0.0
0.0
0.0
0.0
0.0
0.0
0.0
0.0
0.0
0.0
0.0
0.0
0.0
0.0
0.0
0.0
0.0
0.0
0.0
0.0
0.0
0.0
0.0
0.0
0.0
0.0
0.0
0.0
0.0
0.0
0.0
0.0
0.004889687266539011
0.0
0.0
0.0
0.0
0.027160202378907695
0.0
0.017902296103217367
0.0
0.0
0.0
0.0
0.0
0.0
0.0
0.0
0.0
0.0
0.0
0.0
0.0
0.0
0.0
0.0
0.023754007812963805
0.0
0.0
0.0
0.0
0.0
0.0
0.0
0.016981731858363113
0.0
0.0
0.0
0.0
0.0
0.0
0.0
0.0
0.0
0.0
0.0
0.0
0.0
0.0
0.0
0.0
0.0
0.0
0.0
0.0
0.0
0.0
0.0
0.0
0.0
0.0
0.0
0.0
0.0
0.0
0.008490865929181557
0.0
0.0
0.0
0.0
0.0
0.0
0.0
0.0
0.0
0.0
0.0
0.0
0.0
0.0
0.036981847953374954
0.0
0.0
0.0
0.0
0.0
0.0
0.0
0.0
0.0
0.0
0.0
0.0
0.0
0.0
0.0
0.0
0.0
0.0
0.0
0.0
0.0
0.0
0.0
0.0
0.0
0.0
0.0
0.0
0.0
0.006205591627193231
0.0
0.0
0.0
0.0
0.0
0.0
0.0
0.0
0.0
0.0
0.0
0.0
0.0
0.0
0.0
0.0
0.0
0.0
0.0
0.0
0.0878891527976592
0.0
0.0
0.005166647305145377
0.0
0.0
0.0
0.0
0.0
0.0
0.0
0.0
0.0
0.03751946685292428
0.0
0.0
0.0
0.0
0.0
0.017902296103217367
0.0
0.0
0.0
0.0
0.0
0.0
0.0
0.0
0.0
0.0
0.0
0.0
0.0
0.0
0.0
0.0
0.0
0.0
0.01722930928540518
0.0
0.0
0.0
0.0
0.0
0.0
0.0
0.0
0.0
0.0
0.0
0.0
0.0
0.0
0.0
0.04711506829083859
0.0
0.0
0.0
0.0
0.0
0.0
0.0065195830220520145
0.0
0.0
0.0
0.0
0.0
0.0
0.0
0.055746735006935465
0.00861465464270259
0.0
0.0054143965019763105
0.0
0.0
0.0
0.0
0.0
0.0
0.0
0.0
0.0
0.0
0.0
0.0
0.0
0.008292034091284053
0.0
0.0
0.0
0.0
0.0
0.027008490562471288
0.0
0.0054143965019763105
0.0
0.0
0.006031330990129901
0.0
0.0054143965019763105
0.0
0.0
0.0
0.0
0.0
0.0
0.013039166044104029
0.0
0.0
0.0
0.0
0.0
0.0
0.0
0.0
0.045514533373123514
0.0
0.06503785750809137
0.0
0.0
0.0
0.0
0.0
0.012062661980259803
0.0
0.0
0.0
0.0
0.0
0.0
0.0
0.0
0.0
0.0
0.0
0.0
0.0
0.0
0.0
0.0
0.0
0.0
0.0
0.0
0.0
0.0
0.0
0.0
0.0
0.0
0.0
0.0
0.0
0.01893076627643848
0.0
0.017107149558803224
0.0
0.0
0.0
0.03492900508906879
0.0
0.009245461988343738
0.0
0.0
0.0
0.0
0.0
0.0
0.0
0.0
0.0
0.0
0.0
0.0
0.007044292257489314
0.0
0.016981731858363113
0.0
0.0
0.0
0.0
0.0
0.0
0.0
0.0
0.0
0.0
0.0
0.0
0.0
0.0
0.0
0.0
0.0
0.0
0.0
0.0
0.0
0.0
0.0
0.0
0.007749970957718066
0.0
0.0
0.0
0.0
0.0069236790238886075
0.0
0.0
0.0
0.03421429911760645
0.007749970957718066
0.0
0.0
0.0
0.0037845007464633066
0.0
0.0
0.0
0.0
0.0
0.0
0.0
0.0
0.0
0.0
0.0
0.0
0.0
0.0
0.0
0.0
0.0
0.0
0.07572306510575393
0.0
0.0
0.03734365294723469
0.0
0.00563851291170441
0.008426438816171384
0.0
0.0
0.0
0.0
0.0
0.0
0.004213219408085692
0.0
0.0
0.007918002604321267
0.0
0.0
0.0
0.0
0.0
0.0
0.0
0.0
0.0
0.0
0.0
0.0
0.0
0.0
0.0
0.018671826473617346
0.0
0.0
0.00807482353827775
0.0
0.0
0.0
0.0
0.0
0.0
0.0
0.0
0.0
0.0
0.0
0.009245461988343738
0.0
0.0
0.0
0.0
0.0
0.1703768964879463
0.0
0.0
0.0
0.0
0.03751946685292428
0.0
0.0
0.0
0.0
0.0
0.0
0.0
0.0
0.0
0.0
0.0
0.0
0.0
0.0
0.0
0.0
0.0
0.004213219408085692
0.0
0.0
0.0
0.00563851291170441
0.036605566973441826
0.0
0.0
0.0
0.0
0.0
0.0
0.0
0.0
0.0
0.0
0.0
0.0
0.0
0.0
0.0
0.0
0.0
0.0
0.0
0.0
0.0
0.0
0.0
0.0
0.0
0.0
0.0
0.0
0.0037845007464633066
0.0
0.0
0.0
0.0
0.0
0.0
0.0
0.0
0.0
0.0
0.0
0.0
0.0
0.005166647305145377
0.0
0.0
0.0
0.0
0.0
0.0
0.0
0.0
0.0
0.0
0.0
0.0
0.0
0.0
0.0
0.0
0.0
0.0
0.0
0.0
0.0
0.0
0.0
0.0
0.0
0.0
0.026532737675936283
0.0
0.0
0.0
0.0
0.0
0.0
0.0
0.0
0.0
0.0
0.0
0.0
0.0
0.0
0.0
0.0082218365642771
0.0
0.0
0.0
0.0
0.0
0.0
0.0
0.0
0.0
0.0
0.0
0.0
0.0073729344319774254
0.0
0.0
0.0
0.0
0.0037845007464633066
0.0
0.0
0.0
0.015670974765412474
0.0
0.0
0.007268408667217415
0.0
0.0
0.0
0.0
0.0
0.0
0.0
0.0
0.0
0.0
0.0
0.0
0.0
0.0
0.14198074707328862
0.0
0.0
0.0
0.0
0.0
0.0
0.0
0.0
0.0
0.0
0.0
0.0
0.0
0.0
0.0
0.0
0.0
0.0
0.0
0.0
0.0
0.0
0.0
0.0
0.0
0.0
0.0
0.0
0.0
0.0
0.0
0.0
0.0
0.0
0.0
0.0
0.0
0.0
0.0
0.0
0.0
0.0
0.0
0.0
0.015670974765412474
0.0
0.0065195830220520145
0.0
0.0
0.00563851291170441
0.0
0.0
0.0
0.0
0.0
0.0
0.0
0.0
0.0
0.0
0.0
0.0
0.0
0.0
0.0
0.0
0.0
0.0
0.0
0.0
0.0
0.0
0.0066621383357710505
0.0
0.0
0.0
0.0
0.0
0.0
0.0
0.0
0.0
0.0
0.0
0.0
0.0
0.0
0.0
0.0
0.0
0.0
0.0
0.0
0.0
0.0
0.0
0.0
0.0
0.0
0.0
0.0
0.0
0.007268408667217415
0.0
0.0
0.0
0.0
0.0
0.029892043676446794
0.0
0.0
0.008898304422730418
0.0
0.017464502544534397
0.0
0.0
0.0
0.018616774881579694
0.0
0.0
0.0
0.0
0.006796543060658381
0.0
0.0
0.0
0.0
0.0
0.0
0.0
0.0
0.0
0.0
0.0
0.0
0.0
0.0
0.009779374533078021
0.0
0.0
0.0
0.0
0.0065195830220520145
0.0
0.0
0.0037845007464633066
0.0
0.0
0.008426438816171384
0.016981731858363113
0.0
0.0
0.0
0.0
0.0
0.0
0.0
0.0
0.0
0.0
0.0
0.0
0.0
0.0
0.0
0.0
0.0
0.0
0.0
0.0
0.0
0.0032597915110260073
0.0
0.0
0.0
0.0
0.0
0.0
0.0025833236525726884
0.0
0.0
0.0
0.0
0.0
0.0
0.0
0.0
0.0
0.0
0.0
0.0
0.0
0.0
0.0
0.0
0.0
0.0
0.0
0.0
0.03716449000462364
0.0
0.0
0.0
0.0
0.0
0.0
0.0
0.0
0.0
0.0
0.0
0.0
0.0037845007464633066
0.0
0.0
0.0
0.0
0.0
0.0
0.0
0.0
0.0
0.0
0.0
0.0
0.0
0.0
0.0
0.0
0.0
0.0
0.0
0.0
0.0
0.0
0.0
0.0
0.0
0.0
0.0
0.0
0.0
0.0
0.0
0.0
0.0
0.0
0.0
0.0
0.0
0.0
0.0
0.0
0.0
0.0
0.0
0.0
0.0
0.0
0.0
0.0
0.0
0.0
0.0
0.0
0.0
0.0
0.0
0.0
0.0063678243990359954
0.0
0.0
0.0
0.0
0.0037845007464633066
0.0
0.0
0.0
0.0
0.0
0.0
0.0
0.0
0.0
0.0
0.0
0.0
0.0
0.0
0.0
0.0
0.0
0.0
0.0
0.0
0.0
0.0
0.0
0.0
0.0
0.0
0.0
0.0
0.007044292257489314
0.00861465464270259
0.0
0.0
0.0
0.0
0.0
0.0
0.0
0.0
0.0
0.0
0.0
0.0
0.0
0.0
0.0
0.004889687266539011
0.0
0.0
0.0
0.0
0.0
0.00861465464270259
0.0
0.0
0.0
0.0
0.0
0.0
0.0
0.0
0.0
0.0
0.0
0.0
0.0
0.0
0.0
0.0
0.0
0.0
0.0
0.0
0.0
0.0
0.0
0.0
0.0
0.0
0.0
0.03734365294723469
0.0
0.0
0.0
0.0
0.0
0.0
0.0
0.0
0.0
0.0
0.0
0.0
0.0
0.0
0.0
0.0
0.0
0.0
0.0
0.0
0.0
0.0
0.0
0.0
0.0
0.0
0.0065195830220520145
0.0
0.0
0.01127702582340882
0.0
0.008553574779401612
0.0
0.0
0.0
0.0
0.0
0.0
0.0
0.0
0.0
0.0
0.0
0.0
0.0
0.0
0.007044292257489314
0.0
0.0
0.0
0.0
0.0
0.0
0.0
0.0
0.0
0.0
0.0
0.0
0.0
0.0
0.0
0.0
0.0
0.0
0.0
0.0
0.0066621383357710505
0.0
0.0
0.0
0.0
0.0
0.02636674583929776
0.0
0.0
0.0
0.0
0.0
0.0
0.0
0.0
0.0
0.0
0.0
0.0
0.0
0.0
0.0
0.0
0.0
0.007661226745642905
0.0
0.0
0.0
0.0
0.017464502544534397
0.0
0.0
0.0
0.0
0.0
0.0
0.01998641500731315
0.0
0.006796543060658381
0.0
0.0
0.0
0.0
0.0
0.0
0.0016298957555130036
0.0
0.0
0.0
0.0
0.0
0.0
0.0
0.0
0.0
0.0
0.0
0.0
0.0
0.0
0.0
0.0
0.0
0.0
0.0
0.0
0.0
0.0
0.007044292257489314
0.0
0.0
0.0032597915110260073
0.0
0.0
0.0
0.0
0.0
0.0
0.0
0.0
0.0
0.0
0.0
0.0
0.0
0.0
0.0
0.0
0.0
0.0
0.0
0.0
0.0
0.0
0.0
0.0
0.0
0.0
0.0
0.0
0.0
0.02584396392810777
0.0
0.0
0.0
0.0
0.0
0.0
0.0
0.0
0.0
0.0
0.0
0.004889687266539011
0.0
0.0
0.0
0.0
0.0
0.0
0.0
0.0
0.0
0.0
0.0
0.0
0.0
0.0
0.0
0.0
0.0
0.0
0.0
0.0
0.0
0.0
0.0
0.0
0.0
0.0
0.0
0.0
0.00937986671323107
0.0
0.008360196618143535
0.0
0.0
0.0
0.0
0.0
0.0
0.0
0.0
0.0
0.0
0.0
0.0
0.0
0.0
0.0
0.0
0.0
0.0
0.0
0.0
0.0
0.0
0.0
0.0
0.0
0.0
0.0
0.0
0.0
0.0164436731285542
0.0
0.0
0.0
0.0
0.01672039323628707
0.0
0.0
0.0
0.0
0.0
0.0
0.0
0.0
0.0
0.0
0.0
0.0
0.0
0.005166647305145377
0.0
0.0
0.0
0.0
0.0
0.0
0.0
0.0
0.0
0.0
0.0
0.0
0.0
0.0
0.0
0.0
0.0
0.0
0.0
0.0
0.0
0.0
0.0
0.0
0.0
0.0
0.0
0.0
0.0
0.0
0.0
0.0
0.0
0.0
0.0
0.0
0.0
0.0
0.0
0.0
0.0
0.0
0.0
0.0
0.0032597915110260073
0.012735648798071991
0.0
0.0
0.0
0.0
0.0
0.0
0.0
0.0
0.0
0.0
0.0
0.0
0.0
0.0
0.0
0.0
0.0
0.0
0.0
0.0
0.0
0.0
0.0
0.0
0.0032597915110260073
0.0
0.0
0.0
0.0
0.0
0.0
0.0
0.0
0.0
0.0
0.0
0.0
0.0
0.0
0.0037845007464633066
0.0
0.0
0.0
0.0
0.0
0.0
0.0
0.0
0.00807482353827775
0.0
0.0
0.0
0.0
0.0
0.0
0.0
0.0
0.0
0.0
0.03167201041728507
0.0
0.0
0.005843115163598696
0.0
0.004889687266539011
0.0
0.0
0.0
0.0
0.0
0.0
0.0
0.0
0.0
0.0
0.0
0.0
0.01453681733443483
0.0
0.0
0.0
0.0
0.0
0.0
0.0
0.0
0.0
0.0
0.0
0.0
0.0
0.0
0.0
0.0
0.0
0.0
0.0
0.0
0.0
0.0
0.0
0.0025833236525726884
0.0066621383357710505
0.0
0.010333294610290754
0.0
0.0
0.0
0.0
0.0
0.0
0.0
0.0
0.0
0.0
0.0
0.0
0.0
0.0
0.007749970957718066
0.0
0.0161496470765555
0.0
0.0
0.0
0.0
0.0
0.007044292257489314
0.0
0.0
0.0
0.14198074707328862
0.0
0.0
0.0
0.0
0.0
0.0
0.0
0.0
0.0
0.0
0.0
0.009102906674624702
0.0
0.0
0.0
0.00814947877756502
0.0
0.008490865929181557
0.0
0.0
0.0
0.0
0.013847358047777215
0.0
0.007918002604321267
0.06939350410401855
0.0
0.0
0.0
0.0
0.0
0.0
0.0
0.0
0.0
0.0
0.0
0.0
0.0
0.0
0.0
0.042767873897008056
0.0
0.0
0.0
0.027160202378907695
0.0
0.0
0.0
0.0
0.0
0.0065195830220520145
0.0
0.0
0.0
0.0
0.0
0.0
0.0
0.0
0.0
0.0
0.01810680158593846
0.0
0.0
0.0
0.0
0.0
0.0
0.0
0.0
0.0
0.0
0.0
0.0
0.0
0.0
0.0
0.0
0.0
0.0
0.0
0.0
0.0
0.005843115163598696
0.0
0.0
0.0
0.0
0.0
0.0
0.0
0.02636674583929776
0.0
0.0
0.0
0.0
0.0
0.0
0.0
0.008951148051608683
0.0
0.0
0.0
0.0
0.0
0.0
0.0
0.0
0.0
0.0
0.0
0.0
0.0
0.0
0.0
0.0
0.0
0.0
0.0
0.0
0.0
0.0
0.0
0.007997720154548998
0.0
0.0
0.0
0.0
0.0
0.0
0.0
0.0
0.0
0.0
0.0
0.0
0.0
0.0
0.0
0.0
0.0
0.0
0.0
0.0
0.0
0.0
0.0
0.007159019524252916
0.00814947877756502
0.0
0.0
0.0
0.0
0.0
0.0
0.0
0.0
0.0
0.0
0.0
0.004575695871680228
0.0
0.0
0.0
0.0
0.0
0.0
0.0
0.0
0.0
0.0
0.0
0.0
0.0
0.007044292257489314
0.0
0.0
0.0
0.0
0.0
0.0
0.30153643706136696
0.0
0.0025833236525726884
0.0
0.0
0.0
0.0
0.0073729344319774254
0.0
0.0
0.0
0.0
0.0
0.0
0.0
0.0
0.006031330990129901
0.0
0.0
0.0
0.0
0.0
0.007473010919111699
0.008553574779401612
0.0
0.0
0.023754007812963805
0.0
0.0
0.0
0.0
0.0
0.0
0.0
0.0
0.0065195830220520145
0.0
0.0
0.0
0.0
0.0
0.0
0.0
0.0
0.0
0.0
0.0
0.0
0.0
0.0
0.0
0.0
0.0
0.0
0.0
0.0
0.007569001492926613
0.0
0.0
0.0
0.007661226745642905
0.0
0.0
0.0
0.0
0.0
0.0
0.0
0.018205813349249405
0.0
0.00861465464270259
0.0
0.0
0.0
0.0
0.0
0.0
0.0
0.0
0.02038962918197514
0.0
0.0
0.0037845007464633066
0.0
0.0
0.0
0.0
0.00563851291170441
0.0025833236525726884
0.0
0.006205591627193231
0.0
0.0
0.0
0.0
0.0
0.0
0.0
0.0
0.0
0.0
0.0
0.0
0.0
0.0
0.0025833236525726884
0.0
0.0
0.0
0.0
0.0
0.0
0.0
0.0
0.00814947877756502
0.0
0.0
0.006031330990129901
0.0
0.0
0.0
0.0
0.0
0.0
0.0032597915110260073
0.0
0.0
0.0
0.0
0.0
0.04711506829083859
0.00563851291170441
0.0
0.0
0.0
0.0
0.0
0.0
0.0
0.0
0.0
0.0
0.006205591627193231
0.0
0.0
0.0
0.0
0.0
0.0
0.0
0.00900283018749043
0.0
0.0
0.0
0.0
0.0
0.0
0.0
0.0
0.0
0.0
0.007044292257489314
0.0
0.0
0.0
0.0
0.0
0.0
0.0
0.0
0.0
0.0065195830220520145
0.0
0.0
0.0037845007464633066
0.0
0.0
0.0
0.0
0.0
0.0
0.0
0.014088584514978629
0.0
0.06190972124385132
0.0
0.0
0.0
0.0
0.014088584514978629
0.0
0.0
0.0
0.0
0.0
0.0
0.0
0.0
0.0
0.00563851291170441
0.0
0.0
0.0
0.0
0.0
0.0
0.0
0.0
0.0
0.0
0.0
0.0
0.0
0.0
0.0
0.0063678243990359954
0.0
0.0
0.0
0.0
0.0
0.0
0.0
0.0
0.0
0.0
0.0
0.0
0.0
0.0
0.0
0.004575695871680228
0.0
0.0
0.0
0.0
0.0
0.0
0.0
0.0
0.0
0.0
0.0
0.0073729344319774254
0.0
0.0
0.0
0.0
0.0
0.01629895755513004
0.00814947877756502
0.007044292257489314
0.0
0.0
0.0
0.0
0.05653808194900631
0.0
0.0
0.0
0.0
0.0032597915110260073
0.0
0.0
0.006031330990129901
0.0
0.0
0.0
0.0
0.0
0.0
0.0
0.0
0.0
0.012735648798071991
0.0
0.0
0.0
0.0
0.0
0.0
0.0
0.0
0.0
0.0
0.0
0.0
0.0
0.0
0.0
0.0
0.0
0.0
0.0
0.0
0.0
0.0
0.0
0.0016298957555130036
0.0
0.0
0.0
0.0
0.0
0.0
0.0
0.0
0.0328873462571084
0.0
0.0
0.0
0.0
0.0
0.0
0.0
0.0
0.004213219408085692
0.0
0.0
0.0
0.008674188013002319
0.006205591627193231
0.0
0.0
0.0
0.0
0.0
0.0
0.0
0.0
0.0
0.0
0.0
0.0
0.0
0.0
0.0
0.0
0.0
0.0
0.0
0.0
0.0
0.0
0.0
0.007473010919111699
0.0
0.0
0.0
0.0
0.0
0.0
0.0
0.0
0.0
0.0
0.0
0.0
0.0
0.0
0.0065195830220520145
0.0
0.007473010919111699
0.0
0.0
0.0
0.0
0.0
0.007473010919111699
0.0
0.0
0.0
0.0
0.0
0.0
0.0063678243990359954
0.0
0.0
0.0
0.0
0.0032597915110260073
0.0
0.0
0.0
0.0
0.0
0.0
0.0
0.0025833236525726884
0.018302783486720913
0.0
0.005843115163598696
0.0
0.0
0.0
0.0
0.0
0.0
0.007749970957718066
0.0
0.0
0.0
0.0
0.0
0.0
0.0
0.0
0.0
0.0
0.0
0.0
0.0
0.0
0.0
0.0
0.0
0.0
0.0
0.0
0.0
0.0
0.0
0.0
0.0
0.0
0.0
0.0
0.0
0.0
0.0
0.0
0.0
0.0
0.0
0.0
0.0
0.0
0.0
0.0
0.0
0.007835487382706237
0.0
0.026853444154826052
0.0
0.0
0.0
0.06535139265766071
0.0
0.0
0.0
0.0
0.0
0.0
0.0
0.0
0.029892043676446794
0.0
0.0
0.0
0.0
0.007661226745642905
0.0
0.0
0.0
0.0
0.0
0.0
0.0
0.0
0.0
0.0
0.0
0.0
0.0
0.0
0.0
0.0
0.017902296103217367
0.0
0.0
0.0
0.0
0.0
0.0
0.0
0.0
0.0
0.0
0.0
0.0
0.0
0.0
0.0
0.0
0.0
0.0
0.0
0.0
0.0
0.0
0.0
0.0
0.0
0.0
0.0
0.0
0.0073729344319774254
0.0
0.0
0.0
0.0
0.0
0.0
0.0
0.0
0.0
0.0
0.0
0.007569001492926613
0.0
0.0
0.0
0.0
0.0
0.0
0.0
0.00814947877756502
0.0
0.0
0.0
0.0
0.0
0.0
0.0
0.0
0.04645561250577955
0.018205813349249405
0.0
0.0
0.0
0.1703768964879463
0.0
0.0
0.06596109560717403
0.0
0.046899333566155346
0.0
0.0
0.008951148051608683
0.036605566973441826
0.0
0.0
0.009198897248439617
0.14937461178893877
0.0
0.027160202378907695
0.015670974765412474
0.0
0.0
0.0
0.0
0.0
0.17984227962616556
0.0
0.02800773971042602
0.0
0.0
0.008490865929181557
0.0
0.0
0.0
0.0
0.0
0.004889687266539011
0.008490865929181557
0.0
0.0
0.0
0.0
0.0
0.009102906674624702
0.0
0.0
0.0054143965019763105
0.0
0.0
0.0
0.0
0.0
0.0037845007464633066
0.0
0.0
0.0
0.009423013658167717
0.0
0.0
0.0
0.0
0.0
0.0
0.006205591627193231
0.0
0.0
0.0
0.027736385965031213
0.0
0.0
0.0
0.0
0.0
0.0
0.0
0.0
0.0
0.0
0.0
0.0
0.013039166044104029
0.0
0.016584068182568107
0.0
0.0
0.0
0.0
0.0
0.0
0.0
0.0
0.0
0.0
0.0
0.0
0.007473010919111699
0.0
0.0
0.0
0.0
0.0
0.0
0.0
0.0
0.0
0.0
0.0
0.0
0.0
0.0
0.0
0.0
0.0
0.0
0.0
0.0
0.01800566037498086
0.0
0.0
0.0
0.0
0.0
0.0
0.0
0.0
0.0
0.0
0.0
0.0
0.0
0.0
0.0
0.0
0.0
0.0
0.0
0.0
0.0
0.0
0.0
0.0
0.0
0.0
0.0
0.0
0.0
0.005843115163598696
0.0
0.0
0.0
0.0
0.0
0.0
0.0
0.0
0.0
0.0
0.0
0.0
0.0
0.0
0.0
0.0
0.0
0.0
0.0
0.0
0.0
0.0
0.0
0.0
0.0
0.0
0.0
0.0
0.0
0.0
0.0
0.0
0.0073729344319774254
0.0
0.00905340079296923
0.0
0.0
0.004575695871680228
0.030999883830872266
0.0
0.0
0.0
0.0
0.0
0.0
0.006205591627193231
0.0
0.0
0.0
0.0
0.0
0.0
0.0
0.004575695871680228
0.0
0.0
0.0
0.0
0.0
0.004213219408085692
0.0
0.0
0.0
0.007997720154548998
0.0
0.03769205463267087
0.0
0.0
0.0
0.0
0.0
0.0
0.0
0.0
0.0
0.0
0.0
0.0
0.0
0.0
0.0
0.0
0.0
0.0
0.0
0.0
0.0
0.027454175230081368
0.0
0.0
0.0
0.0
0.0
0.0
0.004575695871680228
0.0
0.0032597915110260073
0.0
0.0
0.0
0.0
0.0
0.0
0.0
0.0
0.0
0.0
0.0
0.005843115163598696
0.0
0.0
0.0
0.0
0.0
0.0
0.0
0.0
0.0
0.0
0.0
0.0
0.0
0.0
0.0
0.0
0.018490923976687477
0.0
0.0
0.0
0.0
0.0
0.0
0.0
0.0
0.013847358047777215
0.006031330990129901
0.0
0.0
0.0
0.0
0.0037845007464633066
0.0
0.0
0.0
0.0
0.007569001492926613
0.0
0.0
0.0
0.0
0.0
0.0
0.0
0.0
0.0
0.0
0.0
0.0
0.0
0.0
0.0
0.0065195830220520145
0.0
0.0
0.0
0.0
0.0
0.0
0.007661226745642905
0.0
0.0
0.0
0.0
0.0
0.004889687266539011
0.005166647305145377
0.0
0.0
0.0
0.0
0.0
0.0161496470765555
0.0
0.0
0.0
0.0
0.0
0.0
0.0
0.0
0.0
0.0
0.0
0.0
0.0
0.0
0.0
0.0
0.0
0.0
0.0
0.0
0.0
0.0
0.0
0.0
0.0
0.0
0.0
0.0
0.0
0.0
0.0
0.0
0.0
0.0
0.006205591627193231
0.0
0.0
0.0
0.00878891527976592
0.004213219408085692
0.0
0.0
0.0
0.0
0.0
0.0
0.0
0.0
0.0
0.0
0.0
0.0
0.0
0.0
0.0073729344319774254
0.0
0.0
0.0
0.0
0.0
0.0
0.0
0.0
0.0
0.0
0.0
0.0
0.00807482353827775
0.0
0.0
0.0
0.0
0.0
0.0
0.0
0.0
0.0
0.0
0.004889687266539011
0.0
0.0
0.0
0.0
0.0
0.0
0.0
0.006796543060658381
0.0
0.0
0.0
0.0
0.0
0.03515566111906368
0.0
0.015995440309097997
0.014318039048505832
0.0
0.0
0.0037845007464633066
0.01858224500231182
0.0
0.0
0.0
0.0
0.0
0.0
0.0
0.0
0.0
0.0
0.007044292257489314
0.0
0.0
0.0
0.017348376026004638
0.0
0.09379866713231069
0.0
0.0
0.0
0.0
0.0
0.0
0.0
0.0
0.0
0.0
0.0
0.0
0.0
0.0
0.0
0.0
0.0
0.0
0.02602256403900696
0.0
0.0
0.0
0.0
0.0
0.0
0.0
0.0
0.0
0.0
0.0
0.0
0.0
0.0
0.0
0.0
0.0
0.0
0.0
0.0
0.0
0.0
0.0
0.0
0.0
0.0
0.007661226745642905
0.0224190327573351
0.0
0.0
0.0
0.00563851291170441
0.0
0.023249912873154196
0.0
0.0
0.0
0.0
0.0
0.0
0.007749970957718066
0.0
0.035804592206434734
0.0
0.0
0.0
0.0
0.0
0.04667956618404337
0.0
0.0
0.018397794496879234
0.0
0.017348376026004638
0.0
0.0
0.0
0.0
0.008360196618143535
0.0
0.008426438816171384
0.0
0.12304998079685012
0.0
0.0
0.007997720154548998
0.0
0.0
0.0
0.0
0.0
0.0
0.0
0.0
0.0
0.0
0.0
0.0
0.0
0.0
0.0
0.3028922604230157
0.0
0.0
0.0
0.0
0.0
0.01722930928540518
0.0
0.0
0.0
0.0
0.0
0.0
0.0
0.012639658224257076
0.0
0.0
0.0
0.08518844824397315
0.0
0.0
0.0
0.0
0.0
0.0
0.0
0.0
0.0
0.0
0.026196753816801595
0.0
0.0
0.0
0.0
0.0
0.0
0.008898304422730418
0.009102906674624702
0.0
0.00878891527976592
0.0
0.01757783055953184
0.036981847953374954
0.0
0.0
0.0
0.0
0.0
0.0
0.0
0.0
0.0
0.0
0.0
0.0
0.0
0.0
0.0
0.0025833236525726884
0.0
0.0
0.0
0.0
0.0
0.0
0.0
0.0
0.0
0.0
0.0
0.0
0.0
0.0
0.06471823391840617
0.0
0.0
0.0
0.0
0.0
0.0
0.0
0.0
0.007835487382706237
0.015670974765412474
0.2638443824286961
0.008292034091284053
0.0
0.0
0.09245461988343738
0.0
0.0
0.0
0.0063678243990359954
0.0
0.0
0.0
0.0
0.0
0.0
