0.0
0.0
0.0
0.0
0.0
0.0
0.0
0.0
0.0
0.0
0.0
0.0
0.0
0.0
0.0
0.0
0.0
0.0
0.0
0.0
0.0
0.0
0.0
0.0
0.0
0.0
0.0
0.0
0.0
0.0
0.0
0.0
0.0
0.0
0.0
0.0
0.002734888318393176
0.0
0.0
0.0
0.0
0.0
0.0
0.0
0.0
0.0
0.0
0.0
0.0
0.0
0.0
0.0
0.0031751070114281847
0.0
0.0
0.0
0.0
0.0
0.0
0.0
0.0
0.0
0.0
0.0
0.0
0.0
0.0
0.0
0.0
0.0
0.0
0.0
0.0
0.0
0.0
0.0
0.0
0.0
0.0
0.0
0.0
0.0
0.0
0.0
0.0
0.0
0.0
0.0
0.0
0.0
0.0
0.0
0.0
0.0
0.0
0.0
0.0
0.0
0.0
0.0
0.0
0.0
0.0
0.0
0.0
0.0
0.0
0.0
0.0
0.0
0.0
0.0
0.0
0.0
0.0
0.0
0.0
0.0
0.0
0.0
0.003838901090959463
0.0
0.0
0.0
0.0
0.0
0.0
0.0
0.0
0.0
0.0
0.0
0.0
0.0
0.0
0.0
0.0
0.0
0.0
0.0
0.0
0.0
0.0
0.0
0.0
0.0
0.0
0.001367444159196588
0.0
0.0
0.0
0.0
0.0
0.0
0.0
0.0
0.0
0.0
0.0
0.0
0.0
0.0
0.0
0.0
0.0
0.0
0.0
0.0
0.0
0.0
0.0
0.0
0.0
0.0
0.0
0.0
0.002734888318393176
0.0
0.0
0.0
0.0
0.0
0.0
0.0
0.0
0.0
0.0
0.0
0.0
0.0
0.0
0.0
0.0
0.0
0.0
0.0
0.0
0.0
0.0
0.0
0.0
0.0
0.0
0.0
0.0
0.0
0.0
0.0
0.0
0.0
0.0
0.0
0.006427588838227693
0.0
0.0
0.0
0.0
0.0
0.0
0.0
0.0
0.0
0.0
0.0
0.0
0.0
0.0
0.0
0.0
0.0
0.0
0.0
0.0
0.0
0.0
0.0
0.0
0.0
0.0
0.0
0.0
0.0
0.0
0.0
0.0
0.0
0.0
0.0
0.0
0.0
0.0
0.0
0.0
0.0
0.0
0.0
0.0
0.004334695428313526
0.0
0.0
0.0
0.0
0.0
0.0
0.006269680191746526
0.0
0.0
0.0
0.0
0.001367444159196588
0.0
0.0
0.0
0.0
0.0
0.0
0.0
0.0
0.0
0.0
0.0
0.0
0.0
0.0
0.0
0.0
0.0
0.0
0.0
0.0
0.0
0.0
0.0
0.0
0.0
0.0
0.0
0.0
0.0
0.0
0.0
0.0
0.0
0.0
0.0
0.0
0.003838901090959463
0.0
0.0
0.0
0.0
0.0
0.0
0.0
0.0
0.0
0.0
0.0
0.0
0.0
0.0
0.0
0.0
0.0
0.0
0.0
0.0
0.020511662387948822
0.0
0.0
0.0
0.0
0.0
0.001367444159196588
0.0
0.0
0.0
0.0
0.0
0.0
0.0
0.0
0.0
0.0
0.0
0.0
0.0
0.0031751070114281847
0.0
0.006098023720242158
0.0
0.0
0.0
0.05482827958954579
0.0
0.0
0.0
0.0
0.0
0.0
0.0
0.0
0.0
0.003534791873353351
0.0
0.0
0.0
0.0
0.0
0.0
0.0
0.01972136822805792
0.0
0.006956821347397455
0.0
0.0
0.0
0.0
0.005342454725584948
0.0
0.0
0.0
0.0
0.0
0.0
0.0
0.0
0.0
0.0
0.0
0.0
0.0
0.0
0.0
0.0
0.0
0.0
0.0
0.021208751240120106
0.0
0.0
0.0
0.0
0.0
0.0
0.005060144679031104
0.0
0.0
0.0
0.0
0.0
0.0
0.00473057956104557
0.0
0.0
0.002734888318393176
0.0
0.0
0.0
0.0
0.0
0.0
0.0031751070114281847
0.0
0.0
0.0
0.0
0.0
0.001367444159196588
0.0
0.0
0.0
0.0
0.0
0.0
0.0
0.0
0.0
0.0
0.0
0.0
0.0031751070114281847
0.0
0.0
0.0
0.0
0.0
0.0
0.0
0.0
0.0
0.0
0.0
0.0
0.0
0.0
0.0
0.0
0.0
0.0
0.0
0.0
0.0
0.0
0.0
0.005589377188200867
0.0
0.0
0.0
0.020870464042192366
0.0
0.0
0.0
0.0
0.0626608909594809
0.007123636577436315
0.0
0.0
0.0
0.006774586808151819
0.0
0.0
0.0
0.0
0.0
0.0
0.0
0.0
0.0
0.0
0.0
0.0
0.0
0.0
0.0
0.0
0.0
0.0
0.0
0.0
0.0
0.0
0.0
0.0
0.005702139587510114
0.0
0.0
0.0
0.0
0.0
0.0
0.0
0.0
0.0
0.0
0.0
0.0
0.0
0.0
0.0
0.0
0.0
0.0
0.004542551170624772
0.0
0.0
0.0
0.039528432862368776
0.0
0.0
0.0
0.002167347714156763
0.0
0.0
0.012700428045712739
0.0
0.0
0.0
0.0
0.0
0.006709898884781535
0.07941233568549227
0.25298197031916014
0.0
0.0
0.0
0.0
0.0
0.0
0.01581137314494751
0.0
0.0
0.0
0.0
0.0
0.0
0.0
0.0
0.0
0.0
0.0
0.0
0.0
0.0
0.0
0.0
0.0
0.0
0.0
0.0
0.0
0.0
0.0
0.01501960487948342
0.0
0.0
0.0
0.0
0.0
0.0
0.0
0.0
0.00732615319630697
0.0
0.0
0.006897927275202334
0.0
0.0
0.0
0.0
0.0
0.0
0.0
0.0
0.0
0.0
0.0
0.0
0.0
0.0
0.0
0.0
0.0
0.0
0.0
0.0
0.0
0.0
0.0
0.003838901090959463
0.0
0.007014008102387648
0.0
0.0
0.0
0.0
0.0
0.0
0.0
0.0
0.0
0.0
0.0
0.0
0.0
0.0
0.0
0.0
0.0
0.0
0.0
0.0
0.0
0.0
0.0
0.0
0.0
0.0
0.01391364269479491
0.0
0.0
0.0
0.0
0.0
0.0
0.0
0.005702139587510114
0.0
0.0
0.0
0.0
0.0
0.0
0.0
0.0
0.0
0.0
0.0
0.0
0.0
0.0
0.006643017737275226
0.0
0.0
0.0
0.0
0.0
0.0
0.0
0.0
0.0
0.0
0.0
0.0
0.0
0.0
0.0
0.0
0.0
0.0
0.0
0.0
0.0
0.0
0.0
0.0
0.0
0.0
0.0
0.0
0.0
0.0
0.0
0.0
0.0
0.0
0.0
0.0
0.0
0.0
0.009085102341249544
0.0
0.0
0.0
0.0
0.0
0.0
0.0
0.0
0.0
0.0
0.0
0.0
0.0
0.0
0.0
0.0
0.0
0.0
0.0
0.0
0.0
0.0
0.0
0.0
0.0
0.0
0.0
0.0
0.0
0.006709898884781535
0.0
0.0
0.0
0.0
0.0
0.031026899609430517
0.0
0.0
0.005808803666948916
0.0
0.006098023720242158
0.0
0.0
0.0
0.0
0.0
0.0
0.0
0.0
0.0
0.0
0.0
0.0
0.0
0.0
0.0
0.0
0.0
0.0
0.0
0.0
0.0
0.0
0.0
0.0
0.0
0.0
0.0
0.0
0.0
0.0
0.0
0.0
0.0
0.0
0.0
0.0
0.0
0.0
0.0
0.0
0.0
0.0
0.0
0.0
0.0
0.0
0.0
0.00473057956104557
0.0
0.0
0.005589377188200867
0.0
0.0
0.0
0.0
0.006269680191746526
0.0
0.0
0.0
0.0
0.001367444159196588
0.0
0.02360846190500063
0.0077176581820529565
0.0
0.0
0.006837220795982941
0.0
0.0
0.0
0.0
0.0
0.0
0.0
0.0
0.0
0.0
0.0
0.0
0.0
0.0
0.0
0.003838901090959463
0.0
0.0
0.0
0.0
0.0
0.0
0.0
0.0
0.0
0.0
0.0
0.0
0.0
0.0
0.0
0.0
0.0
0.0
0.0
0.0
0.0
0.0
0.0
0.0
0.026008172569881156
0.0
0.0
0.0
0.0
0.007373692964312814
0.006098023720242158
0.00473057956104557
0.0
0.0
0.0
0.0
0.0
0.0
0.006837220795982941
0.006006248805116226
0.013549173616303638
0.0
0.014352495652291008
0.021042024307162947
0.0
0.0
0.0
0.0
0.0
0.0
0.0
0.005702139587510114
0.0
0.0
0.0
0.0
0.0
0.0
0.0
0.0
0.0
0.0
0.0
0.0
0.0
0.0
0.0
0.0
0.0
0.006185718375574055
0.0
0.0
0.002167347714156763
0.0
0.0
0.0
0.0
0.0
0.003534791873353351
0.0
0.0
0.0
0.0
0.0
0.0
0.0
0.0031751070114281847
0.0
0.0
0.0
0.0
0.0
0.0
0.0
0.0
0.0
0.0
0.0
0.0
0.0
0.0
0.0
0.0
0.0
0.0
0.0
0.0
0.0
0.0
0.0
0.0
0.0
0.029494771857251256
0.0
0.0
0.0
0.0
0.0
0.0
0.0
0.0
0.0
0.005808803666948916
0.0
0.0
0.0
0.0
0.0
0.0
0.0
0.0
0.0
0.0
0.0
0.0
0.0
0.002734888318393176
0.0
0.0
0.0
0.0
0.0
0.0
0.025078720766986105
0.004102332477589763
0.0
0.0
0.0
0.0
0.0
0.0
0.0
0.0
0.006006248805116226
0.0
0.0
0.0
0.0
0.0
0.0
0.0
0.0
0.0
0.0
0.0
0.03038236032786027
0.0
0.0
0.0031751070114281847
0.0
0.0
0.0
0.0
0.0
0.0
0.0
0.0
0.0
0.0
0.0
0.0
0.0
0.0
0.0
0.0
0.0
0.0
0.0
0.0
0.0
0.0
0.0
0.0
0.0
0.0
0.006956821347397455
0.0
0.005206345250156051
0.0
0.0
0.0
0.0
0.0
0.0
0.0
0.0
0.0
0.0
0.0
0.0
0.0
0.0
0.0
0.02265948760431193
0.0
0.0
0.0
0.0
0.0
0.0873535692540415
0.0
0.0
0.0
0.0873535692540415
0.0
0.01391364269479491
0.0
0.0
0.0
0.0
0.013286035474550453
0.0
0.0
0.0
0.0
0.0
0.051940798315501836
0.0
0.0
0.0
0.0
0.0
0.0
0.0
0.0
0.0
0.0
0.005589377188200867
0.0
0.0
0.0
0.0
0.0
0.0
0.0
0.0
0.0
0.0
0.0
0.0
0.0
0.01710641876253034
0.0
0.0
0.0
0.0
0.0
0.0
0.0
0.0
0.0
0.0
0.0
0.0
0.0
0.0
0.0
0.0
0.002167347714156763
0.0
0.0
0.0
0.0
0.0
0.0
0.0
0.0
0.0
0.0
0.0
0.0
0.0
0.0
0.0
0.0
0.0
0.0
0.0
0.0
0.0
0.0
0.0
0.0
0.0
0.0
0.0
0.0
0.0
0.0
0.0
0.0
0.0
0.0
0.0
0.0
0.0
0.02212107889293844
0.0
0.0
0.005060144679031104
0.0
0.0
0.0
0.0
0.0
0.0
0.0
0.0
0.0
0.0
0.0
0.0
0.0
0.0
0.0065737894093526395
0.05374461527343248
0.0
0.0
0.0
0.00473057956104557
0.0
0.0
0.0
0.0
0.0
0.0
0.0
0.0
0.0
0.0
0.0
0.004542551170624772
0.0
0.0
0.0
0.0
0.0
0.0
0.0
0.0
0.0
0.0
0.0
0.0
0.0
0.0
0.0
0.0
0.0
0.0
0.0
0.0
0.0
0.006098023720242158
0.005060144679031104
0.03003920975896684
0.011404279175020227
0.007176247826145504
0.0
0.0
0.02252940731922513
0.0
0.0
0.0
0.0
0.0
0.0
0.0
0.0
0.0
0.0
0.0
0.0
0.0
0.0
0.0
0.0
0.0
0.0
0.0
0.0
0.0
0.05256861707819197
0.0
0.04557354049179041
0.0
0.0
0.0
0.0031751070114281847
0.0
0.0
0.0
0.0
0.0
0.0
0.0
0.0
0.0
0.006643017737275226
0.0
0.0
0.0
0.0
0.0
0.0
0.0
0.0
0.0
0.0
0.0
0.0
0.0
0.0
0.0
0.0
0.07832611369935112
0.0
0.005702139587510114
0.0
0.0
0.0
0.0
0.0
0.005060144679031104
0.0
0.0
0.0
0.0
0.0
0.0
0.0
0.004102332477589763
0.0
0.0
0.0
0.0
0.0
0.0
0.0
0.0
0.0
0.0
0.0
0.0
0.0
0.0
0.0
0.0
0.0
0.0
0.0
0.024511180162749693
0.0
0.0
0.0
0.003838901090959463
0.0
0.0
0.0
0.0
0.0
0.0
0.0
0.002734888318393176
0.0
0.0
0.0
0.0
0.030870632728211826
0.0
0.0
0.0
0.0
0.006185718375574055
0.0
0.0
0.003838901090959463
0.0
0.0031751070114281847
0.0
0.0
0.0
0.0
0.0
0.0
0.0
0.0
0.0
0.0
0.0
0.0
0.0
0.0
0.06873411915848802
0.0
0.0
0.007069583746706702
0.0
0.0
0.0
0.0
0.0
0.0
0.0
0.0
0.0
0.0
0.0
0.0
0.002734888318393176
0.0
0.0
0.0
0.0
0.0
0.0
0.0
0.0
0.0
0.0
0.0
0.0
0.0
0.0
0.0
0.0
0.0
0.0
0.0
0.0
0.0
0.0
0.0
0.0
0.0
0.0
0.0
0.0
0.0
0.0
0.0
0.0
0.0
0.0
0.0
0.0
0.0
0.0
0.005060144679031104
0.0
0.0
0.0
0.0
0.0
0.0
0.0
0.0
0.0
0.0
0.0
0.0
0.0
0.0
0.0
0.0
0.0
0.0
0.0
0.0
0.0
0.014352495652291008
0.0
0.0
0.0
0.003534791873353351
0.0
0.0
0.0
0.0
0.0
0.0
0.0
0.0
0.0
0.0
0.0
0.0
0.0
0.0
0.0
0.0
0.0
0.0
0.0
0.0
0.0
0.0
0.0
0.006837220795982941
0.0
0.0
0.0
0.0
0.0
0.0
0.0
0.0
0.0
0.0
0.0
0.0
0.0
0.0
0.0
0.0
0.0
0.0
0.0
0.0
0.0
0.0
0.0
0.0
0.0
0.0
0.0
0.0
0.0
0.0
0.0
0.0
0.0
0.0
0.0
0.0
0.005469776636786352
0.0
0.0
0.0
0.0
0.0
0.0
0.0
0.0
0.0
0.0
0.0
0.004542551170624772
0.0
0.0
0.0
0.001367444159196588
0.0
0.0
0.005206345250156051
0.0
0.0
0.0
0.0
0.006774586808151819
0.0
0.0
0.0338729340407591
0.0
0.02239640363831624
0.005702139587510114
0.0
0.0
0.0
0.0
0.0
0.0
0.0
0.1581137314494751
0.0
0.0
0.0
0.0
0.0
0.0065737894093526395
0.0
0.0
0.0
0.0
0.0
0.0
0.0
0.0
0.0
0.0
0.0
0.0
0.0
0.0
0.0
0.0
0.0
0.0
0.0
0.0
0.0
0.0
0.0
0.0
0.0
0.0
0.0
0.0
0.0
0.0
0.0
0.0
0.0
0.0
0.0
0.0
0.0
0.0
0.0
0.0
0.0
0.0
0.0
0.0
0.0
0.0
0.0
0.0
0.0
0.0
0.0
0.0
0.0
0.0
0.0
0.0
0.0
0.0
0.0
0.0
0.0
0.0
0.0
0.0
0.0
0.0
0.0
0.0
0.0
0.0
0.0
0.0
0.0
0.0
0.0
0.0
0.003534791873353351
0.002734888318393176
0.0
0.0
0.014352495652291008
0.00473057956104557
0.0
0.0
0.0
0.0
0.0
0.0
0.0
0.0
0.0
0.0
0.0
0.0
0.0
0.0
0.0
0.0
0.0
0.0
0.004102332477589763
0.0
0.0
0.0
0.0
0.031026899609430517
0.0
0.0
0.0
0.0
0.0
0.0
0.0
0.0
0.007595590081965068
0.0
0.0
0.0
0.0
0.0
0.0
0.0
0.0
0.0
0.01237143675114811
0.0
0.006098023720242158
0.0
0.0
0.0
0.0
0.0
0.0
0.0
0.0
0.0
0.0
0.0
0.0
0.0
0.0
0.0
0.0
0.0
0.0
0.0
0.0
0.0
0.0
0.0
0.0
0.0
0.0
0.0
0.0
0.0
0.0
0.0
0.0
0.0
0.0
0.0
0.0
0.0
0.004902236032549939
0.0
0.0
0.0
0.0
0.0
0.0
0.0
0.0
0.0
0.0
0.0
0.0
0.0
0.0
0.0
0.0
0.0
0.0
0.0
0.0
0.0
0.0
0.0
0.0
0.0
0.0
0.0
0.0
0.0
0.0
0.0
0.0
0.0
0.0
0.0
0.0
0.0
0.0
0.013147578818705279
0.0
0.0
0.0
0.0
0.0
0.0
0.0
0.0
0.005206345250156051
0.006350214022856369
0.0
0.0
0.0
0.0
0.0
0.0
0.002167347714156763
0.0
0.0
0.0
0.0
0.0
0.0
0.007069583746706702
0.0
0.0
0.0
0.0
0.0
0.005469776636786352
0.0
0.0
0.0
0.0
0.0
0.0
0.0
0.0
0.0
0.0
0.0
0.0
0.0
0.0
0.0
0.0
0.0
0.0
0.0
0.0
0.0
0.0
0.0
0.0
0.0
0.0
0.0
0.0
0.0
0.0
0.0
0.0
0.0
0.0
0.0
0.0
0.0
0.0
0.0
0.0
0.0
0.0
0.0
0.0
0.0
0.0
0.0
0.0
0.0
0.0
0.0
0.0
0.0
0.0
0.0
0.0
0.0
0.0
0.0
0.0
0.0
0.0
0.0
0.0
0.0
0.0
0.0
0.0
0.0
0.0
0.0
0.0
0.0
0.0
0.0
0.0
0.0
0.0
0.0
0.0
0.0
0.0
0.0
0.0
0.0
0.006185718375574055
0.0
0.0
0.0
0.0
0.0
0.0
0.0
0.0
0.0
0.0
0.0
0.0
0.0
0.0
0.0
0.0
0.003534791873353351
0.0
0.0
0.0
0.005060144679031104
0.0
0.0
0.0
0.0
0.0
0.0
0.0
0.0
0.0
0.0
0.0
0.0
0.0
0.007123636577436315
0.006350214022856369
0.0
0.0
0.0
0.0
0.0
0.0
0.0
0.0
0.0
0.0
0.0
0.0
0.0
0.0
0.0
0.0
0.0
0.0
0.0
0.0
0.0
0.0
0.0
0.0
0.0
0.0
0.0
0.0
0.0
0.0
0.0
0.0
0.0
0.0
0.0
0.0
0.0
0.0
0.0
0.0
0.0
0.0
0.0
0.0
0.0
0.0
0.0
0.0
0.0
0.004334695428313526
0.0
0.002167347714156763
0.0
0.0
0.0
0.0
0.0
0.0
0.0
0.0
0.0
0.0
0.0
0.0
0.0
0.0
0.010120289358062208
0.0
0.0
0.0
0.0
0.006185718375574055
0.01880904057523958
0.0
0.006269680191746526
0.0
0.053459870456601805
0.0
0.0
0.0
0.0
0.0
0.0
0.029494771857251256
0.0
0.0065737894093526395
0.0
0.003534791873353351
0.007677802181918926
0.0
0.0
0.0
0.021370909732308947
0.004542551170624772
0.0
0.0
0.0
0.0
0.0
0.002167347714156763
0.0
0.0
0.0
0.0
0.0
0.0
0.0
0.0
0.0
0.0
0.0
0.0
0.0
0.0
0.0
0.013004086284940578
0.00473057956104557
0.0031751070114281847
0.0
0.0
0.0
0.006350214022856369
0.0
0.0
0.0
0.0
0.0
0.0
0.0
0.0
0.0
0.0
0.02683959553912614
0.0
0.0
0.0
0.0
0.0
0.0
0.0
0.0
0.005909995329821361
0.0
0.0
0.0
0.0
0.0
0.0
0.0
0.0
0.0
0.0
0.0
0.0
0.0
0.0
0.0
0.0
0.0
0.0
0.0
0.003534791873353351
0.0
0.0
0.0
0.0
0.0
0.0
0.0072774394890179495
0.0
0.0
0.0
0.0
0.0
0.0
0.0
0.041023324775897645
0.0
0.0
0.0
0.0
0.0
0.004902236032549939
0.0
0.0
0.0
0.0
0.0
0.0
0.0
0.0
0.0
0.0
0.0
0.0
0.001367444159196588
0.0
0.0
0.0
0.0
0.0
0.0
0.0
0.0
0.0
0.0
0.0
0.006427588838227693
0.0
0.0
0.0
0.0
0.0
0.0
0.0
0.0
0.012539360383493053
0.0
0.0
0.0
0.0
0.0
0.0
0.0
0.0
0.0
0.0
0.0
0.0
0.0
0.0
0.0
0.005909995329821361
0.0
0.0
0.0
0.0
0.0
0.0
0.0
0.004334695428313526
0.0
0.0
0.0
0.0
0.0
0.0
0.0
0.0031751070114281847
0.0
0.0
0.0
0.0
0.0
0.0
0.0
0.0
0.0
0.0
0.007637124350943114
0.0
0.002734888318393176
0.0
0.0
0.0
0.0
0.0
0.0
0.006502043142470288
0.0
0.0
0.0
0.02930461278522788
0.0
0.0
0.0
0.0
0.0
0.0
0.0
0.0
0.0
0.0
0.0
0.0
0.0
0.0
0.0
0.0
0.0
0.006269680191746526
0.0
0.0
0.0
0.0
0.0
0.0
0.0
0.006006248805116226
0.0
0.0
0.0
0.0
0.0
0.0
0.0
0.0
0.0
0.0
0.00473057956104557
0.0
0.0
0.0
0.0
0.001367444159196588
0.0
0.002734888318393176
0.0
0.0
0.0
0.0
0.0
0.0
0.0
0.004102332477589763
0.0
0.0
0.0
0.0
0.001367444159196588
0.0
0.0
0.0
0.0
0.0
0.0
0.0
0.0
0.0
0.0
0.0
0.0
0.006502043142470289
0.0
0.0
0.0
0.0
0.0
0.013004086284940578
0.0
0.0
0.0
0.0
0.0
0.0
0.0
0.0
0.0
0.0
0.0
0.0
0.0
0.007553162534770643
0.0
0.0
0.0
0.0
0.022786770245895205
0.0
0.0
0.12649098515958007
0.005060144679031104
0.004902236032549939
0.0
0.006185718375574055
0.0
0.0
0.0
0.0
0.0
0.0
0.0
0.0
0.0
0.0
0.0
0.0
0.0
0.0
0.0
0.0
0.0
0.0
0.0
0.0
0.0
0.0
0.0
0.0
0.003534791873353351
0.0
0.0
0.0
0.0
0.006185718375574055
0.0
0.0
0.0
0.0
0.0
0.0
0.0
0.0
0.0
0.0
0.0
0.002734888318393176
0.0
0.0
0.0
0.0
0.0
0.0
0.0
0.0
0.0
0.0
0.0
0.0
0.0
0.0
0.0
0.0
0.0
0.0
0.0
0.0
0.0
0.0
0.0
0.0
0.0
0.0
0.0
0.0
0.0
0.0
0.0
0.0
0.0
0.0
0.0
0.004102332477589763
0.0
0.0
0.0
0.0
0.0
0.0
0.0
0.0
0.0
0.0
0.0
0.0
0.0
0.0
0.0
0.0
0.0
0.0
0.0
0.012196047440484315
0.0
0.0
0.0
0.004334695428313526
0.006774586808151819
0.0
0.013286035474550453
0.0
0.0
0.0072774394890179495
0.006502043142470289
0.0
0.0065737894093526395
0.0
0.0
0.0
0.0
0.00473057956104557
0.0
0.0
0.0
0.0
0.0
0.0
0.059360912360573524
0.0
0.0
0.0
0.0
0.0
0.0
0.0
0.0
0.0
0.0
0.0
0.0
0.0
0.0
0.0
0.0
0.0
0.0
0.0
0.0
0.0
0.0
0.0
0.0
0.0
0.0
0.0
0.0
0.0
0.0
0.021978459588920907
0.0
0.0
0.0
0.0
0.004334695428313526
0.0
0.0
0.0
0.00473057956104557
0.0
0.0
0.0
0.0
0.0
0.0
0.0
0.0
0.0
0.0
0.0
0.0
0.0
0.0
0.0
0.0
0.0
0.02183231846705385
0.0
0.011617607333897832
0.0
0.0
0.0
0.0
0.0
0.0
0.0
0.0
0.0
0.0
0.0
0.0
0.0
0.0
0.005909995329821361
0.0
0.0
0.0
0.001367444159196588
0.0
0.0
0.0
0.0
0.0
0.0
0.0
0.0
0.0
0.04677019798454569
0.0
0.0
0.0
0.0
0.0
0.0
0.0
0.0
0.005808803666948916
0.006774586808151819
0.0
0.0
0.0
0.0
0.0
0.0
0.0
0.0
0.0
0.010604375620060053
0.003534791873353351
0.0
0.0
0.0
0.0
0.0
0.0
0.0
0.002167347714156763
0.0
0.0
0.0
0.0
0.0
0.0
0.0
0.0
0.0
0.0
0.0
0.0
0.0
0.0
0.0
0.0
0.0
0.0
0.0
0.0
0.0
0.0
0.0
0.0
0.0
0.006709898884781535
0.0
0.0
0.0
0.0
0.0
0.007637124350943114
0.0
0.0
0.0
0.0
0.0
0.0
0.01710641876253034
0.0
0.0
0.0
0.0
0.0
0.0
0.0
0.0
0.0
0.0
0.0
0.0
0.0
0.0
0.0
0.0
0.0
0.0
0.0
0.0
0.0
0.005702139587510114
0.0
0.003534791873353351
0.0
0.0
0.0
0.0
0.0
0.0
0.0
0.0
0.0
0.0
0.0
0.0
0.0
0.006350214022856369
0.0
0.0
0.0
0.0
0.0
0.0
0.001367444159196588
0.006837220795982941
0.0
0.0
0.0
0.06352986854839382
0.0
0.0
0.0
0.0
0.0
0.0
0.0
0.0
0.0
0.012539360383493053
0.0
0.0
0.0
0.0
0.0
0.0
0.0
0.0
0.0
0.0
0.0
0.021978459588920907
0.0
0.0
0.0
0.0
0.0
0.003838901090959463
0.0
0.0
0.0
0.0
0.0
0.0
0.0
0.0
0.0
0.0
0.0
0.0
0.0
0.0
0.0
0.0
0.0
0.0
0.0
0.0
0.015665222739870224
0.006774586808151819
0.0
0.0
0.0
0.0
0.0
0.0
0.013674441591965882
0.0
0.0
0.0
0.0
0.0
0.0
0.004902236032549939
0.0
0.0
0.0
0.0
0.0
0.0
0.0
0.021682477179563602
0.0
0.014352495652291008
0.0
0.1253217819189618
0.0
0.0
0.0
0.0
0.0
0.0
0.0
0.021682477179563602
0.0
0.0
0.0
0.0
0.0
0.0
0.0
0.0
0.0
0.0
0.0
0.0
0.047434119434842534
0.0
0.0
0.0
0.0
0.0
0.0
0.0
0.0
0.0
0.0
0.0
0.0
0.0
0.0
0.0
0.0
0.0
0.0
0.0
0.001367444159196588
0.0
0.0
0.0
0.003534791873353351
0.0
0.0
0.0
0.0
0.0
0.04721692381000126
0.0
0.007069583746706702
0.0
0.0
0.0
0.0
0.0
0.0
0.0
0.0
0.0
0.0
0.0
0.0
0.0
0.0
0.0
0.0
0.0
0.0
0.0
0.0
0.0
0.0
0.0
0.0
0.0
0.0
0.0
0.0
0.0
0.0
0.0
0.0
0.0
0.0
0.0
0.0
0.0
0.0
0.0
0.0
0.0
0.0
0.0
0.0
0.0
0.0
0.0
0.0
0.0
0.0
0.0
0.0
0.0
0.0
0.0
0.0
0.0
0.0
0.0
0.0
0.0
0.0
0.0
0.012196047440484315
0.0
0.0
0.0
0.0
0.0
0.0
0.0
0.0
0.018557155126722163
0.0
0.0
0.0
0.0
0.0
0.0
0.0
0.0
0.0
0.006837220795982941
0.005342454725584948
0.0
0.0
0.0
0.0
0.0
0.0
0.0
0.006185718375574055
0.0
0.0
0.0
0.0
0.0
0.0
0.0
0.0
0.0
0.0
0.0
0.004102332477589763
0.0
0.0
0.0
0.0
0.0
0.0
0.0
0.0
0.0
0.0
0.0
0.0
0.0
0.0
0.0
0.027946885941004335
0.0
0.011617607333897832
0.0
0.0
0.0
0.0
0.0
0.0
0.0
0.0
0.0
0.0
0.0
0.005206345250156051
0.0
0.0
0.0
0.0
0.0
0.0
0.021682477179563602
0.0
0.0
0.0
0.0
0.0
0.0
0.0
0.031180131989697126
0.0
0.0
0.0
0.0
0.0
0.0
0.0
0.0
0.0
0.0
0.0
0.0
0.0
0.0
0.0
0.0
0.005342454725584948
0.005808803666948916
0.0
0.005342454725584948
0.0
0.0
0.0
0.06236026397939425
0.0
0.0
0.0
0.0
0.005060144679031104
0.0
0.0
0.0
0.0
0.007069583746706702
0.00473057956104557
0.0
0.0
0.0
0.0
0.0
0.0
0.01424727315487263
0.0
0.0
0.0
0.0
0.0
0.0
0.0
0.0
0.0
0.0
0.0
0.0
0.0
0.0
0.0
0.0
0.0
0.0
0.0
0.0
0.0
0.0
0.0
0.0
0.005469776636786352
0.0
0.0
0.0
0.0
0.0
0.0
0.0
0.0
0.0
0.0
0.007014008102387648
0.0
0.0031751070114281847
0.0
0.029861871517754983
0.0
0.0
0.0
0.0
0.0
0.004102332477589763
0.0
0.0
0.0
0.0
0.0
0.0
0.0
0.0
0.0
0.0
0.0
0.0
0.0
0.0
0.0
0.0
0.007069583746706702
0.0
0.0
0.0
0.0
0.2541194741935753
0.0
0.0
0.0
0.0
0.0
0.0
0.003534791873353351
0.0
0.0
0.0
0.003534791873353351
0.023385098992272844
0.0
0.0
0.0
0.0
0.0
0.0
0.0
0.0
0.0
0.0
0.0
0.014139167493413403
0.0
0.0
0.0
0.0
0.01424727315487263
0.0
0.0
0.007014008102387648
0.0
0.001367444159196588
0.0
0.01801874641534868
0.0031751070114281847
0.012700428045712739
0.0
0.0
0.0
0.0
0.0
0.0
0.0
0.0
0.0
0.0
0.0
0.0
0.0
0.0
0.0
0.0
0.0
0.0
0.0
0.0
0.0
0.0
0.0
0.0
0.0
0.0
0.0
0.0
0.0
0.0
0.0
0.002167347714156763
0.0031751070114281847
0.0
0.0
0.0
0.0
0.0
0.0
0.0
0.0
0.0
0.0
0.0
0.010412690500312101
0.0
0.006956821347397455
0.0
0.005060144679031104
0.013674441591965882
0.0
0.0
0.0
0.0
0.0
0.006956821347397455
0.010412690500312101
0.0
0.002734888318393176
0.006502043142470289
0.0
0.0
0.0
0.0
0.0
0.0
0.0
0.0
0.0
0.0
0.0
0.0
0.0
0.0
0.0
0.0
0.0
0.0
0.0
0.0
0.0
0.0
0.0
0.0
0.0
0.004902236032549939
0.0
0.0
0.0
0.0
0.0
0.0
0.0
0.0
0.0
0.0
0.0
0.0
0.0
0.0
0.021042024307162947
0.0
0.0
0.0
0.002734888318393176
0.0
0.0
0.0
0.0
0.0
0.0
0.0
0.0
0.0
0.0
0.0
0.0
0.013286035474550453
0.0
0.0
0.0
0.0
0.0
0.0
0.0
0.0
0.0
0.004334695428313526
0.0
0.0
0.0
0.0
0.0
0.0
0.0
0.0
0.0
0.0
0.0
0.015106325069541286
0.0
0.0
0.0
0.0
0.0
0.0
0.0
0.0
0.0
0.0
0.0
0.0
0.0
0.0
0.0
0.0
0.0
0.0
0.054023607274370694
0.0
0.0
0.0
0.0
0.0
0.0
0.0
0.0
0.0
0.0
0.0
0.0
0.0
0.0
0.004334695428313526
0.0
0.0
0.0
0.0
0.0
0.0
0.0
0.0
0.0
0.0
0.0
0.0
0.0
0.0
0.0
0.0
0.0
0.0
0.0
0.0
0.005342454725584948
0.0
0.0
0.0
0.0
0.0
0.0
0.0
0.007069583746706702
0.0
0.0
0.0
0.0
0.0
0.0
0.0
0.006269680191746526
0.0
0.11911850352823841
0.0
0.0
0.0
0.0
0.004102332477589763
0.007069583746706702
0.0
0.0
0.0
0.0
0.0
0.0
0.005060144679031104
0.0
0.0
0.0
0.0
0.0
0.0
0.0
0.0
0.0
0.0
0.0
0.0
0.0
0.0
0.0
0.0
0.13186432334007972
0.0
0.0
0.0
0.0
0.0
0.0
0.009085102341249544
0.0
0.0
0.0
0.0
0.0
0.0
0.0
0.0
0.0
0.0
0.0
0.0
0.0
0.0
0.0
0.0
0.0
0.0
0.0
0.0
0.0
0.0
0.0
0.0
0.06324549257979004
0.014554878978035899
0.0
0.0
0.0
0.0
0.0
0.0
0.0
0.0
0.0
0.01501960487948342
0.0
0.0
0.0
0.0
0.0
0.0
0.0
0.0
0.0
0.0
0.011404279175020227
0.0
0.0
0.0
0.0
0.0
0.0
0.0
0.0
0.0
0.0
0.0
0.0
0.0
0.0
0.003838901090959463
0.0
0.01465230639261394
0.0
0.0
0.0
0.0
0.0
0.0
0.0
0.0
0.0
0.0
0.0
0.0
0.0
0.0
0.0
0.0
0.0
0.0
0.0
0.0
0.00946115912209114
0.0
0.0
0.0
0.0
0.0
0.0
0.0
0.0
0.0
0.0
0.012855177676455385
0.0
0.0
0.02303340654575678
0.0
0.0
0.0
0.0
0.0
0.0
0.00473057956104557
0.0
0.0
0.0
0.0
0.0
0.0
0.0
0.0
0.0
0.0
0.0
0.0
0.015191180163930135
0.0
0.003838901090959463
0.0
0.0
0.0
0.0
0.0
0.0
0.0
0.0
0.0
0.0
0.0
0.006006248805116226
0.0
0.0
0.0
0.0
0.0
0.0
0.00473057956104557
0.0
0.0
0.0
0.010939553273572704
0.0
0.0
0.0
0.0
0.0
0.0
0.0
0.0
0.0
0.0
0.0
0.0
0.0
0.0
0.0
0.0
0.0
0.0
0.0
0.0
0.0
0.0
0.0
0.007637124350943114
0.0
0.0
0.0
0.0
0.0
0.0
0.0
0.0
0.0
0.0
0.0
0.0
0.0
0.0
0.0
0.0
0.0
0.0
0.0
0.01391364269479491
0.0
0.02303340654575678
0.0
0.0
0.0
0.006427588838227693
0.0
0.003838901090959463
0.0
0.03934743650833438
0.0
0.0
0.0
0.0
0.0
0.0
0.0
0.0
0.0
0.0
0.0
0.010412690500312101
0.0
0.0
0.0
0.0
0.0
0.0
0.0
0.0
0.0
0.0
0.0
0.006709898884781535
0.0
0.026008172569881156
0.0
0.0
0.004102332477589763
0.0
0.0
0.0
0.0
0.0
0.0
0.0
0.0
0.0
0.0
0.0
0.0
0.0
0.0
0.0
0.0
0.02265948760431193
0.0
0.008669390856627051
0.0
0.0
0.0
0.0
0.0
0.0
0.006643017737275226
0.0
0.0
0.0
0.0
0.02890996957275147
0.010939553273572704
0.0
0.0
0.003838901090959463
0.006837220795982941
0.003534791873353351
0.0
0.0
0.0
0.0
0.0
0.006269680191746526
0.006709898884781535
0.0
0.0
0.0
0.0
0.0
0.0
0.0
0.0
0.0
0.0
0.0
0.0
0.0
0.0
0.0
0.0
0.0
0.0
0.02239640363831624
0.0
0.0
0.0
0.0
0.005060144679031104
0.00473057956104557
0.0
0.0
0.0
0.0
0.0031751070114281847
0.0
0.0
0.0
0.0
0.006956821347397455
0.0
0.08656436031833566
0.027098347232607276
0.0
0.0
0.0
0.006185718375574055
0.0
0.0
0.0
0.00946115912209114
0.0
0.0
0.0
0.0
0.0
0.0
0.0
0.0
0.0
0.0
0.0
0.0
0.0
0.0
0.020323760424455457
0.046540349414145775
0.0
0.0
0.0
0.0
0.0
0.0
0.0
0.0
0.0
0.0
0.0
0.0
0.0
0.0
0.0
0.0
0.0
0.0
0.0
0.0
0.0
0.0
0.014454984786375734
0.0
0.0
0.0
0.0
0.0
0.0
0.0
0.0
0.0
0.0
0.0
0.0
0.0
0.0
0.0
0.004102332477589763
0.0
0.0
0.0
0.022786770245895205
0.0
0.00750980243974171
0.0
0.0
0.0
0.0
0.0
0.0
0.0
0.0
0.0
0.0
0.0
0.002734888318393176
0.0
0.0
0.003534791873353351
0.0
0.006643017737275226
0.0
0.005206345250156051
0.0
0.0065737894093526395
0.0
0.0
0.002167347714156763
0.007123636577436315
0.0
0.0
0.0
0.0
0.0
0.0
0.0
0.0
0.0
0.0
0.0
0.0
0.0
0.0
0.0
0.0
0.0
0.0
0.0
0.0
0.0
0.0
0.0
0.012539360383493053
0.0
0.0
0.005060144679031104
0.0
0.0
0.0
0.0
0.0
0.0
0.0
0.0
0.0
0.0
0.0
0.0
0.0
0.0
0.0
0.0
0.0
0.0
0.023270174707072887
0.0
0.0
0.0
0.0
0.004102332477589763
0.0
0.0
0.0
0.0
0.0
0.0
0.0
0.0
0.0
0.0
0.0
0.0
0.0
0.0
0.0
0.0
0.0
0.0
0.0
0.0
0.0
0.0
0.0
0.0
0.0
0.0
0.0
0.0
0.0
0.0
0.0
0.0
0.0
0.0
0.0
0.0
0.0
0.0
0.0
0.0
0.0
0.005342454725584948
0.0
0.0
0.0
0.0516158507501897
0.0
0.0
0.004334695428313526
0.0
0.0
0.0
0.0
0.0
0.0
0.0
0.0
0.0
0.04721692381000126
0.0
0.0
0.0
0.0
0.0
0.00750980243974171
0.0
0.0
0.005206345250156051
0.0
0.0
0.0
0.0
0.0
0.0
0.0
0.0
0.0
0.006006248805116226
0.0
0.0
0.0
0.0
0.0
0.007227492393187867
0.0
0.0
0.0
0.0
0.0
0.0
0.0
0.0
0.0
0.0
0.0
0.0
0.0
0.0
0.02930461278522788
0.10277392544215881
0.0
0.0
0.0
0.0
0.006956821347397455
0.0
0.005469776636786352
0.0
0.0
0.0
0.0
0.0
0.004334695428313526
0.0
0.06236026397939425
0.0
0.0
0.004542551170624772
0.0
0.0
0.004334695428313526
0.0
0.0
0.0
0.0
0.001367444159196588
0.0
0.0
0.0
0.0
0.0
0.006956821347397455
0.0
0.0
0.0
0.0
0.0
0.030212650139082572
0.0
0.0
0.0
0.0
0.010120289358062208
0.0
0.0
0.0
0.0
0.0
0.0
0.0
0.0
0.016409329910359052
0.0
0.0
0.0
0.0
0.0
0.0
0.0
0.0
0.0
0.0
0.09354039596909137
0.0
0.0
0.0
0.0
0.0
0.0
0.0
0.0
0.012700428045712739
0.0
0.0
0.0
0.005342454725584948
0.0
0.0
0.0
0.0
0.0
0.0
0.0
0.0031751070114281847
0.0
0.0
0.0
0.0
0.0
0.0
0.0
0.0
0.0
0.0
0.0
0.0
0.0
0.0
0.06352986854839382
0.0
0.007176247826145504
0.0
0.0
0.0
0.02930461278522788
0.0
0.0
0.0
0.0
0.0
0.0
0.0
0.0
0.0
0.0
0.0
0.001367444159196588
0.0
0.0
0.0
0.007373692964312814
0.02849454630974526
0.0
0.0
0.0
0.0
0.0
0.0
0.0
0.0
0.0
0.0
0.0
0.0
0.0
0.0
0.0
0.0
0.0
0.001367444159196588
0.0
0.0
0.0
0.0
0.0
0.0
0.006502043142470289
0.0
0.0
0.0
0.0
0.011617607333897832
0.0
0.0
0.0
0.014352495652291008
0.0
0.0
0.0
0.0
0.0
0.0
0.0
0.0
0.0
0.0
0.0
0.00473057956104557
0.0
0.0
0.0
0.006709898884781535
0.0
0.0
0.0
0.0
0.0
0.0
0.0
0.10323603639113996
0.0
0.0
0.03916305684967556
0.0
0.00473057956104557
0.0
0.0
0.0
0.0
0.0
0.0
0.0
0.0
0.005469776636786352
0.0
0.013286035474550453
0.013004086284940578
0.0
0.0
0.0
0.0
0.003838901090959463
0.0
0.0
0.0
0.0
0.0
0.0
0.0
0.0
0.003534791873353351
0.05482827958954579
0.0
0.0
0.0
0.0
0.0
0.013795854550404668
0.0
0.0
0.0
0.0
0.0
0.0
0.0
0.0
0.023270174707072887
0.005909995329821361
0.0
0.0
0.0
0.0
0.35735551058471526
0.0
0.0
0.0
0.0
0.03934743650833438
0.0
0.0
0.0
0.0
0.0
0.0
0.0
0.0
0.0
0.0
0.0
0.0
0.0
0.0
0.0
0.0
0.0
0.0
0.0
0.0
0.0
0.0
0.030711208727675705
0.0
0.0
0.0
0.0
0.0
0.0
0.0
0.0
0.0
0.0
0.0
0.0
0.0
0.0
0.0
0.0
0.0
0.0
0.0
0.0
0.0
0.0
0.0
0.0
0.0
0.0
0.0
0.027348883183931763
0.0
0.0
0.0
0.0
0.0
0.0
0.0
0.0
0.0
0.0
0.0
0.0
0.0
0.005342454725584948
0.0
0.0
0.0
0.0
0.0
0.0
0.0
0.0
0.0
0.0
0.0
0.0
0.0
0.0
0.0
0.0
0.0
0.0
0.0
0.0
0.0
0.0
0.0
0.0
0.0
0.0
0.0
0.014840228090143381
0.0
0.0
0.0
0.0
0.0
0.0
0.004542551170624772
0.0
0.0
0.0
0.0
0.0
0.0
0.0
0.0
0.006897927275202334
0.0
0.0
0.0
0.0
0.0
0.0
0.0
0.002734888318393176
0.0
0.0
0.004102332477589763
0.0
0.006185718375574055
0.0
0.0
0.0
0.0
0.0031751070114281847
0.0
0.013795854550404668
0.0
0.0065737894093526395
0.0
0.0
0.006098023720242158
0.004542551170624772
0.0
0.0
0.0
0.0
0.001367444159196588
0.0
0.0
0.0
0.0
0.02734888318393176
0.0
0.0
0.0
0.09529480282259073
0.0
0.0
0.0
0.0
0.0
0.0
0.0
0.0
0.0
0.0
0.0
0.0
0.0
0.0
0.0
0.0
0.0
0.0
0.0
0.0
0.0
0.0
0.0
0.0
0.0
0.0
0.0
0.001367444159196588
0.0
0.0
0.0
0.0
0.0
0.0
0.0
0.0
0.0
0.0
0.0
0.0
0.0
0.0
0.0
0.0
0.0065737894093526395
0.0
0.0
0.0
0.0
0.00473057956104557
0.0
0.0
0.0
0.0
0.0
0.0
0.0
0.0
0.0
0.0
0.0
0.0
0.0
0.0
0.0
0.006709898884781535
0.0
0.0
0.0
0.0
0.0
0.030548497403772457
0.005589377188200867
0.0
0.0
0.0
0.0
0.0
0.0
0.0
0.0
0.0
0.0
0.0
0.0
0.001367444159196588
0.0
0.0
0.0
0.0
0.0
0.0
0.0
0.0
0.0
0.0
0.0
0.0
0.0
0.003838901090959463
0.0
0.0
0.006098023720242158
0.0
0.0
0.0
0.0
0.0
0.03134840095873263
0.0
0.0
0.0
0.0
0.00732615319630697
0.0
0.007069583746706702
0.0
0.010412690500312101
0.0
0.0
0.0
0.0
0.005702139587510114
0.0
0.0
0.002734888318393176
0.0
0.0
0.0
0.0
0.0
0.004902236032549939
0.0
0.0
0.0
0.005342454725584948
0.0
0.0
0.0
0.0
0.0
0.0
0.010939553273572704
0.0
0.0
0.0031751070114281847
0.0
0.0
0.014139167493413403
0.007123636577436315
0.003838901090959463
0.0
0.0
0.0
0.0
0.0
0.0
0.0
0.0
0.0
0.0
0.0
0.0
0.0
0.0
0.0
0.0
0.0
0.0
0.0
0.0
0.0
0.0
0.0
0.0
0.0
0.0
0.0
0.0
0.0
0.0
0.0
0.0
0.0
0.0
0.0
0.0
0.0
0.0
0.0
0.0
0.0
0.0
0.0
0.0
0.0
0.0
0.0
0.0
0.038975164987121405
0.0
0.0
0.0
0.0
0.0
0.0
0.0
0.0
0.0
0.0
0.0
0.0
0.0
0.0
0.0
0.0
0.0
0.0
0.0
0.0
0.0
0.005060144679031104
0.0
0.0
0.0
0.0
0.0
0.0
0.0
0.0
0.0
0.0
0.0
0.0
0.0
0.0
0.006643017737275226
0.003534791873353351
0.0
0.0
0.026572070949100905
0.0
0.0
0.0
0.0
0.0
0.0
0.0
0.0
0.0
0.0
0.0
0.0
0.0
0.0
0.0
0.0
0.0
0.0
0.0
0.0
0.0
0.0
0.0
0.0
0.0
0.01237143675114811
0.0
0.0
0.005342454725584948
0.0
0.0
0.005589377188200867
0.004334695428313526
0.0
0.0
0.0
0.0
0.0
0.0
0.0
0.0
0.0
0.0
0.0
0.0
0.004102332477589763
0.004102332477589763
0.0
0.0
0.0
0.0
0.0
0.0
0.0
0.0
0.0
0.0
0.0
0.0
0.0
0.0
0.006098023720242158
0.011819990659642721
0.014454984786375734
0.0
0.0
0.0
0.0
0.0
0.0
0.0
0.0
0.0
0.0
0.0
0.0
0.0
0.0
0.006774586808151819
0.004102332477589763
0.0
0.0
0.0
0.0
0.0
0.021682477179563602
0.0
0.0
0.0
0.0
0.0
0.0
0.0
0.0
0.0
0.0
0.0
0.0
0.0
0.0
0.0
0.0
0.0
0.0
0.0
0.0
0.0
0.0
0.0
0.004542551170624772
0.0
0.0
0.0
0.03133044547974045
0.0
0.0
0.0
0.0
0.0
0.0
0.0
0.0
0.005589377188200867
0.0
0.0
0.0
0.0
0.0
0.0
0.0
0.0
0.0
0.0
0.0
0.0
0.0
0.0
0.0
0.0
0.0
0.0
0.0
0.0
0.00473057956104557
0.0
0.007176247826145504
0.0
0.0
0.0
0.0
0.0
0.0
0.0
0.0
0.005589377188200867
0.0
0.0
0.0
0.0
0.0
0.005909995329821361
0.0
0.0
0.0
0.0
0.0
0.0
0.0
0.0
0.0
0.0
0.0
0.0
0.0
0.0
0.0
0.0
0.0
0.0
0.0
0.0031751070114281847
0.005589377188200867
0.0
0.0
0.0
0.0
0.001367444159196588
0.03686846482156407
0.0
0.0
0.0
0.0
0.0
0.0
0.0
0.0
0.0
0.0
0.0
0.0
0.0
0.0
0.0
0.0
0.0
0.006427588838227693
0.0
0.0
0.0
0.0
0.021978459588920907
0.0
0.0
0.0
0.0
0.0
0.0
0.0
0.0
0.0
0.0
0.0
0.0
0.0
0.0
0.0
0.0
0.0
0.0
0.0
0.0
0.0
0.0
0.0
0.0
0.0
0.0
0.0
0.0
0.0
0.0
0.0
0.002167347714156763
0.0
0.0
0.0
0.0
0.0
0.0
0.01772998598946408
0.0
0.0
0.0
0.0
0.0
0.0
0.0
0.0
0.0
0.02782728538958982
0.0
0.0
0.006774586808151819
0.0
0.0
0.0
0.0
0.0
0.0
0.0
0.0
0.0
0.0
0.0
0.0
0.0
0.0
0.0
0.0
0.0
0.0
0.0
0.014454984786375734
0.0
0.0
0.0
0.0
0.0
0.0
0.0
0.0
0.0
0.0
0.0
0.0
0.0
0.0
0.0
0.0
0.0
0.0
0.0
0.0
0.0
0.0
0.0
0.0
0.002734888318393176
0.0
0.0
0.004334695428313526
0.0
0.0
0.0
0.0
0.0
0.0
0.0
0.0
0.0
0.0
0.0
0.0
0.007869487301666877
0.001367444159196588
0.0
0.0
0.0
0.0
0.0
0.0
0.00473057956104557
0.0
0.0
0.0
0.0
0.0
0.0
0.0
0.0
0.0
0.0
0.0
0.0
0.0
0.0
0.0
0.0
0.0
0.0
0.0
0.0
0.0
0.0
0.0
0.006897927275202334
0.0
0.0
0.0
0.0
0.021042024307162947
0.0
0.0
0.0
0.0
0.0
0.0
0.0
0.0
0.0
0.0
0.0
0.00473057956104557
0.002167347714156763
0.0
0.0
0.0
0.0
0.0
0.0
0.0
0.0
0.0
0.0
0.0
0.0
0.0
0.0
0.0
0.0
0.0
0.0
0.0
0.0
0.0
0.0
0.0
0.0
0.0
0.0
0.001367444159196588
0.0
0.0
0.0
0.0
0.0
0.0
0.005702139587510114
0.0
0.0
0.0
0.0
0.0
0.0
0.0
0.007677802181918926
0.0
0.0
0.0
0.002734888318393176
0.0
0.0
0.0
0.0
0.0
0.0
0.0
0.0
0.0
0.0
0.0
0.0
0.0
0.0
0.0
0.0
0.0
0.0
0.0
0.0
0.0
0.0
0.006350214022856369
0.0
0.0
0.0
0.0
0.0
0.0
0.0
0.0
0.0
0.0
0.0
0.0
0.0
0.0
0.0
0.0
0.0
0.0
0.0
0.0
0.007677802181918926
0.0
0.0
0.0
0.0
0.0
0.013549173616303638
0.0
0.0
0.0
0.0
0.0
0.0
0.0
0.0
0.0
0.0
0.006643017737275226
0.0
0.015274248701886229
0.004902236032549939
0.0
0.0
0.0
0.0
0.0
0.0
0.0
0.0
0.006098023720242158
0.0
0.0
0.0
0.0
0.0
0.012196047440484315
0.0
0.0
0.0
0.0
0.001367444159196588
0.0
0.0
0.0
0.0
0.0
0.0
0.0
0.0
0.0
0.0
0.0
0.0
0.0
0.0
0.0
0.0
0.0
0.0
0.0
0.005589377188200867
0.0
0.0
0.0
0.0
0.0
0.0
0.0
0.0
0.0
0.0
0.0
0.0
0.0
0.006427588838227693
0.0
0.0
0.013004086284940578
0.001367444159196588
0.013549173616303638
0.0
0.003534791873353351
0.0
0.0
0.00473057956104557
0.0
0.0
0.0
0.0
0.11117726995968918
0.0
0.0
0.0
0.0
0.0
0.0
0.0
0.0
0.0
0.0
0.0
0.022911373052829344
0.0
0.002167347714156763
0.002167347714156763
0.006837220795982941
0.0
0.0
0.0
0.0
0.0
0.0
0.0
0.0
0.006643017737275226
0.058219515912143596
0.0
0.0
0.0
0.0
0.0
0.0
0.0
0.0
0.0
0.0
0.0
0.0
0.0
0.0
0.0
0.007176247826145504
0.0
0.005206345250156051
0.010412690500312101
0.022786770245895205
0.006185718375574055
0.0
0.0
0.0
0.0
0.0
0.0
0.0
0.0
0.0
0.0
0.0
0.0
0.0
0.0
0.0
0.06076472065572054
0.0
0.0
0.0
0.0
0.0
0.0
0.0
0.0
0.0
0.0
0.0
0.001367444159196588
0.0
0.0
0.0
0.0
0.0
0.0
0.0
0.0
0.0
0.004902236032549939
0.002167347714156763
0.0
0.0
0.0
0.0
0.0
0.0
0.0
0.0
0.0
0.0
0.006502043142470289
0.0
0.0
0.0
0.02252940731922513
0.006427588838227693
0.0
0.0
0.0
0.0
0.0
0.0
0.0
0.0
0.007123636577436315
0.0
0.0
0.0
0.0
0.0
0.0
0.0
0.0
0.0
0.0
0.0
0.0
0.0
0.01341979776956307
0.0
0.0
0.0
0.0
0.0
0.0
0.0
0.0
0.0
0.0
0.002167347714156763
0.0
0.0
0.0
0.003534791873353351
0.0
0.0
0.0
0.0
0.0
0.0
0.012855177676455385
0.0031751070114281847
0.0
0.0
0.0
0.0
0.005342454725584948
0.0
0.0
0.0
0.0
0.0
0.0
0.0
0.0
0.0
0.0
0.0
0.0
0.0
0.0
0.0
0.0
0.0
0.0
0.0
0.003838901090959463
0.0
0.0
0.005909995329821361
0.0
0.0
0.0
0.0
0.0
0.0
0.03162274628989502
0.0
0.0
0.0
0.0
0.0
0.0
0.006185718375574055
0.004542551170624772
0.002167347714156763
0.0
0.0
0.0
0.0
0.002167347714156763
0.0
0.0
0.001367444159196588
0.006098023720242158
0.0
0.0
0.0
0.006269680191746526
0.014352495652291008
0.0
0.0
0.013286035474550453
0.0
0.0
0.0
0.0
0.0
0.0
0.0
0.0
0.0
0.0
0.0
0.0
0.0
0.0
0.0
0.0
0.0
0.0
0.0
0.0
0.0
0.0
0.0
0.0
0.0
0.0
0.0
0.0
0.0
0.0
0.0
0.0
0.0
0.006427588838227693
0.0
0.0
0.0
0.0
0.0
0.0
0.0
0.030548497403772457
0.0
0.014454984786375734
0.0
0.0
0.0
0.0
0.0
0.0
0.0
0.0
0.0
0.0
0.0
0.0
0.0
0.0
0.002734888318393176
0.0
0.00473057956104557
0.0
0.0
0.005206345250156051
0.0
0.0
0.0
0.0
0.0
0.0
0.0
0.0
0.0
0.0
0.0
0.0
0.0
0.0
0.0
0.0
0.0
0.0
0.0
0.0
0.0
0.0
0.0
0.020511662387948822
0.0
0.0
0.0
0.0
0.0
0.0
0.0
0.0
0.0
0.0
0.0
0.0
0.0
0.0
0.0
0.03162274628989502
0.00473057956104557
0.0
0.0
0.004542551170624772
0.0
0.0167681315646026
0.0
0.0
0.0
0.0
0.0
0.0
0.0
0.0
0.0
0.011178754376401734
0.0
0.0
0.0
0.015106325069541286
0.0
0.0
0.0
0.004542551170624772
0.0
0.0
0.0
0.0
0.0
0.0
0.005909995329821361
0.0
0.0
0.0
0.0
0.0
0.0
0.0
0.0
0.0
0.005469776636786352
0.0
0.0
0.0
0.0
0.0
0.006350214022856369
0.0
0.0
0.0
0.0
0.0
0.0
0.022260342135215074
0.0
0.0
0.0
0.0
0.0
0.0
0.0
0.015619035750468151
0.0
0.002167347714156763
0.0
0.0
0.0
0.0
0.00473057956104557
0.013004086284940576
0.0
0.0
0.0
0.0
0.0
0.0
0.0
0.0
0.0
0.0
0.0
0.0
0.0
0.0
0.005342454725584948
0.0
0.0
0.0
0.0
0.0
0.0
0.0
0.0
0.0
0.0
0.0
0.0
0.0
0.0
0.0
0.0
0.0
0.0
0.0
0.0
0.0
0.0
0.0
0.0
0.0
0.0
0.0
0.006185718375574055
0.0
0.0
0.0
0.0
0.0
0.027348883183931763
0.006837220795982941
0.005909995329821361
0.0
0.0
0.0
0.0
0.047434119434842534
0.0
0.0
0.0
0.0
0.0
0.0
0.0
0.0
0.0
0.0
0.0
0.0
0.0
0.0
0.0
0.0
0.0
0.016027364176754846
0.0
0.0
0.0
0.0
0.0
0.0
0.0
0.0
0.0
0.0
0.0
0.0
0.0
0.0
0.00750980243974171
0.004102332477589763
0.0
0.004334695428313526
0.0
0.004902236032549939
0.0
0.0
0.0
0.0
0.0
0.0
0.0
0.0
0.0
0.0
0.0
0.0
0.013795854550404668
0.005206345250156051
0.0
0.0
0.0
0.005206345250156051
0.0
0.0
0.0
0.0
0.0
0.002167347714156763
0.0
0.0072774394890179495
0.005206345250156051
0.0
0.0
0.0
0.0
0.0
0.0
0.0
0.0
0.03205472835350969
0.0
0.0
0.0
0.0
0.0
0.0
0.0
0.0
0.0
0.0
0.0
0.0
0.0
0.0
0.0
0.0
0.0
0.0
0.0
0.0
0.0
0.0
0.0
0.0
0.001367444159196588
0.0
0.0
0.0
0.0
0.0
0.0
0.0
0.0
0.0
0.0
0.0
0.0
0.006269680191746526
0.0
0.0
0.0
0.0
0.0
0.0
0.005342454725584948
0.0
0.0
0.001367444159196588
0.0
0.0
0.0
0.0
0.0
0.0
0.0
0.0
0.0
0.0
0.03838901090959464
0.006185718375574055
0.0
0.0
0.0
0.0
0.0
0.0
0.0
0.006502043142470289
0.005909995329821361
0.0
0.0
0.0
0.0
0.0
0.0
0.0
0.0
0.0
0.0
0.0
0.0
0.0
0.0
0.0
0.0
0.0
0.0
0.0
0.0
0.0
0.0
0.0
0.0
0.0
0.0
0.0
0.0
0.0
0.0
0.0
0.0
0.0
0.0
0.0
0.0
0.0
0.0
0.0
0.0
0.0
0.0
0.01501960487948342
0.0
0.0
0.0
0.07049350232941601
0.0
0.0
0.0
0.0
0.0
0.0
0.0
0.0
0.0
0.0
0.004102332477589763
0.0
0.0
0.006427588838227693
0.005342454725584948
0.0
0.0
0.0
0.0
0.0
0.0
0.0
0.0
0.0
0.0
0.0
0.0
0.0
0.0
0.0
0.05256861707819197
0.0
0.0
0.0
0.0
0.0
0.0
0.0
0.0
0.0
0.0
0.0
0.0
0.0
0.0
0.004102332477589763
0.0
0.0
0.0
0.0
0.0
0.0
0.0
0.006098023720242158
0.0
0.0
0.0
0.0
0.0
0.0
0.0
0.0
0.0
0.0
0.0
0.0
0.0
0.0
0.006098023720242158
0.0
0.0
0.0
0.0
0.0
0.0
0.0
0.0
0.0
0.0072774394890179495
0.006837220795982941
0.0
0.0
0.0
0.0
0.0
0.0
0.0
0.0
0.023385098992272844
0.015274248701886229
0.0
0.0
0.004102332477589763
0.2541194741935753
0.0
0.0
0.15020804487700135
0.0
0.03934743650833438
0.0
0.0
0.00750980243974171
0.04606681309151356
0.0
0.0
0.10804721454874139
0.11748917054902668
0.0
0.03797795040982534
0.0
0.00946115912209114
0.005469776636786352
0.0
0.0
0.0
0.15882467137098455
0.0
0.03133044547974045
0.0
0.0
0.02849454630974526
0.0
0.005469776636786352
0.0
0.0
0.0
0.0
0.007123636577436315
0.0
0.0
0.0
0.0
0.0
0.015274248701886229
0.0
0.0
0.004542551170624772
0.0
0.0
0.0
0.0
0.0
0.0
0.0
0.0
0.0
0.039528432862368776
0.0
0.0
0.0
0.0
0.0
0.0
0.0
0.0
0.0
0.01501960487948342
0.031026899609430517
0.0
0.0
0.0
0.0
0.0
0.0
0.0
0.0
0.0
0.0
0.0
0.0
0.010939553273572704
0.0
0.01391364269479491
0.0
0.0
0.006185718375574055
0.0
0.0
0.0
0.0
0.0
0.0
0.0
0.0
0.0
0.006269680191746526
0.0
0.0
0.0
0.0
0.0
0.0
0.0
0.0
0.0
0.0
0.0
0.0
0.0
0.007677802181918926
0.0
0.0
0.0
0.0
0.0
0.0
0.02265948760431193
0.0
0.0
0.0031751070114281847
0.0
0.0
0.0
0.0
0.0
0.0
0.0
0.0
0.0
0.0
0.003534791873353351
0.0
0.0
0.0
0.0
0.0
0.0
0.0
0.0
0.0
0.0
0.0
0.0
0.0
0.0
0.0
0.004902236032549939
0.0
0.0
0.0
0.0
0.0
0.0
0.0
0.0
0.0
0.0
0.0
0.0
0.0
0.0
0.0
0.0
0.0
0.0
0.0
0.0
0.0
0.0
0.0
0.0
0.0
0.0
0.0
0.0
0.0
0.0
0.0
0.0
0.0
0.0
0.015191180163930135
0.0
0.0
0.0
0.006502043142470289
0.0
0.0
0.0
0.0
0.009525321034284554
0.001367444159196588
0.005206345250156051
0.0
0.0
0.0
0.0
0.006709898884781535
0.0
0.011178754376401734
0.0
0.0
0.0
0.0
0.0
0.0
0.0
0.0
0.0
0.0
0.006709898884781535
0.0
0.03162274628989502
0.0
0.0
0.0
0.0
0.0
0.0
0.0
0.0
0.0
0.0
0.0
0.0
0.0
0.0
0.0
0.0
0.0
0.0
0.0
0.0
0.0
0.015355604363837852
0.0
0.0
0.0
0.005808803666948916
0.0
0.0
0.0
0.0
0.0
0.0
0.0
0.0
0.0
0.0
0.0
0.0
0.0
0.0
0.0
0.0
0.0
0.0
0.0
0.0
0.0
0.0
0.0
0.0
0.0
0.0
0.0
0.0
0.0
0.0
0.0
0.0
0.0
0.015513449804715258
0.0
0.0
0.0
0.021208751240120106
0.0
0.0
0.0
0.0
0.01742641100084675
0.0
0.0
0.0
0.0
0.0
0.0031751070114281847
0.0
0.0
0.0
0.0
0.006350214022856369
0.0
0.0
0.0
0.0
0.0
0.0
0.0031751070114281847
0.0
0.0
0.0
0.0
0.0
0.0
0.0
0.0
0.0
0.001367444159196588
0.0
0.0
0.0
0.0
0.0
0.006427588838227693
0.0
0.0
0.0
0.0
0.0
0.0
0.0
0.002734888318393176
0.0
0.0
0.0
0.03213794419113846
0.013549173616303638
0.0
0.0
0.0
0.005060144679031104
0.0
0.0
0.0
0.0
0.0
0.0
0.0
0.0
0.0
0.0
0.0
0.0
0.0
0.0
0.0
0.012012497610232452
0.0
0.0
0.0
0.0
0.0
0.0
0.0
0.007373692964312814
0.0
0.0
0.0
0.0
0.0
0.0
0.005206345250156051
0.0
0.0
0.0
0.02212107889293844
0.0
0.0
0.0
0.0
0.0
0.0
0.0
0.0
0.0
0.0
0.0
0.005909995329821361
0.0
0.0
0.0
0.01237143675114811
0.0
0.0
0.0
0.0
0.0
0.001367444159196588
0.0
0.0
0.0
0.0
0.0
0.003838901090959463
0.0
0.011404279175020227
0.0
0.0
0.0
0.0
0.0
0.0
0.0
0.0
0.0
0.004102332477589763
0.0
0.001367444159196588
0.0
0.0
0.0
0.0
0.001367444159196588
0.022808558350040455
0.0
0.0
0.0
0.0
0.0
0.02212107889293844
0.0
0.006709898884781535
0.0
0.0
0.0
0.0031751070114281847
0.0077950329974242815
0.0
0.0
0.0
0.0
0.0
0.0
0.0
0.0
0.0
0.0
0.005909995329821361
0.0
0.0
0.0
0.0
0.0
0.09443384762000252
0.0
0.0
0.0
0.0
0.0
0.0
0.0
0.0
0.0
0.0
0.0
0.0
0.0
0.0
0.0
0.0
0.0
0.0
0.02183231846705385
0.0
0.0
0.0
0.0
0.0
0.0
0.0
0.005060144679031104
0.0
0.0
0.009804472065099878
0.0
0.0
0.0
0.0
0.0
0.0
0.015191180163930135
0.0
0.0
0.0
0.0
0.0
0.0
0.0
0.0
0.006427588838227693
0.012539360383493053
0.0
0.0
0.0
0.00473057956104557
0.0
0.006502043142470289
0.0
0.0
0.0
0.0
0.0
0.0
0.006502043142470289
0.0
0.01501960487948342
0.0
0.0
0.0
0.0
0.0
0.07049350232941601
0.0
0.0
0.0
0.0
0.014554878978035899
0.0
0.0
0.0
0.0
0.007014008102387648
0.0
0.007069583746706702
0.0
0.10323603639113996
0.0
0.0
0.006709898884781535
0.0
0.0
0.0
0.02890996957275147
0.0
0.0
0.0
0.0
0.0
0.0
0.0
0.0
0.0
0.0
0.0
0.3732379777218137
0.0
0.0
0.0
0.0
0.0
0.014454984786375734
0.0
0.0
0.0
0.0
0.0031751070114281847
0.0
0.0
0.0
0.0
0.0
0.0
0.09529480282259073
0.0
0.0
0.0
0.0
0.0
0.0
0.0
0.0
0.0
0.0
0.0732615319630697
0.0
0.0
0.0
0.005702139587510114
0.0
0.0
0.014930935758877491
0.022911373052829344
0.0
0.029494771857251256
0.0
0.014747385928625628
0.031026899609430517
0.0
0.0
0.0
0.002734888318393176
0.0
0.0
0.0
0.0
0.0
0.007373692964312814
0.0
0.0
0.0
0.0
0.0
0.0
0.0
0.0
0.0
0.002734888318393176
0.0
0.0
0.0
0.0
0.0
0.0
0.0
0.0
0.0
0.0
0.03878362451178814
0.0
0.0
0.0
0.0
0.0
0.0
0.0
0.0
0.0
0.0065737894093526395
0.19764216431184387
0.006956821347397455
0.0
0.0
0.11635087353536444
0.0
0.0
0.0
0.005342454725584948
0.0
0.0
0.0
0.0
0.0
0.0
