0.0
0.0
0.0
0.0
0.0
0.0
0.0
0.0
0.0
0.0
0.0
0.0
0.0
0.0
0.0
0.0
0.0
0.0
0.0
0.0
0.0
0.0
0.0
0.0
0.0
0.0
0.0
0.0
0.0
0.0
0.0
0.0
0.0
0.0
0.0
0.0
0.0
0.0
0.0
0.0
0.0
0.0
0.0
0.0
0.0
0.0
0.0
0.0
0.0
0.0
0.0
0.0
0.0
0.0
0.0
0.0
0.0
0.0
0.0
0.0
0.0
0.0
0.0
0.0
0.0
0.0
0.0
0.0
0.0
0.0
0.0
0.0
0.0
0.008570971722742215
0.0
0.0
0.0
0.0
0.0
0.0
0.0
0.0
0.009856318570548262
0.0
0.0
0.009485424850878185
0.0
0.0
0.0
0.0
0.0
0.0
0.0
0.0
0.0
0.0
0.0
0.0
0.0
0.0
0.0
0.0
0.0072540575246013905
0.0
0.0
0.0
0.0
0.0
0.0
0.008907448951106865
0.0
0.0
0.0
0.0
0.0
0.0
0.0
0.0
0.0
0.01714194344548443
0.0
0.0
0.0
0.0
0.0
0.0
0.0
0.0
0.0
0.0
0.0
0.0
0.0
0.0
0.0
0.0
0.0
0.0
0.0
0.0
0.0
0.0
0.0
0.0
0.0
0.0
0.0
0.0
0.0
0.0
0.0
0.0
0.0
0.0
0.0
0.019475337945758637
0.0
0.0
0.0
0.0
0.0
0.0
0.0
0.0
0.0
0.0
0.0
0.0
0.0
0.0
0.0
0.0
0.0
0.0
0.0
0.0
0.0
0.0
0.006646993160741404
0.0
0.0
0.0
0.0
0.0
0.0
0.0
0.0
0.0
0.0
0.0
0.011773445086681938
0.0
0.0
0.0
0.007983615421789837
0.0
0.0
0.0
0.0
0.0
0.0
0.0
0.0
0.0
0.0
0.0
0.0
0.0
0.0
0.0
0.0
0.0
0.009856318570548262
0.0
0.008907448951106865
0.0
0.0
0.0
0.0
0.0
0.0
0.0
0.0
0.0
0.0
0.0
0.0
0.010186665752322953
0.0
0.0
0.0
0.007759425692099394
0.0
0.0
0.0
0.0
0.0
0.0
0.0
0.0
0.0
0.0
0.0
0.0
0.0
0.0
0.0
0.0
0.0
0.0
0.0
0.0
0.0
0.008387571513795473
0.0
0.0
0.0
0.0
0.005420389458819571
0.0
0.0
0.0
0.0
0.0
0.0
0.0
0.0
0.0
0.0
0.0
0.0
0.0
0.0
0.0
0.0
0.0
0.0
0.0
0.0
0.0
0.0
0.0
0.0
0.0
0.0
0.0
0.0
0.0
0.0
0.0
0.0
0.0
0.0
0.0
0.0
0.0
0.0
0.0
0.0
0.0
0.0
0.0
0.003323496580370702
0.0
0.0
0.0
0.0
0.0
0.0
0.006965727364888527
0.0
0.0
0.0
0.0
0.0
0.0
0.0
0.0
0.0
0.0
0.0
0.0
0.0
0.0
0.0
0.0
0.0
0.020968928784488687
0.0
0.0
0.0
0.0
0.0
0.0
0.0
0.0
0.0
0.0
0.0
0.0
0.0
0.0
0.0
0.0
0.0
0.0
0.0
0.0
0.0
0.0
0.0
0.0
0.0
0.01201083560949518
0.0
0.0
0.0
0.0
0.0041937857568977365
0.0
0.0
0.0
0.0
0.0
0.0
0.0
0.0
0.0
0.0
0.0
0.0
0.010080508300238706
0.0
0.010667864601191084
0.0
0.0
0.0
0.0
0.0
0.0
0.006290678635346605
0.0
0.0
0.0
0.0
0.0
0.0
0.0
0.0
0.0
0.0
0.0
0.0
0.0
0.0
0.0
0.0
0.0
0.0
0.0
0.0
0.0
0.0
0.0
0.0
0.0
0.0
0.0
0.0
0.0
0.0
0.0
0.0
0.0
0.0
0.0041937857568977365
0.0
0.0
0.0
0.0
0.0
0.0
0.0
0.0
0.0
0.0
0.0669570787307176
0.0
0.0
0.0
0.0
0.0
0.0
0.0
0.0
0.0
0.0
0.0
0.0
0.0
0.0
0.0
0.0
0.0
0.0
0.0
0.0
0.0
0.0
0.0
0.0
0.0
0.0
0.0
0.0
0.0
0.0
0.0
0.0
0.0
0.0
0.0
0.0
0.0
0.0
0.0
0.0
0.0
0.0
0.0
0.02366912370265637
0.0
0.0
0.0
0.10809752048545661
0.0
0.0
0.0
0.0
0.0103884189616879
0.0
0.0
0.0
0.0
0.0
0.009614175215717308
0.0
0.0
0.0
0.0
0.0
0.0
0.0
0.0
0.0
0.0
0.0
0.0
0.0
0.0
0.0
0.0
0.0
0.0041937857568977365
0.008743886039190274
0.0
0.0
0.0
0.0
0.01503456467453688
0.0
0.003323496580370702
0.0
0.0020968928784488683
0.0
0.0
0.0
0.0
0.018420438247423343
0.006646993160741404
0.0041937857568977365
0.0
0.0
0.0
0.0
0.0
0.0
0.0727373520662463
0.0
0.0
0.0
0.0
0.0
0.0
0.0
0.0103884189616879
0.0
0.0
0.0
0.0
0.010289223945259229
0.10959661060818816
0.1454747041324926
0.0
0.0
0.007759425692099394
0.0
0.0
0.0
0.0484915680441642
0.0
0.0
0.0
0.0
0.0
0.0
0.0
0.0
0.0
0.0
0.0
0.0
0.0
0.0
0.005420389458819571
0.0
0.0
0.0
0.0
0.007983615421789837
0.0
0.0
0.0
0.023031655294362127
0.0
0.0
0.0
0.0
0.0
0.0
0.0
0.0
0.01123421264440312
0.0
0.0
0.010577554104972093
0.0
0.0
0.0
0.0
0.0
0.0
0.0
0.0
0.0
0.0
0.0
0.0
0.0
0.0
0.0
0.0
0.0
0.0
0.0
0.0
0.0
0.0
0.0
0.0
0.0
0.010755557029780628
0.0
0.0
0.0
0.0
0.0
0.0
0.0
0.0041937857568977365
0.0
0.0
0.0
0.0
0.0
0.0
0.0
0.0
0.0
0.008387571513795473
0.0
0.0
0.0
0.0
0.0
0.0
0.0
0.0
0.010667864601191084
0.0
0.0
0.005886722543340969
0.0
0.0
0.0
0.0
0.008743886039190274
0.0
0.0
0.0
0.0
0.0
0.0
0.0
0.0
0.0
0.0
0.0
0.0
0.0
0.0
0.0
0.0
0.0
0.0
0.0
0.0
0.0
0.0
0.0
0.0
0.0
0.0
0.0
0.0
0.0
0.0
0.0
0.0
0.0
0.0
0.0
0.0
0.0
0.0
0.0
0.0
0.0
0.0
0.0
0.0
0.0
0.0
0.0
0.0
0.0
0.0
0.0
0.0
0.0
0.0
0.0
0.0
0.0
0.0072540575246013905
0.0
0.0
0.0
0.0
0.0
0.0
0.004868834486439659
0.0
0.0
0.0
0.0
0.0
0.0
0.0
0.0
0.0
0.0
0.0
0.007983615421789837
0.0
0.0
0.0
0.0
0.0
0.0
0.010289223945259229
0.0
0.0
0.0
0.0
0.0
0.08326127812179042
0.0
0.0
0.008907448951106865
0.0
0.009350950403050258
0.0
0.0
0.0
0.008387571513795473
0.0
0.0
0.0
0.0
0.0
0.0
0.00751728233726844
0.0
0.0
0.0
0.0
0.0
0.0
0.008907448951106865
0.0
0.0
0.0
0.0
0.0
0.0
0.0
0.0
0.0
0.0
0.0
0.0
0.0
0.0
0.0
0.0
0.0
0.0
0.0
0.0
0.0
0.0
0.0
0.0
0.0
0.0
0.0
0.0
0.0
0.0
0.0
0.0
0.008570971722742215
0.0
0.0
0.0
0.011159513121786266
0.0
0.0
0.0
0.0
0.0
0.0
0.0
0.060336913097804874
0.011834561851328185
0.0
0.0
0.020968928784488687
0.0
0.003323496580370702
0.0
0.0
0.0
0.0
0.0
0.0
0.0
0.022319026243572532
0.0
0.009485424850878185
0.0
0.0
0.0
0.0
0.0
0.0
0.0
0.0
0.0
0.0
0.0
0.0
0.0
0.0
0.0
0.0
0.0
0.0
0.0
0.0
0.0
0.0
0.0
0.0
0.0
0.0
0.0
0.0
0.0
0.0
0.0
0.0
0.005886722543340969
0.01130711200216054
0.0
0.0
0.0
0.0
0.0
0.0
0.0
0.0
0.0
0.0
0.0207768379233758
0.0
0.055021709147778666
0.010755557029780628
0.0
0.0
0.0
0.0
0.0
0.0
0.0
0.0
0.0
0.0
0.0
0.0
0.0
0.0
0.0
0.0
0.0
0.0
0.0
0.0
0.0
0.0
0.0
0.0
0.0
0.0
0.0
0.0
0.0
0.0
0.0
0.0
0.0
0.0
0.0
0.0
0.0
0.0
0.0
0.0
0.0
0.0
0.0
0.0
0.0
0.0
0.0
0.0
0.0
0.0
0.0
0.0
0.0
0.0
0.0
0.0
0.0
0.0
0.0
0.0
0.0
0.0
0.0
0.0
0.0
0.0
0.0
0.0
0.06784267201296323
0.0
0.0
0.0
0.0
0.0
0.0
0.0
0.0
0.0
0.0
0.0
0.0
0.0
0.0
0.0
0.0
0.0
0.00751728233726844
0.0
0.0
0.0
0.0
0.0
0.0
0.0
0.0
0.0
0.0
0.0
0.0
0.0
0.0
0.0
0.0
0.0
0.0
0.0
0.0
0.0
0.0
0.009210219123711672
0.0
0.0
0.0
0.0
0.0
0.0
0.0
0.0
0.0
0.0
0.0
0.034942133417382955
0.0
0.0
0.0
0.0
0.0
0.0
0.0
0.0
0.0
0.0
0.0
0.0
0.0
0.007983615421789837
0.0
0.0
0.0
0.0
0.0
0.0
0.0
0.0
0.0
0.0
0.0
0.0
0.0
0.0
0.0
0.010667864601191084
0.0
0.0
0.0
0.0
0.0
0.0
0.0
0.0
0.0
0.0
0.0
0.0
0.0
0.0
0.0
0.0
0.0
0.011582317729327054
0.0
0.0
0.0
0.0
0.0
0.048709604714750304
0.0
0.0
0.0
0.09741920942950061
0.0
0.010667864601191084
0.0
0.0
0.0
0.0
0.0
0.0103884189616879
0.0
0.0
0.0
0.0
0.0
0.0
0.0
0.0
0.0
0.0
0.0
0.0
0.0
0.0
0.003323496580370702
0.0
0.0
0.0
0.0
0.0
0.0
0.0
0.0
0.0
0.0
0.0
0.0
0.0
0.0
0.0
0.0
0.0
0.021335729202382168
0.0
0.0
0.0
0.0
0.0
0.0
0.0
0.0
0.0
0.0
0.0
0.0
0.0
0.0
0.0
0.0
0.0
0.0
0.0
0.0
0.0
0.0
0.0
0.0
0.007759425692099394
0.0
0.0
0.0
0.0
0.0
0.0
0.0
0.0
0.0
0.0
0.0
0.0
0.0
0.0
0.0
0.0
0.0
0.0
0.0
0.0
0.0
0.0
0.0
0.0
0.0
0.0
0.01130711200216054
0.0
0.0
0.0
0.0
0.0
0.0
0.0
0.0
0.0
0.0
0.0
0.0
0.0
0.0
0.0
0.0
0.0
0.0
0.023546890173363876
0.0
0.0
0.0
0.0
0.0
0.0
0.0
0.0
0.0072540575246013905
0.0
0.0
0.0
0.0
0.0
0.0
0.0
0.0
0.0
0.0
0.0
0.0
0.006290678635346605
0.0
0.0
0.0
0.0
0.0
0.0
0.0
0.0
0.0
0.0
0.0
0.0
0.0
0.0
0.0
0.0
0.0
0.03454748294154319
0.008743886039190274
0.011004341829555734
0.0
0.0
0.011515827647181063
0.0
0.0
0.0
0.0
0.0
0.0
0.0
0.0
0.0
0.0
0.0
0.0
0.0041937857568977365
0.0
0.0
0.0
0.0
0.0
0.0
0.0
0.0
0.03454748294154319
0.0
0.0
0.0
0.0
0.0
0.0
0.0
0.0
0.0
0.0
0.0020968928784488683
0.0
0.0
0.0
0.0
0.030559997256968865
0.0
0.0
0.0
0.0
0.0
0.0
0.0
0.0
0.0072540575246013905
0.0
0.0
0.0
0.0
0.0
0.0
0.0
0.16815169853293252
0.0
0.0
0.0
0.0
0.0
0.0
0.006290678635346605
0.0
0.0
0.0
0.0
0.0
0.0
0.0
0.0
0.0
0.0
0.0
0.0
0.0
0.0
0.0
0.0
0.0
0.0
0.0
0.0
0.0
0.0
0.0
0.0
0.0
0.0
0.0
0.0
0.0
0.0
0.0
0.0
0.0
0.0
0.0
0.0
0.0
0.0
0.0
0.0
0.0
0.0
0.0
0.0
0.0
0.03550368555398455
0.004868834486439659
0.0
0.0
0.0
0.0
0.0
0.0
0.0
0.0
0.0
0.0
0.0
0.0
0.0
0.0
0.0
0.0
0.010755557029780628
0.0
0.0
0.0
0.0
0.0
0.0
0.023422136188332353
0.0
0.0
0.010840778917639142
0.0
0.0
0.0
0.0
0.0
0.0
0.0
0.0
0.0
0.0
0.0
0.0
0.0
0.0
0.0
0.0
0.0
0.0
0.0
0.0
0.0
0.0
0.0
0.0
0.0
0.0
0.0
0.0
0.0
0.0
0.0
0.0
0.0
0.0
0.0
0.0
0.0
0.006646993160741404
0.0
0.0
0.0
0.0
0.0
0.0
0.0
0.0
0.0
0.0
0.0
0.0
0.0
0.0
0.0
0.0
0.0
0.0
0.0
0.0
0.0
0.0
0.0
0.0
0.0
0.0
0.0
0.0
0.0
0.0
0.0
0.0
0.0
0.0
0.0
0.0330130254886672
0.009856318570548262
0.0
0.0
0.0
0.0
0.0
0.0
0.0
0.0
0.0
0.0
0.0
0.0
0.003323496580370702
0.0
0.0
0.0
0.0
0.0
0.0
0.0
0.0
0.0
0.0
0.0
0.0
0.0
0.010484464392244344
0.0
0.0
0.0
0.0
0.0
0.0
0.0
0.0
0.0
0.0
0.0
0.0
0.0
0.0
0.0
0.0
0.0
0.0
0.0
0.0
0.0
0.0
0.0
0.0
0.0
0.0
0.0
0.0
0.0
0.0
0.0
0.0
0.0
0.0
0.0
0.0
0.0
0.0
0.0
0.005886722543340969
0.0
0.0
0.0
0.0
0.0
0.0
0.0
0.0
0.0
0.0
0.009970489741112106
0.0
0.0
0.0
0.0
0.0
0.0
0.0
0.0
0.0
0.0103884189616879
0.0
0.020578447890518457
0.0207768379233758
0.0
0.011447843281499129
0.0
0.0
0.0
0.0
0.0
0.0
0.0
0.0
0.1454747041324926
0.0
0.0
0.0020968928784488683
0.0
0.0
0.010080508300238706
0.0
0.0
0.0
0.0
0.0
0.0
0.0
0.0
0.0
0.0
0.0
0.0
0.0
0.0
0.0
0.008743886039190274
0.0
0.0
0.0
0.0
0.0
0.0
0.0
0.0
0.0
0.0
0.034134887762138785
0.0
0.031165256885063698
0.0
0.0
0.0
0.027630657371135015
0.0
0.0
0.0
0.0
0.0
0.0
0.0
0.0
0.0
0.0
0.0
0.0
0.0
0.0
0.0
0.0
0.0
0.0
0.0
0.0
0.0
0.0
0.0
0.0
0.0
0.0
0.0
0.0
0.0
0.0
0.0
0.0
0.0
0.0
0.0
0.0
0.0
0.0
0.04302222811912251
0.0
0.0
0.0
0.0
0.0
0.0
0.0
0.0
0.011004341829555734
0.0
0.0
0.0
0.0
0.0
0.0
0.0
0.0
0.0
0.0
0.0
0.0
0.0
0.0
0.0
0.0
0.0
0.0
0.0
0.0
0.0
0.0
0.0
0.0
0.05947234151556458
0.0
0.0
0.0
0.0
0.0
0.0
0.0
0.0
0.05823688902897158
0.005420389458819571
0.0
0.0
0.0
0.0
0.0
0.0
0.0
0.0
0.0
0.0
0.018701900806100517
0.0
0.0
0.0
0.0
0.0
0.0
0.0
0.0
0.0
0.0
0.0
0.0
0.0
0.0
0.0
0.01781489790221373
0.0
0.0
0.0
0.0
0.0
0.0
0.0
0.0
0.0
0.0
0.0
0.0
0.0041937857568977365
0.0
0.0
0.0
0.0
0.0
0.0
0.0
0.0
0.0
0.0
0.0
0.031453393176733034
0.0
0.0
0.0
0.0
0.0
0.0
0.0
0.0
0.0
0.019228350431434615
0.0
0.0
0.0
0.0
0.0
0.0
0.0
0.0
0.0
0.0
0.0
0.0
0.0
0.0
0.0
0.0
0.0
0.009210219123711672
0.0
0.0
0.0
0.0
0.0
0.0
0.0
0.010080508300238706
0.0
0.0
0.0
0.0
0.0
0.0
0.0
0.0
0.0
0.0
0.0
0.0
0.0
0.0
0.0
0.0
0.0
0.0
0.0
0.0
0.0
0.0
0.0
0.021681557835278285
0.0
0.0
0.0
0.0
0.009614175215717308
0.008387571513795473
0.0
0.0
0.0
0.0
0.0
0.0
0.01503456467453688
0.0
0.0
0.0
0.0072540575246013905
0.0
0.0
0.0
0.0
0.0
0.0
0.0
0.0
0.0
0.0
0.0
0.0
0.0
0.005420389458819571
0.0
0.0
0.0
0.0
0.0
0.0
0.0
0.0
0.0
0.0
0.0
0.0
0.0
0.0
0.0
0.0
0.009970489741112106
0.0
0.0
0.0
0.0
0.0
0.0
0.0
0.0
0.0
0.0
0.0
0.0
0.0
0.0
0.0
0.0
0.0
0.0
0.0
0.0
0.0
0.0
0.0
0.0
0.0
0.0
0.0
0.0
0.0
0.0
0.0
0.0
0.0
0.0
0.0
0.0
0.0
0.0
0.0
0.0
0.0
0.0
0.0
0.0
0.0
0.0
0.0
0.0
0.0
0.0
0.0
0.0
0.0
0.0
0.0
0.0
0.0
0.0
0.0
0.0
0.0
0.0
0.0
0.0
0.007759425692099394
0.006290678635346605
0.003323496580370702
0.0
0.0
0.0
0.0
0.006290678635346605
0.0
0.0
0.0
0.0
0.0
0.0
0.010923665662998835
0.0
0.0
0.0
0.0
0.0
0.0
0.0
0.0
0.0
0.0
0.0
0.0
0.0
0.0
0.0
0.0
0.0
0.0
0.0
0.0
0.0
0.0
0.0
0.0
0.0
0.0
0.0
0.0
0.0
0.0
0.0
0.0
0.0
0.0
0.0
0.0
0.0
0.0
0.0
0.0
0.0
0.0
0.0
0.0
0.0
0.0
0.0
0.0
0.0
0.0
0.0
0.0
0.0
0.0
0.0
0.0
0.0
0.0
0.0
0.0
0.0
0.0
0.0
0.0
0.0
0.0
0.0
0.0
0.0
0.0
0.0
0.0
0.0
0.0
0.0
0.0
0.0
0.023422136188332353
0.0
0.0
0.0
0.0
0.0
0.0
0.02261422400432108
0.0
0.0
0.0
0.0
0.0
0.010186665752322953
0.0
0.0
0.010923665662998835
0.0
0.0
0.0
0.0
0.0
0.0
0.0
0.0
0.046844272376664706
0.0
0.0
0.0
0.0
0.0
0.0
0.0
0.0
0.0
0.0041937857568977365
0.0
0.0
0.0
0.029911469223336318
0.0072540575246013905
0.0
0.0
0.0
0.0
0.0
0.0
0.006646993160741404
0.0
0.0
0.0
0.0
0.0
0.0
0.0
0.0
0.041156895781036915
0.0
0.0
0.0
0.0
0.0
0.0
0.0
0.0
0.0
0.0
0.0
0.0
0.0
0.0
0.0
0.0
0.0
0.0
0.0
0.0
0.0
0.0
0.0
0.0
0.0
0.0
0.0
0.0
0.0
0.0
0.0
0.010080508300238706
0.0
0.0
0.0
0.044638052487145065
0.0
0.0
0.0
0.0
0.0
0.0
0.0
0.0
0.0
0.0
0.0
0.0
0.0
0.00751728233726844
0.0
0.0
0.0
0.0
0.0
0.0
0.0020968928784488683
0.0
0.0
0.007983615421789837
0.0
0.0
0.0
0.0
0.006646993160741404
0.008743886039190274
0.0
0.04032203320095482
0.0
0.0
0.0
0.0
0.0
0.0
0.009856318570548262
0.0
0.0
0.0
0.0
0.0
0.0
0.0
0.0
0.0
0.0
0.0
0.02216584454494019
0.0
0.0
0.0
0.0
0.0
0.0
0.0
0.0
0.0
0.0
0.0
0.0
0.0
0.0
0.0
0.0
0.0
0.0
0.0
0.0
0.0
0.0
0.0
0.0020968928784488683
0.0
0.0
0.0
0.0
0.0
0.0
0.0
0.0
0.0
0.0
0.0
0.0
0.0
0.0
0.0
0.046844272376664706
0.0
0.0
0.0
0.005886722543340969
0.0
0.0
0.008743886039190274
0.0
0.0
0.0
0.0
0.0
0.03370263793320936
0.0
0.0
0.010577554104972093
0.0
0.0
0.0
0.0
0.0
0.0
0.0
0.0
0.0
0.0
0.0
0.0
0.0
0.0
0.019228350431434615
0.0
0.0
0.0
0.0
0.0
0.0
0.0
0.0
0.0
0.0
0.0
0.006965727364888527
0.0
0.0
0.0
0.0
0.0
0.0
0.0
0.0
0.0
0.0
0.0
0.0
0.0
0.0
0.0
0.0
0.0
0.0
0.0
0.0
0.0
0.0
0.0
0.0
0.0
0.0
0.0
0.0
0.0
0.0
0.0
0.0
0.0
0.0
0.0
0.0
0.0
0.0
0.0
0.0
0.0
0.0
0.0
0.0
0.0
0.0
0.0
0.0
0.0
0.0
0.0
0.0
0.0
0.0
0.0
0.0
0.0
0.0
0.0
0.0
0.0
0.0
0.0
0.0
0.034942133417382955
0.0
0.0
0.1454747041324926
0.0
0.0
0.0
0.009485424850878185
0.0
0.0
0.007983615421789837
0.0
0.0
0.0
0.0
0.0
0.0
0.0
0.0
0.0
0.0
0.0
0.0
0.0
0.0
0.0
0.0
0.0
0.0
0.0
0.0
0.0
0.0
0.0
0.0
0.0
0.0
0.009485424850878185
0.0
0.0
0.0
0.0
0.0
0.0
0.0
0.0
0.0
0.0
0.0
0.0
0.0020968928784488683
0.0
0.0
0.0
0.0
0.0
0.0
0.0
0.0
0.0
0.0
0.0
0.0
0.0
0.0
0.0
0.0
0.0
0.0
0.0
0.0
0.0
0.0
0.0
0.0
0.0
0.0
0.0
0.0
0.0
0.0
0.0
0.0
0.0
0.0
0.0
0.0
0.0
0.0
0.0
0.0
0.0
0.0
0.0
0.0
0.0
0.0
0.0
0.0
0.0
0.0
0.0
0.0
0.0
0.0
0.018701900806100517
0.0
0.0
0.0
0.0
0.0
0.0
0.020373331504645906
0.0
0.0
0.011159513121786266
0.0
0.0
0.0
0.0
0.0
0.0
0.0
0.0
0.0
0.0
0.0
0.006290678635346605
0.0
0.0
0.0
0.0
0.0
0.0
0.0
0.009856318570548262
0.0
0.0
0.0
0.0
0.0
0.0
0.0
0.0
0.0
0.0
0.0
0.0
0.0
0.0
0.0
0.0
0.0
0.0
0.010484464392244344
0.0
0.0
0.0
0.0
0.0
0.0
0.01123421264440312
0.0
0.0
0.0
0.0
0.0
0.0
0.0
0.0
0.0
0.0
0.0
0.0
0.0
0.0
0.0
0.0
0.0
0.0
0.0
0.0
0.0
0.0
0.0
0.0
0.0
0.0
0.08927610497429013
0.0
0.0
0.0
0.0
0.0
0.0
0.0
0.0
0.0
0.0
0.0
0.0
0.009350950403050258
0.0
0.0
0.0
0.0
0.0
0.0
0.0
0.0
0.0
0.0
0.0
0.0
0.0
0.0
0.0
0.0
0.0
0.023906422897994266
0.0
0.0
0.0
0.0
0.0
0.009210219123711672
0.0
0.0
0.008907448951106865
0.0103884189616879
0.0
0.0
0.0
0.0
0.0
0.0
0.0
0.0
0.0
0.0
0.0
0.0
0.0
0.0
0.0
0.0
0.0
0.0
0.0
0.0
0.0
0.0
0.0
0.0
0.0
0.0
0.0
0.0
0.0
0.0
0.009210219123711672
0.0
0.0
0.0
0.0
0.005886722543340969
0.0
0.0
0.0
0.0
0.0
0.0
0.0
0.0
0.0
0.0
0.0
0.0
0.0
0.0
0.03513320428249853
0.0
0.0
0.0
0.0
0.0
0.0
0.0
0.0
0.0
0.0
0.0
0.0
0.0
0.0
0.0
0.0
0.0
0.0
0.0
0.0
0.0
0.0
0.0
0.0
0.0
0.0
0.0
0.0
0.0
0.0
0.0
0.0
0.0
0.0
0.0
0.005886722543340969
0.0
0.0
0.0
0.0
0.0
0.013293986321482808
0.0
0.0
0.009737668972879318
0.0
0.0
0.0
0.0
0.0
0.0
0.0
0.0
0.0
0.0
0.0
0.08524180825081303
0.0
0.0
0.0
0.0
0.0
0.0
0.0
0.0
0.0
0.0
0.0
0.0
0.0
0.0
0.0
0.0
0.0
0.0
0.0
0.0
0.0
0.0
0.0
0.0
0.0
0.0
0.008387571513795473
0.0
0.0
0.0
0.0
0.0
0.0
0.0
0.0
0.009970489741112106
0.007983615421789837
0.0
0.0
0.0
0.0
0.0
0.0
0.0
0.0
0.0
0.0
0.003323496580370702
0.04804334243798072
0.0
0.0
0.0
0.0
0.0
0.017660167630022906
0.0
0.0
0.0
0.0
0.0
0.0
0.0
0.007983615421789837
0.0
0.0
0.0
0.0
0.0
0.0
0.0
0.0
0.04433168908988038
0.0
0.011004341829555734
0.0
0.3963575751133409
0.0
0.0
0.0
0.003323496580370702
0.0041937857568977365
0.008743886039190274
0.0
0.02216584454494019
0.0
0.0
0.0
0.0
0.0
0.0
0.0
0.0
0.0
0.0
0.0
0.0
0.0484915680441642
0.0
0.0
0.0
0.0
0.0
0.0
0.0
0.0
0.0
0.0
0.0
0.0
0.0
0.0
0.003323496580370702
0.0
0.0
0.0
0.0
0.0
0.0
0.0
0.0
0.0
0.0
0.0
0.0
0.0
0.0
0.024134765239121954
0.0
0.010840778917639142
0.0
0.0
0.0
0.0
0.0
0.0
0.0
0.0
0.0
0.0
0.0
0.0
0.0
0.0
0.0
0.0
0.0
0.0
0.009614175215717308
0.0
0.0072540575246013905
0.0
0.02516271454138642
0.0
0.0
0.0
0.0
0.0041937857568977365
0.0
0.0
0.0
0.0
0.0
0.0
0.0
0.0
0.0
0.0
0.0
0.0
0.0
0.0
0.0
0.0
0.0
0.0
0.0
0.0
0.0
0.0
0.0
0.0
0.0
0.0
0.0
0.0
0.0
0.0
0.0
0.0
0.0
0.0
0.0
0.0
0.0
0.0
0.0
0.0
0.009614175215717308
0.006290678635346605
0.0
0.0
0.0
0.0
0.0
0.0
0.0
0.0
0.0
0.0
0.0
0.0
0.010484464392244344
0.0
0.0
0.0
0.0
0.0
0.0
0.0
0.0
0.0
0.0
0.0
0.0
0.0
0.0
0.005420389458819571
0.0
0.0
0.0
0.0
0.0
0.0
0.0
0.0
0.0
0.0
0.0
0.0
0.0
0.0
0.020968928784488687
0.005420389458819571
0.0
0.0
0.0
0.0
0.0
0.0
0.0
0.0
0.0
0.0
0.0
0.0
0.0
0.0
0.0
0.0
0.0
0.0
0.0
0.0
0.0
0.0
0.0
0.006965727364888527
0.0
0.0
0.011082922272470095
0.0
0.0
0.0
0.0
0.0
0.0
0.0
0.023906422897994266
0.0
0.0
0.0
0.004868834486439659
0.0
0.0
0.0
0.0
0.0
0.0
0.0
0.0
0.0
0.0
0.0
0.0
0.0
0.0
0.0
0.0
0.0
0.0
0.0
0.179298171734957
0.0
0.0
0.0
0.0
0.0
0.0
0.0
0.0
0.0
0.04336311567055657
0.0
0.0
0.0
0.0
0.0
0.0
0.0
0.02184733132599767
0.0
0.0
0.0
0.0
0.0
0.0
0.0
0.0
0.0
0.0
0.0
0.0
0.0
0.0
0.0
0.0
0.009210219123711672
0.0
0.0
0.0
0.0
0.0
0.006290678635346605
0.0
0.008387571513795473
0.0
0.0
0.0
0.0
0.0
0.0
0.0
0.0
0.0
0.0
0.010755557029780628
0.0
0.0
0.0
0.0
0.0
0.0
0.0
0.0
0.0
0.0
0.0
0.0
0.0
0.0
0.0
0.0
0.0
0.0
0.0
0.0
0.0
0.0
0.0
0.0
0.0
0.0
0.0
0.0
0.0
0.0
0.0
0.10959661060818816
0.007759425692099394
0.0
0.0
0.0
0.0
0.0
0.0
0.0
0.0
0.0
0.0
0.05976605724498566
0.0
0.0
0.0
0.0
0.0
0.0
0.0
0.0
0.0
0.0
0.0
0.04336311567055657
0.0
0.0
0.0
0.0
0.06554199397799301
0.0
0.0
0.010755557029780628
0.0
0.0
0.0
0.0
0.0
0.009737668972879318
0.0
0.0
0.04522844800864216
0.0
0.0
0.004868834486439659
0.0
0.0
0.0
0.0
0.0
0.0
0.0
0.0
0.0
0.0
0.003323496580370702
0.0
0.010667864601191084
0.0
0.0
0.0
0.0
0.0
0.0
0.0
0.0
0.0
0.0
0.0
0.0
0.0
0.0
0.0
0.0
0.0
0.0
0.0
0.0
0.0
0.0
0.0
0.0
0.0
0.0
0.0
0.03200359380357325
0.01130711200216054
0.0
0.020968928784488687
0.0
0.0
0.0
0.0
0.0
0.0
0.0
0.0
0.0
0.0
0.0
0.0
0.0
0.0
0.0
0.0
0.0
0.0
0.0
0.0
0.0
0.0
0.0
0.0
0.0
0.0
0.0
0.0
0.0
0.0
0.0
0.0
0.0
0.0
0.0
0.00751728233726844
0.0
0.0
0.0
0.0
0.0
0.0
0.0
0.0
0.0
0.0
0.0
0.0
0.0
0.0
0.0
0.0
0.0
0.0
0.0
0.0
0.0
0.0
0.0
0.0
0.0
0.0
0.0
0.0
0.0
0.0
0.0
0.010186665752322953
0.0
0.0
0.0
0.0
0.0
0.0
0.0
0.0
0.0
0.0
0.0
0.0
0.0
0.0
0.0
0.0
0.0
0.0
0.0
0.0
0.0
0.011582317729327054
0.0
0.0
0.0
0.0
0.0
0.0
0.0
0.0
0.0
0.0
0.0
0.0
0.0
0.0
0.0
0.0
0.0
0.0
0.02366912370265637
0.0
0.0
0.0
0.0
0.0
0.0
0.0
0.0
0.0
0.0
0.0
0.0
0.0
0.0
0.0
0.0
0.0
0.0
0.0
0.0
0.0
0.0
0.0
0.0
0.0
0.0
0.0
0.0
0.0
0.0
0.0
0.0
0.0
0.0
0.0
0.008192331066810362
0.0
0.0
0.0
0.0
0.0
0.0
0.0
0.010840778917639142
0.0
0.0
0.0
0.0
0.0
0.0
0.0
0.0
0.0072540575246013905
0.14612881414425088
0.0
0.0
0.0
0.0
0.0
0.0
0.0
0.0
0.0
0.005886722543340969
0.0
0.0
0.0
0.0
0.0
0.0
0.0
0.0
0.0
0.0
0.0
0.0
0.0
0.0
0.0
0.0
0.0
0.0
0.0
0.142733619637355
0.0
0.0
0.0
0.0
0.0
0.0
0.0
0.0
0.0
0.0
0.0
0.0
0.0
0.0
0.0
0.0
0.0
0.0
0.0
0.0
0.0
0.0
0.0
0.0
0.0
0.0
0.0
0.0
0.0
0.0
0.0
0.0484915680441642
0.022319026243572532
0.0
0.0
0.0
0.0
0.0
0.0
0.0
0.0
0.0
0.03454748294154319
0.0
0.0
0.0
0.0020968928784488683
0.0
0.0
0.0
0.0
0.0
0.0
0.0
0.0
0.0
0.0
0.0
0.0
0.0072540575246013905
0.0
0.0
0.0
0.0
0.0
0.0
0.0
0.0
0.0
0.0
0.0
0.0
0.0
0.0
0.009485424850878185
0.0
0.0
0.0
0.0
0.0
0.0
0.0
0.0
0.0
0.0
0.0
0.0
0.0
0.0
0.0
0.0
0.0
0.0
0.007983615421789837
0.0
0.0
0.0
0.0
0.0
0.0
0.0
0.0
0.0
0.0
0.0
0.0
0.0
0.0
0.0
0.0
0.0
0.0
0.0
0.0
0.0
0.0
0.0
0.0041937857568977365
0.0
0.0
0.0
0.0
0.0
0.0
0.0
0.011647377805794317
0.0
0.0
0.0
0.0
0.0
0.0
0.0
0.0
0.0
0.0
0.0
0.0
0.0
0.0
0.0
0.0
0.0
0.0
0.0
0.0
0.0072540575246013905
0.0
0.0
0.0
0.008387571513795473
0.008743886039190274
0.008907448951106865
0.0
0.0
0.0
0.02184733132599767
0.0
0.007759425692099394
0.0
0.0
0.0
0.0
0.0
0.0
0.0
0.0
0.0
0.0
0.0
0.0
0.0
0.0
0.0
0.023422136188332353
0.0
0.005886722543340969
0.0
0.0
0.0
0.0
0.0
0.0
0.0
0.0
0.0
0.0
0.0
0.0
0.0
0.006646993160741404
0.0
0.0
0.0
0.021335729202382168
0.009062620243337396
0.023546890173363876
0.0
0.0
0.0
0.009856318570548262
0.0
0.0
0.0
0.03620214785868293
0.0
0.0
0.0
0.0
0.0
0.0
0.0
0.0
0.0
0.0
0.0
0.0
0.0
0.0
0.0
0.0
0.0
0.0
0.0
0.0
0.0
0.0
0.0
0.010289223945259229
0.0
0.019940979482224213
0.019712637141096525
0.0
0.0
0.0
0.0
0.0
0.0
0.015518851384198788
0.0
0.0
0.0
0.0
0.0
0.0
0.0
0.0
0.0
0.0
0.0
0.03474695318798116
0.0
0.0
0.0
0.0
0.0
0.0
0.0
0.0
0.010186665752322953
0.0
0.0
0.0
0.0
0.02216584454494019
0.0
0.0
0.0
0.0
0.0
0.0
0.0
0.0
0.0
0.0
0.0
0.009614175215717308
0.020578447890518457
0.0
0.0041937857568977365
0.0
0.0
0.0
0.0
0.0
0.0
0.0
0.0
0.0
0.0
0.0
0.0
0.0
0.0
0.0
0.0
0.022895686562998258
0.0
0.0
0.0
0.0
0.0
0.0
0.0
0.0
0.0
0.0
0.0
0.026587972642965616
0.0
0.0
0.0
0.0
0.0
0.09653906095648782
0.0207768379233758
0.0
0.0
0.0
0.009485424850878185
0.0
0.0
0.0
0.0
0.0
0.0
0.0
0.0
0.0
0.0
0.0
0.0
0.0
0.0
0.0
0.0
0.0
0.0
0.0103884189616879
0.0
0.0
0.0
0.0
0.0
0.0
0.0
0.0
0.0
0.0
0.0
0.0
0.0
0.0
0.0
0.0
0.0
0.0
0.0
0.0
0.0
0.0
0.0
0.011082922272470095
0.014508115049202781
0.0
0.0
0.0
0.0
0.0
0.0
0.0
0.0
0.0
0.0
0.0
0.0
0.0
0.0
0.0
0.0
0.0
0.0
0.011647377805794317
0.0
0.023031655294362127
0.0
0.006646993160741404
0.0
0.0
0.0
0.0
0.0
0.0
0.0
0.0
0.0
0.0
0.0
0.0
0.0
0.0
0.010186665752322953
0.0
0.007983615421789837
0.0
0.0
0.0
0.0
0.0
0.010923665662998835
0.0
0.0
0.0
0.0
0.0
0.0
0.0
0.0
0.0
0.0
0.0
0.0
0.0
0.0
0.0
0.0
0.0
0.0
0.0
0.0
0.0
0.0
0.0
0.0
0.0
0.0
0.0
0.0
0.0
0.0
0.032770996988996506
0.0
0.0
0.0
0.0
0.0
0.0
0.0
0.0
0.0
0.011159513121786266
0.0
0.0
0.0
0.0
0.05947234151556458
0.0
0.0
0.0
0.0
0.0
0.0
0.0
0.0
0.0
0.0
0.0
0.0
0.0
0.0
0.0
0.0
0.0
0.0
0.0
0.0
0.0
0.0
0.0
0.0
0.0
0.0
0.0
0.0
0.0
0.007983615421789837
0.0
0.0
0.0
0.0
0.0
0.0
0.0
0.0
0.0
0.0
0.0
0.0
0.0
0.0
0.0
0.0
0.008192331066810362
0.0
0.0
0.0
0.0
0.0
0.0
0.0
0.0
0.008192331066810362
0.0
0.0020968928784488683
0.0
0.0
0.0
0.0
0.0
0.012067382619560977
0.0
0.0
0.0
0.0
0.0
0.023031655294362127
0.0
0.0
0.0
0.0
0.0
0.0
0.0
0.0
0.0
0.0
0.007759425692099394
0.0
0.009210219123711672
0.0
0.0
0.0
0.0
0.0
0.011082922272470095
0.0
0.0
0.0
0.0
0.0
0.0
0.0
0.0
0.006965727364888527
0.0
0.0
0.0
0.0
0.0
0.01123421264440312
0.03636867603312315
0.0
0.005420389458819571
0.0
0.0
0.03200359380357325
0.0
0.008387571513795473
0.0
0.0
0.0
0.0
0.0
0.0
0.0
0.011953211448997133
0.011082922272470095
0.0
0.0
0.0
0.0
0.0
0.0
0.0
0.0
0.0
0.0
0.0
0.0
0.0
0.0
0.0
0.021335729202382168
0.0
0.0
0.0
0.0
0.0
0.011582317729327054
0.0
0.0
0.0
0.0
0.0
0.0
0.0
0.0
0.0
0.0
0.0
0.0
0.0
0.0
0.0
0.0
0.0
0.0
0.0
0.0
0.0
0.0
0.011711068094166176
0.0
0.023906422897994266
0.0
0.0
0.0
0.0
0.0
0.0
0.0
0.0
0.0
0.0
0.0
0.0
0.0
0.0
0.0
0.0
0.0
0.0
0.0
0.0
0.0
0.0
0.0
0.0
0.0
0.0
0.0
0.0
0.0
0.0
0.0
0.0
0.0
0.0
0.0
0.048709604714750304
0.0
0.0
0.0
0.0
0.0
0.02246842528880624
0.0
0.011894468303112917
0.0
0.0
0.0
0.0
0.0
0.0
0.0
0.0
0.0
0.0
0.0
0.0
0.009062620243337396
0.03392133600648162
0.02184733132599767
0.0
0.0
0.0
0.0
0.0
0.0
0.0
0.0
0.0
0.0
0.0
0.0
0.0
0.0
0.0
0.0
0.0
0.0
0.0
0.0
0.0
0.0
0.0
0.0
0.0
0.0
0.0
0.0
0.0
0.008907448951106865
0.0
0.0
0.0
0.0
0.009970489741112106
0.0
0.0
0.0
0.0
0.0
0.0
0.0
0.0
0.0
0.0
0.0
0.0
0.0
0.0
0.020578447890518457
0.0
0.0
0.0
0.0
0.0
0.0
0.0
0.06088700589343788
0.0
0.0
0.02402167121899036
0.0
0.0
0.05420389458819571
0.0
0.0
0.0
0.0
0.0
0.0
0.0
0.0041937857568977365
0.0
0.0
0.0
0.0
0.005886722543340969
0.0
0.0
0.0
0.0
0.0
0.0
0.0
0.0
0.0
0.0
0.0
0.0
0.04804334243798072
0.0
0.0
0.0103884189616879
0.0
0.0
0.010577554104972093
0.0
0.0
0.0
0.0
0.0
0.0
0.0
0.0
0.011894468303112917
0.0
0.0
0.0
0.0
0.0
0.29225762828850177
0.0
0.0
0.0
0.0
0.060336913097804874
0.0
0.0
0.0
0.0
0.0
0.0
0.006646993160741404
0.0
0.0
0.0
0.0
0.0
0.0
0.0
0.0
0.0041937857568977365
0.0
0.0
0.0
0.0
0.0
0.0
0.023546890173363876
0.0
0.0
0.0
0.0
0.0041937857568977365
0.0
0.0
0.0
0.0
0.0
0.0
0.0
0.0
0.0
0.0
0.0
0.0
0.0
0.0
0.0
0.0
0.0
0.0
0.0
0.0
0.0
0.0
0.020968928784488687
0.0
0.0
0.0
0.0
0.0
0.0
0.0
0.0
0.0
0.0
0.0
0.0
0.0
0.0
0.0
0.0
0.0
0.0
0.0
0.0
0.0
0.0
0.0
0.0
0.0
0.0
0.0
0.0
0.0
0.0
0.0
0.0
0.0
0.0
0.0
0.0
0.0
0.009485424850878185
0.0
0.0
0.0
0.011378295920712928
0.0
0.0
0.0
0.0
0.0
0.0
0.0
0.0
0.0
0.0
0.0
0.0
0.0
0.0
0.0
0.0
0.0
0.0
0.0
0.007983615421789837
0.0
0.0
0.0
0.0
0.0
0.0
0.006290678635346605
0.0
0.009485424850878185
0.0
0.0
0.0
0.0
0.0
0.0
0.0
0.0
0.0
0.0
0.0
0.0
0.0
0.0
0.0
0.0
0.0
0.0
0.0
0.0
0.0
0.0
0.0
0.0
0.0
0.0
0.10959661060818816
0.0
0.021335729202382168
0.0
0.0
0.0
0.0
0.0
0.004868834486439659
0.0
0.007759425692099394
0.0
0.0
0.0
0.0
0.0
0.0
0.0
0.0
0.0
0.0
0.0
0.0
0.010186665752322953
0.0
0.0
0.0
0.0
0.0
0.0
0.0
0.0
0.0
0.0
0.0
0.0
0.0
0.0
0.0
0.0
0.0
0.0
0.0
0.0
0.0
0.010080508300238706
0.0
0.0
0.0
0.0
0.0
0.0
0.0
0.0
0.0
0.0
0.0
0.0
0.0
0.0
0.0
0.0
0.0
0.0
0.0
0.0
0.0
0.0
0.0
0.0
0.0
0.0
0.07026640856499707
0.0
0.0
0.0
0.0
0.0
0.0
0.0
0.0
0.0
0.0
0.0
0.0
0.0
0.0
0.0
0.0
0.0
0.0
0.0
0.0
0.0
0.0
0.0
0.0
0.0
0.0
0.0
0.0
0.0
0.0
0.009350950403050258
0.0
0.0
0.0
0.003323496580370702
0.0
0.009614175215717308
0.0
0.0
0.0
0.0
0.01123421264440312
0.0
0.010840778917639142
0.0
0.0
0.0
0.0
0.0
0.0
0.0
0.0
0.0
0.0
0.0
0.0
0.0
0.0041937857568977365
0.0
0.01503456467453688
0.0
0.0
0.0
0.0
0.0
0.0
0.0
0.0
0.0
0.0
0.0
0.0
0.0
0.0
0.0
0.0
0.021681557835278285
0.0
0.0
0.008387571513795473
0.0
0.0
0.0
0.0
0.0
0.0
0.0
0.0
0.0
0.0
0.0
0.0
0.0
0.0
0.0
0.0
0.0
0.0
0.0
0.0
0.0
0.0
0.0
0.0
0.0
0.0
0.0
0.0
0.0
0.0
0.0
0.0
0.0
0.0
0.0
0.0
0.0
0.0
0.0
0.0
0.0
0.0
0.0
0.0
0.0
0.0
0.0
0.0717192686939828
0.0
0.0
0.0
0.0
0.0
0.0
0.0
0.0
0.0
0.0
0.0
0.0
0.0
0.0
0.0
0.0
0.0
0.0
0.005886722543340969
0.0
0.0
0.0
0.0
0.0
0.0
0.0
0.0
0.0
0.0
0.0
0.0
0.0
0.005886722543340969
0.0
0.0
0.0
0.010186665752322953
0.0
0.006290678635346605
0.0
0.0
0.0
0.0
0.0
0.0
0.0
0.0
0.0
0.007759425692099394
0.0
0.0
0.0
0.0
0.0
0.0
0.0
0.0
0.0
0.0
0.0
0.0
0.0
0.0
0.0
0.0
0.0
0.0
0.0
0.0
0.0
0.0
0.0
0.0
0.0
0.0
0.0
0.0
0.0
0.0
0.0
0.0
0.0
0.0
0.0
0.0
0.0
0.0
0.0
0.0
0.0
0.0
0.0
0.0
0.0
0.0
0.0
0.003323496580370702
0.0
0.0
0.0
0.0
0.0
0.0
0.0
0.011082922272470095
0.0
0.0
0.0
0.0
0.0
0.0
0.0
0.0
0.0
0.0
0.0
0.0
0.0
0.0
0.0103884189616879
0.0
0.0
0.0
0.0
0.0
0.0
0.02216584454494019
0.0
0.0
0.0
0.0
0.0
0.0
0.0
0.0
0.0
0.0
0.0
0.0
0.0
0.0
0.0
0.0
0.0
0.0
0.0
0.0
0.0
0.0
0.0
0.0
0.0
0.0
0.006646993160741404
0.01201083560949518
0.0
0.0
0.0
0.0
0.0
0.0
0.0
0.0
0.0
0.0
0.0
0.0
0.0
0.0
0.0
0.0
0.0
0.0
0.0
0.0
0.0
0.0
0.0
0.0
0.0
0.0
0.0
0.0
0.0
0.0
0.0
0.011004341829555734
0.005886722543340969
0.0
0.0
0.0
0.0
0.0
0.0
0.003323496580370702
0.025712915168226644
0.0
0.0
0.0
0.0
0.0
0.009062620243337396
0.0
0.0
0.0
0.0
0.0
0.0
0.0
0.0
0.0
0.0
0.0
0.0
0.0
0.0
0.0
0.0
0.003323496580370702
0.004868834486439659
0.0
0.0
0.0
0.0
0.0
0.0
0.0
0.0
0.04522844800864216
0.0
0.0
0.0
0.0
0.0
0.0
0.0
0.01812524048667479
0.010577554104972093
0.0
0.0
0.0
0.0
0.0
0.0
0.0
0.0
0.0
0.0
0.0
0.0
0.0
0.02246842528880624
0.0
0.0
0.0
0.0
0.0
0.0
0.0
0.0
0.0
0.0
0.0
0.0
0.0
0.0
0.0
0.0
0.0
0.0
0.0
0.0
0.0
0.0
0.0
0.0
0.009062620243337396
0.0
0.0
0.0
0.007759425692099394
0.0
0.0
0.0
0.0
0.0
0.0
0.0
0.0
0.0
0.01812524048667479
0.0
0.0
0.0
0.00751728233726844
0.0
0.0
0.0
0.0
0.0
0.010667864601191084
0.0
0.0
0.0103884189616879
0.0
0.0
0.0
0.0
0.0
0.0
0.0
0.0
0.0
0.0
0.0
0.0
0.0
0.0
0.0
0.0
0.0
0.0
0.0
0.03324876681741029
0.0
0.0
0.0
0.0
0.0
0.0
0.0
0.0
0.0
0.0
0.0
0.0
0.0
0.0
0.0
0.0
0.0
0.0
0.006965727364888527
0.009350950403050258
0.0
0.0
0.0
0.0
0.0
0.0
0.0
0.0
0.0
0.0
0.008192331066810362
0.0
0.0
0.0
0.0
0.0
0.0
0.0
0.0
0.0
0.012067382619560977
0.0
0.010755557029780628
0.0
0.0
0.0
0.0
0.0
0.0
0.0
0.0
0.0
0.0
0.018420438247423343
0.0
0.0
0.0
0.0
0.0
0.0
0.0
0.0
0.0
0.0
0.0
0.0
0.0
0.0
0.0
0.0
0.0
0.0
0.021155108209944186
0.0
0.0
0.0
0.0
0.032266671089341885
0.0
0.0
0.0
0.0
0.0
0.0
0.006290678635346605
0.0
0.0
0.0
0.0
0.0
0.0
0.0
0.0
0.0
0.0
0.0
0.0
0.0
0.0
0.0
0.0
0.0
0.0
0.0
0.0
0.0
0.0
0.0
0.0
0.0
0.0
0.0
0.0
0.0
0.0
0.0
0.0
0.0
0.0
0.0
0.0
0.0
0.0
0.0
0.0
0.0
0.0
0.0
0.0
0.0
0.0
0.0
0.0
0.0
0.0
0.008387571513795473
0.0
0.0
0.0
0.0
0.0
0.0
0.0
0.009062620243337396
0.0
0.0
0.0
0.0
0.0
0.0
0.0
0.0
0.0
0.0
0.0
0.0
0.0
0.0
0.0
0.0
0.0
0.0
0.0
0.0
0.0
0.0
0.0
0.0
0.0
0.0
0.0
0.0
0.0
0.0
0.0
0.0
0.0
0.0
0.005886722543340969
0.0
0.0
0.0
0.0
0.0
0.0
0.0
0.0103884189616879
0.0
0.0
0.0
0.0
0.0
0.0
0.0
0.0
0.0
0.0
0.020373331504645906
0.0
0.011711068094166176
0.00751728233726844
0.0
0.0
0.0
0.0
0.0
0.0
0.006965727364888527
0.0
0.0
0.0
0.0
0.0
0.0
0.0
0.018701900806100517
0.0
0.0
0.0
0.0
0.0
0.0
0.0
0.0
0.0
0.0
0.0
0.0
0.0
0.0
0.0
0.008387571513795473
0.0
0.0
0.0
0.0
0.0
0.008743886039190274
0.0
0.0
0.0
0.0
0.0
0.0
0.0
0.0
0.0
0.0
0.0
0.0
0.0
0.0
0.0
0.0
0.0
0.0
0.0
0.0
0.0
0.0103884189616879
0.0
0.0
0.0
0.0
0.0
0.0
0.0
0.0
0.0
0.13395141296556332
0.0
0.003323496580370702
0.0
0.0
0.0
0.0
0.0
0.0
0.0
0.0
0.0
0.011711068094166176
0.0
0.0
0.0
0.0
0.0
0.010923665662998835
0.0
0.0
0.0
0.0
0.0
0.0
0.010186665752322953
0.0
0.0
0.0
0.0
0.0
0.0
0.0
0.0
0.0
0.0
0.0
0.0
0.0
0.0
0.0
0.0
0.011004341829555734
0.0
0.007983615421789837
0.0
0.023294755611588634
0.0
0.0
0.0
0.0
0.0
0.0
0.0
0.0
0.0
0.0
0.0
0.0
0.0
0.0
0.0
0.0
0.023294755611588634
0.0
0.0
0.0
0.0
0.0
0.0
0.0
0.0
0.0
0.0
0.0
0.0
0.0
0.0
0.0
0.0
0.0
0.0
0.0
0.0
0.0
0.0
0.0
0.0
0.0
0.0
0.0
0.02016101660047741
0.0
0.01130711200216054
0.0
0.005420389458819571
0.0
0.009970489741112106
0.0
0.0
0.0
0.0
0.0
0.0
0.0
0.0
0.0
0.0
0.0
0.0
0.0
0.010923665662998835
0.0
0.0
0.0
0.0
0.0
0.0
0.0
0.0
0.0
0.0
0.0
0.0
0.0
0.0
0.0
0.0
0.0
0.0
0.0
0.0
0.0
0.0
0.0
0.0
0.0
0.0
0.0
0.0
0.0
0.0
0.003323496580370702
0.0
0.0
0.0
0.0
0.009856318570548262
0.0
0.0
0.0
0.0
0.0
0.0
0.0
0.0
0.0
0.0
0.0
0.0
0.0
0.0
0.0
0.0
0.0
0.0
0.0
0.0
0.0
0.0
0.0
0.0
0.0
0.0
0.0
0.0
0.0
0.0
0.0
0.0
0.0
0.0
0.0
0.0727373520662463
0.0
0.0
0.0
0.0
0.0
0.0
0.0
0.006965727364888527
0.0
0.0
0.0
0.0
0.0
0.0
0.0
0.007759425692099394
0.0
0.009350950403050258
0.0
0.0
0.0
0.0
0.022008683659111468
0.0
0.0
0.0
0.0
0.0
0.0
0.0
0.0
0.0
0.0
0.0
0.008387571513795473
0.0
0.0
0.0
0.0
0.0
0.008387571513795473
0.0
0.0
0.0
0.0
0.0
0.0
0.0
0.0
0.0
0.0
0.008743886039190274
0.0
0.0
0.0
0.0
0.0
0.0
0.0
0.0
0.0
0.0
0.0
0.0
0.0
0.0
0.0
0.046844272376664706
0.0
0.0
0.0
0.0
0.0
0.0
0.0
0.0
0.0
0.0
0.008743886039190274
0.0
0.005886722543340969
0.0
0.0
0.0
0.0
0.0
0.0
0.0
0.0
0.0
0.0072540575246013905
0.0
0.0
0.0
0.0
0.0
0.0
0.0
0.0
0.0
0.0
0.0
0.0
0.0
0.0
0.0
0.0
0.0
0.0
0.0
0.0
0.0
0.0
0.0
0.0
0.0
0.0
0.0
0.0
0.0
0.0
0.0
0.0
0.0
0.0
0.0
0.0
0.0
0.0
0.0242457840220821
0.0
0.0
0.0
0.0
0.0
0.0
0.0
0.0
0.0
0.0
0.0
0.0
0.0
0.0
0.0
0.0
0.005420389458819571
0.0
0.0
0.023164635458654107
0.0
0.0
0.0
0.0
0.0
0.0
0.0
0.0
0.0
0.0
0.0
0.0
0.0
0.0
0.0
0.0
0.0
0.0
0.0
0.0
0.0
0.0
0.0
0.0
0.0
0.0
0.0
0.0
0.0
0.0
0.0
0.009062620243337396
0.0041937857568977365
0.0
0.0
0.0
0.0
0.0
0.0
0.0
0.0
0.0
0.0
0.0
0.009737668972879318
0.0
0.0
0.0
0.0
0.0
0.0
0.0
0.0
0.0
0.0
0.0
0.0
0.0
0.0
0.0
0.0
0.0
0.0
0.0
0.0
0.0
0.0
0.0
0.0
0.0
0.0
0.0
0.0
0.0
0.0
0.0
0.0
0.0
0.0
0.0
0.0
0.0
0.0
0.0
0.0
0.0
0.0
0.0
0.0
0.005886722543340969
0.0
0.0
0.0
0.0
0.0
0.0
0.0
0.0
0.031453393176733034
0.010484464392244344
0.009062620243337396
0.0
0.0
0.0
0.0
0.0969831360883284
0.0
0.0
0.0
0.0
0.0
0.0
0.0
0.0
0.0
0.0
0.0
0.0
0.0
0.0
0.0
0.0
0.0
0.0
0.0
0.0
0.0
0.0
0.0
0.0
0.0
0.0
0.0
0.0
0.0
0.0
0.0
0.0
0.04606331058872425
0.0
0.0
0.0
0.0
0.0
0.0
0.0
0.0
0.0
0.0
0.0
0.0
0.0
0.0
0.0
0.0
0.0
0.0
0.0
0.0
0.0
0.0
0.007983615421789837
0.0
0.0
0.0
0.0
0.0
0.0
0.0
0.022319026243572532
0.0
0.0
0.0
0.0
0.0
0.0
0.0
0.0
0.0
0.0
0.0
0.0
0.0
0.0
0.0
0.0
0.0
0.0
0.0
0.0
0.0
0.0
0.0
0.0
0.009614175215717308
0.0
0.0
0.0
0.0
0.0
0.0
0.0
0.0
0.0
0.0
0.0
0.0
0.0
0.0
0.0
0.0
0.009614175215717308
0.0
0.0
0.0
0.006965727364888527
0.0
0.009614175215717308
0.0
0.0
0.0
0.0
0.0
0.0
0.008192331066810362
0.0
0.0
0.0
0.0
0.0
0.0
0.0
0.0
0.0
0.0
0.0
0.0
0.0
0.03532033526004581
0.009485424850878185
0.0
0.0
0.0
0.0
0.003323496580370702
0.0
0.0
0.009970489741112106
0.009062620243337396
0.0
0.0
0.0
0.0
0.006646993160741404
0.0
0.0
0.0
0.0
0.0
0.0
0.0
0.0
0.0
0.0
0.0
0.0
0.0
0.0
0.0
0.0
0.0
0.0
0.0
0.0
0.0
0.0
0.0
0.0
0.0
0.0
0.0
0.0
0.0
0.0
0.0
0.0
0.0
0.0
0.0
0.0
0.0
0.0
0.0
0.0
0.0
0.04804334243798072
0.0
0.0
0.0
0.0
0.0
0.023788936606225834
0.0
0.0
0.0
0.0
0.0
0.0
0.0
0.0
0.0
0.0
0.006965727364888527
0.0
0.0
0.0
0.0
0.0
0.0
0.0
0.0
0.0
0.0
0.0041937857568977365
0.0
0.0
0.10364244882462956
0.0
0.0
0.0
0.0
0.0
0.0
0.0
0.0
0.0
0.0
0.0
0.0
0.0
0.0
0.0
0.0
0.0
0.0
0.0
0.0
0.0
0.0
0.0
0.0
0.0
0.0
0.0
0.0
0.0
0.0
0.0
0.0
0.0
0.0
0.0
0.0
0.0
0.0
0.0
0.0
0.038950675891517274
0.0
0.0
0.0
0.0
0.0
0.0
0.011159513121786266
0.010484464392244344
0.0
0.0
0.0
0.0
0.0
0.0
0.006290678635346605
0.0
0.011953211448997133
0.011711068094166176
0.0
0.0
0.0
0.12177401178687576
0.0
0.008570971722742215
0.0242457840220821
0.0
0.024134765239121954
0.0
0.008570971722742215
0.011515827647181063
0.0
0.0
0.0
0.0
0.0
0.0
0.023294755611588634
0.0
0.0
0.0
0.0
0.0
0.0
0.18266101768031365
0.0
0.02402167121899036
0.0
0.0
0.010923665662998835
0.0
0.0
0.0
0.0
0.0
0.0
0.010923665662998835
0.0
0.0
0.0
0.0
0.0
0.011711068094166176
0.0
0.0
0.0
0.0
0.0
0.0
0.0
0.0
0.0
0.0
0.0
0.0
0.0484915680441642
0.0
0.0
0.0
0.0
0.0
0.0
0.0
0.0
0.0
0.0
0.04757787321245167
0.0
0.0
0.0
0.0
0.0
0.0
0.0
0.0
0.0
0.0
0.0
0.0
0.0
0.0
0.0
0.009350950403050258
0.0
0.0
0.0
0.0
0.0
0.0
0.0
0.0
0.0
0.0
0.0
0.0
0.0
0.01812524048667479
0.0
0.0
0.0
0.0
0.0
0.0
0.0
0.0
0.0
0.0
0.0
0.0
0.0
0.0
0.0
0.0
0.0
0.0
0.09265854183461643
0.0
0.0
0.0
0.0
0.0
0.0
0.0
0.0
0.0
0.0
0.0
0.0
0.0
0.0
0.0
0.0
0.0
0.0
0.0
0.0
0.0
0.0
0.0
0.0
0.0
0.0
0.0
0.0
0.0
0.0
0.0
0.0
0.0
0.0
0.0
0.0
0.0
0.0
0.0
0.0
0.006290678635346605
0.0
0.009062620243337396
0.0
0.0
0.0
0.0
0.0
0.0
0.0
0.0
0.020373331504645906
0.0
0.0
0.0
0.0
0.0
0.0
0.0
0.0
0.0
0.0
0.009485424850878185
0.0
0.06988426683476591
0.0
0.0
0.0
0.0
0.0
0.0
0.0
0.0
0.004868834486439659
0.0
0.007983615421789837
0.0
0.0
0.0
0.0
0.010289223945259229
0.0
0.0
0.0
0.0
0.0
0.0
0.0
0.0
0.0
0.0
0.0
0.0
0.0
0.0
0.0484915680441642
0.0
0.0
0.0
0.0
0.0
0.0
0.0
0.0
0.0
0.0
0.0
0.0
0.0
0.0
0.0
0.0020968928784488683
0.0
0.0
0.0
0.0
0.0
0.08241411560677356
0.0
0.0
0.0
0.0
0.0
0.0
0.0
0.0
0.0
0.0
0.0
0.0
0.0
0.0
0.0
0.0
0.0
0.0
0.0
0.0
0.0
0.0
0.0
0.0
0.0
0.0
0.0
0.0
0.0
0.0
0.0
0.0
0.0
0.0
0.0
0.0
0.0
0.03568340490933875
0.0
0.0
0.0
0.0
0.0
0.0
0.0
0.0
0.0
0.0
0.0
0.0
0.0
0.005420389458819571
0.0
0.0
0.0
0.0
0.0
0.009737668972879318
0.0
0.0
0.0
0.0
0.0
0.0
0.0
0.0
0.0
0.0
0.0
0.0
0.0
0.0
0.0
0.0
0.0
0.0
0.0
0.0
0.0
0.0
0.009856318570548262
0.0
0.0
0.0
0.0
0.0
0.0
0.0
0.0
0.0
0.0
0.0
0.009856318570548262
0.0
0.0
0.0
0.0
0.0
0.0
0.0
0.0
0.0
0.0
0.0
0.0
0.0
0.0
0.0
0.0
0.0
0.0
0.0
0.0
0.0
0.0
0.0
0.0
0.0
0.0
0.0
0.0
0.02261422400432108
0.0
0.0
0.0
0.0
0.0
0.0
0.007983615421789837
0.0
0.0
0.0
0.01130711200216054
0.0
0.008570971722742215
0.0
0.0
0.0
0.0
0.0
0.0
0.0
0.0
0.006965727364888527
0.0
0.0
0.0
0.0
0.009485424850878185
0.0
0.0
0.0
0.0
0.0
0.0
0.0
0.0
0.0
0.0
0.0
0.0
0.0103884189616879
0.0
0.0
0.0
0.0
0.0
0.0
0.0
0.0
0.0
0.0
0.0
0.0
0.0
0.0
0.0
0.0
0.0
0.0
0.0
0.0
0.0
0.0
0.0
0.0
0.01130711200216054
0.0
0.010289223945259229
0.0
0.0
0.0
0.0
0.0358596343469914
0.0
0.0
0.0
0.0
0.0
0.0
0.0
0.0
0.0
0.0
0.0
0.0
0.0
0.0
0.022319026243572532
0.0
0.024134765239121954
0.0
0.0
0.010080508300238706
0.0
0.0
0.0
0.0
0.0
0.0
0.0
0.0
0.0
0.0
0.0
0.0
0.0
0.0
0.0
0.011159513121786266
0.0
0.0
0.0
0.0
0.0
0.0
0.0
0.0
0.0
0.0
0.0
0.0
0.0
0.0
0.0
0.0
0.0
0.023294755611588634
0.0
0.0
0.0
0.0
0.0
0.0
0.0
0.0
0.0
0.009614175215717308
0.0
0.0
0.0
0.0
0.0
0.0
0.0
0.0
0.0
0.0
0.0
0.006965727364888527
0.0
0.008907448951106865
0.0
0.0
0.0
0.0
0.0
0.0
0.036032506828485536
0.0
0.0
0.011834561851328185
0.0
0.0
0.0
0.0
0.0
0.0
0.0
0.0
0.010840778917639142
0.0
0.08524180825081303
0.0
0.0
0.0
0.0
0.0
0.017487772078380547
0.0
0.0
0.0
0.0
0.0
0.0
0.0
0.0
0.0
0.0
0.0
0.0
0.32878983182456456
0.0
0.0
0.0
0.0
0.0
0.04433168908988038
0.0
0.0
0.0
0.0
0.0
0.0
0.0
0.0
0.0
0.0
0.0
0.14612881414425088
0.0
0.0
0.0
0.008743886039190274
0.01812524048667479
0.0
0.0
0.0
0.0
0.0
0.02246842528880624
0.009856318570548262
0.0
0.0
0.0
0.0
0.0
0.011447843281499129
0.011711068094166176
0.0
0.03392133600648162
0.0
0.02261422400432108
0.03568340490933875
0.0
0.0
0.0
0.0
0.0
0.0
0.009614175215717308
0.0
0.0
0.0
0.007759425692099394
0.0
0.0
0.0
0.0
0.0
0.0
0.0
0.0
0.0
0.0
0.0
0.0
0.0
0.0
0.0
0.0
0.0
0.0
0.0
0.05947234151556458
0.0
0.0
0.0
0.0
0.0
0.0
0.008907448951106865
0.0
0.0
0.0
0.1212289201104105
0.010667864601191084
0.0
0.0
0.11894468303112916
0.0
0.0
0.0
0.008192331066810362
0.0
0.0
0.0
0.0
0.0
0.0
