0.0
0.0
0.005537965300318042
0.0
0.0
0.0
0.0
0.0
0.0
0.0
0.0
0.0
0.0
0.0
0.0
0.0
0.0
0.0
0.0
0.0
0.0
0.0
0.0
0.0
0.0
0.0
0.0
0.0
0.0
0.0
0.0
0.0
0.0
0.0
0.0
0.0
0.0
0.0
0.0
0.0
0.0
0.0
0.0
0.0
0.0045160161912674935
0.0
0.0
0.0
0.0
0.0
0.0
0.0
0.0
0.0
0.0
0.0
0.0
0.0
0.0
0.0
0.0
0.0
0.0
0.0
0.0
0.0
0.0
0.0
0.0
0.0
0.0
0.0
0.0
0.0
0.0
0.0
0.0
0.0
0.0
0.0
0.0
0.0
0.00821182584555094
0.0
0.0
0.007902814462513851
0.0
0.0
0.0
0.0
0.0
0.0
0.0
0.0
0.0
0.0
0.0
0.0
0.0
0.0
0.0
0.0
0.0
0.0
0.0
0.0
0.0
0.0
0.0
0.007421271846183454
0.0
0.0
0.0
0.0
0.0
0.0
0.0
0.0
0.0
0.0
0.004904543210630595
0.0
0.0
0.0
0.0
0.0
0.0
0.0
0.0
0.0
0.0
0.0
0.0
0.0
0.0
0.0
0.0
0.0
0.0
0.0
0.0
0.0
0.0
0.0
0.0
0.0
0.0
0.0
0.0
0.0
0.0
0.0
0.0
0.0
0.0
0.0
0.0
0.0
0.004056486261810317
0.0
0.0
0.0
0.0
0.0
0.0
0.0
0.0
0.0
0.0
0.0
0.0
0.0
0.0
0.0
0.0
0.0
0.003494067082216944
0.0
0.0
0.0
0.0
0.0
0.0
0.0
0.005537965300318042
0.0
0.0
0.0
0.0
0.0
0.0
0.0
0.0
0.0
0.0
0.0
0.0
0.0
0.0
0.0
0.0
0.0
0.0
0.0
0.0
0.0
0.0
0.0
0.0
0.0
0.0
0.0
0.00821182584555094
0.0
0.0
0.015805628925027702
0.0
0.0
0.00604374307093053
0.0
0.0
0.0
0.0
0.0
0.0
0.0
0.0
0.008487055740555381
0.0
0.0
0.0
0.0
0.0
0.0
0.0
0.0
0.0
0.0
0.0
0.0
0.0
0.0
0.0
0.0
0.0
0.0
0.0
0.0
0.0
0.0
0.0
0.0
0.0
0.006988134164433888
0.005537965300318042
0.0
0.0
0.0
0.0
0.0
0.0
0.0
0.0
0.0
0.0
0.0
0.0
0.0
0.0
0.0
0.0
0.0
0.0
0.0
0.0
0.0
0.0
0.0
0.0
0.0
0.0
0.006988134164433888
0.0
0.0
0.0
0.0
0.0
0.0
0.006464792304442468
0.0
0.006464792304442468
0.0
0.0
0.0
0.0
0.0
0.0
0.0
0.0
0.0
0.0
0.0
0.0
0.0
0.0
0.0
0.004904543210630595
0.0
0.0
0.0
0.0
0.0
0.0
0.0
0.0
0.0
0.0
0.006263049732375966
0.0
0.0
0.0
0.0
0.0
0.0
0.0
0.0
0.0
0.026205503116627088
0.0
0.0
0.0
0.0
0.0
0.0
0.0
0.0
0.0
0.0
0.0
0.0
0.0
0.0
0.0
0.0
0.0
0.0
0.0
0.0
0.0
0.0
0.0
0.0
0.0
0.04002747661969278
0.0
0.0
0.0
0.0
0.0
0.0
0.0
0.0
0.0
0.0
0.0
0.0
0.0
0.0
0.0
0.0
0.0
0.01679722058569508
0.0
0.0177759364456147
0.0
0.0
0.0
0.0
0.0
0.0
0.0
0.0
0.0
0.0
0.0
0.0
0.0
0.0
0.0
0.0
0.0
0.0
0.004056486261810317
0.0
0.0
0.0
0.0
0.0
0.0
0.0
0.0
0.0
0.0
0.0
0.0
0.0
0.0
0.0
0.0
0.0
0.0
0.0
0.0
0.0
0.0
0.0
0.0
0.0
0.0
0.0
0.0
0.0
0.0
0.0
0.0
0.0
0.0
0.0
0.0
0.0
0.0
0.0
0.0
0.0
0.0
0.0
0.0
0.0
0.0
0.0
0.0
0.0
0.0
0.0
0.0
0.0
0.0
0.0
0.0
0.0
0.0
0.0
0.0
0.001747033541108472
0.0
0.0
0.0
0.0
0.0
0.0
0.0
0.0
0.0
0.0
0.0
0.007140934681698877
0.0
0.0
0.0
0.0533278093368441
0.02958001819418732
0.0
0.0
0.0
0.05003434577461598
0.018202179521188386
0.014569997682853029
0.0
0.0
0.00865514712348171
0.0
0.0
0.0
0.0
0.0
0.0
0.0
0.0
0.0
0.0
0.0
0.0
0.0
0.0
0.0
0.0
0.0
0.0
0.0
0.0
0.0
0.0
0.0
0.0
0.007284998841426514
0.0
0.0
0.0
0.0
0.0
0.0
0.0
0.0
0.0
0.0
0.0
0.0
0.0
0.0
0.0
0.0
0.0
0.014281869363397754
0.0
0.006988134164433888
0.0
0.0
0.0202004586654817
0.0
0.0
0.0
0.0
0.0
0.0
0.008112972523620634
0.0
0.0
0.0
0.0
0.0
0.01714500490615562
0.10145643833956013
0.3232073386477072
0.0
0.0
0.0
0.0
0.0
0.0
0.0404009173309634
0.0
0.0
0.0
0.0
0.0
0.0
0.0
0.0
0.0
0.0
0.0
0.0
0.0
0.0
0.0
0.0
0.0
0.0
0.0
0.0
0.0
0.0
0.0
0.01918890312425672
0.0
0.00604374307093053
0.0
0.0
0.0
0.0
0.0
0.0
0.0
0.0
0.0
0.0
0.04867783514172381
0.0
0.0
0.0
0.0
0.0
0.0
0.0
0.0
0.0
0.0
0.0
0.0
0.0
0.0
0.0
0.0
0.0
0.0
0.0
0.0
0.0
0.0
0.0
0.0
0.008961029472440913
0.002768982650159021
0.0
0.0
0.0
0.0
0.0
0.0
0.0
0.0
0.0
0.0
0.0
0.0
0.0
0.0
0.0
0.0
0.006988134164433888
0.0
0.0
0.0
0.0
0.0
0.0
0.0
0.0
0.00888796822280735
0.0
0.0
0.0
0.0
0.0
0.0
0.0
0.007284998841426514
0.0
0.0
0.0
0.0
0.006988134164433888
0.0
0.0
0.0
0.0
0.0
0.0
0.0
0.0
0.0
0.0
0.0
0.0
0.0
0.0
0.0
0.0
0.0
0.0
0.0
0.0
0.0
0.0
0.0
0.0
0.0
0.0
0.0
0.0
0.0
0.0
0.0
0.0
0.0
0.0
0.0
0.0
0.0
0.0
0.0
0.0
0.0
0.0
0.0
0.0
0.0
0.0
0.0
0.0
0.00580351980291879
0.0
0.0
0.0
0.0
0.0
0.0
0.0
0.0
0.0
0.0
0.0
0.0
0.0
0.0
0.0
0.0
0.0
0.0
0.0
0.0
0.0
0.004056486261810317
0.0
0.0
0.0
0.0
0.0
0.0
0.0
0.00857250245307781
0.0
0.0
0.0
0.0
0.0
0.03963966932743159
0.0
0.0
0.0
0.004056486261810317
0.0
0.0
0.0
0.0
0.0
0.0
0.0
0.0
0.0
0.0
0.0
0.0
0.0
0.0
0.0
0.0
0.0
0.0
0.0
0.0
0.0
0.0
0.0
0.0
0.0
0.0
0.0
0.0
0.0
0.0
0.0
0.0
0.0
0.0
0.0
0.0
0.0
0.0
0.0
0.0
0.0
0.0
0.0
0.0
0.0
0.0
0.0
0.0
0.00604374307093053
0.0
0.0
0.007140934681698877
0.0
0.0
0.0
0.009297586885135736
0.0
0.0
0.0
0.0
0.0
0.0
0.0
0.06032388894951321
0.009860006064729107
0.0
0.0
0.0
0.0
0.0
0.0
0.0
0.0
0.0
0.0
0.0
0.0
0.027892760655407207
0.0
0.0
0.0
0.0
0.0
0.0
0.0
0.0
0.0
0.0
0.0
0.0
0.0
0.0
0.0
0.0
0.0
0.0
0.0
0.0
0.0
0.0
0.0
0.0
0.0
0.0
0.0
0.0
0.0
0.0
0.0
0.0
0.0
0.0
0.0
0.018841118803796176
0.007790776612039003
0.0
0.0
0.0
0.0
0.0
0.0
0.0
0.03494067082216945
0.007673525860789616
0.0
0.0
0.01833661077458385
0.0
0.0
0.0
0.0
0.0
0.0
0.0
0.0
0.007284998841426514
0.0
0.0
0.0
0.0
0.0
0.0
0.0
0.0
0.0
0.0
0.0
0.0
0.007284998841426514
0.0
0.0
0.0
0.0
0.007902814462513851
0.0
0.0
0.0
0.0
0.0
0.0
0.0
0.0
0.0
0.0
0.0
0.0
0.0
0.0
0.0
0.0
0.0
0.0
0.0
0.0045160161912674935
0.0
0.0
0.0
0.0
0.0
0.0
0.0
0.006651576751739066
0.0
0.0
0.0
0.0
0.0
0.0
0.0
0.0
0.0
0.0
0.0
0.0
0.0
0.0
0.03768223760759235
0.0
0.0
0.0
0.0
0.0
0.0
0.0
0.0
0.0
0.0
0.0
0.0
0.0
0.0
0.0
0.0
0.0
0.0
0.0
0.0
0.0
0.0
0.0
0.0
0.0
0.0
0.0
0.0
0.0
0.0
0.008010083273484438
0.005241100623325416
0.0
0.0
0.0
0.0
0.0
0.0
0.0
0.0
0.007673525860789616
0.0
0.0
0.0
0.0
0.0
0.0
0.004056486261810317
0.0
0.0
0.0
0.0
0.009704053030948026
0.0
0.0
0.004056486261810317
0.0
0.0
0.0
0.0
0.0
0.0
0.0
0.0
0.0
0.0
0.0
0.0
0.0
0.0
0.0
0.0
0.0
0.0
0.0
0.0
0.0
0.0
0.0
0.0
0.0
0.0
0.0
0.0
0.0
0.0
0.0
0.0
0.0
0.0
0.0
0.0
0.0
0.0
0.0
0.0
0.0
0.0
0.0
0.0
0.019299696007244644
0.0
0.0
0.0
0.0
0.0
0.020291287667912026
0.0
0.0
0.0
0.0811651506716481
0.0
0.0177759364456147
0.0
0.0
0.0
0.0
0.008487055740555381
0.00865514712348171
0.0045160161912674935
0.0
0.0
0.0
0.07583893223519442
0.0
0.0
0.0
0.0
0.0
0.0
0.0
0.0
0.0
0.0
0.0
0.0
0.0
0.0
0.0
0.0
0.0
0.0
0.0
0.0
0.0
0.0
0.0
0.0
0.007284998841426514
0.0
0.0
0.0
0.0
0.012526099464751932
0.0
0.0
0.0
0.0
0.0
0.0
0.0
0.0
0.0
0.0
0.0
0.0
0.0
0.0
0.0
0.0
0.0
0.0
0.0
0.0
0.0
0.0
0.0
0.0
0.0
0.0
0.0045160161912674935
0.0
0.0
0.0
0.0
0.0
0.0
0.0
0.0
0.0
0.0
0.0
0.0
0.0
0.0
0.0
0.0
0.0
0.0
0.0
0.0
0.0
0.0
0.009420559401898088
0.0045160161912674935
0.0
0.0
0.0
0.0
0.0
0.0
0.0
0.0
0.0
0.0
0.0
0.005241100623325416
0.0
0.0
0.0
0.0
0.01679722058569508
0.03923634568504476
0.0
0.0
0.0
0.0
0.0
0.0
0.0
0.0
0.0
0.0
0.0
0.0
0.0
0.0
0.0
0.0
0.0
0.0
0.0
0.0
0.0
0.0
0.0
0.00580351980291879
0.0
0.0
0.0
0.0
0.0
0.0
0.0
0.0
0.0
0.0
0.0
0.0
0.0
0.007790776612039003
0.0
0.057566709372770156
0.007284998841426514
0.009168305387291926
0.0
0.0
0.00959445156212836
0.0
0.0
0.0
0.0
0.0
0.004056486261810317
0.0
0.0
0.0
0.0
0.0
0.0
0.0
0.0
0.0
0.0
0.0
0.0
0.0
0.0
0.0
0.00959445156212836
0.0
0.04852026515474012
0.0
0.0
0.0
0.0
0.0
0.0
0.0
0.0
0.0
0.0
0.0
0.0
0.0
0.016974111481110762
0.0
0.0
0.0
0.0
0.0
0.0
0.0
0.0
0.0
0.0
0.0
0.0
0.0
0.0
0.0
0.0
0.2801923363378495
0.0
0.0
0.0
0.0
0.0
0.0
0.0
0.006464792304442468
0.0
0.0
0.0
0.0
0.0
0.0
0.0
0.0
0.0
0.0
0.0
0.0
0.0
0.0
0.0
0.0
0.0
0.0
0.0
0.0
0.0
0.0
0.0
0.0
0.0
0.0
0.0
0.0
0.0
0.0
0.0
0.004904543210630595
0.0
0.0
0.0
0.0
0.0
0.0
0.0
0.0
0.0
0.0
0.0
0.0
0.02958001819418732
0.0
0.0
0.0
0.0
0.007902814462513851
0.0
0.0
0.0
0.0
0.0
0.0
0.0
0.0
0.0
0.0
0.0
0.0
0.008961029472440913
0.0
0.0
0.0
0.0
0.0
0.0
0.019514233629185817
0.0
0.0
0.009032032382534987
0.0
0.0
0.0
0.0
0.0
0.0
0.0
0.0
0.0
0.0
0.0
0.0
0.0
0.0
0.0
0.0
0.0
0.0
0.0
0.0
0.0
0.0
0.0
0.0
0.0
0.0
0.0
0.0
0.0
0.0
0.0
0.0
0.0
0.0
0.0
0.0
0.0
0.0
0.0
0.0
0.0
0.0
0.0
0.0
0.0
0.0
0.0
0.0
0.0
0.0
0.0
0.006464792304442468
0.0
0.0
0.0
0.0
0.0
0.0
0.0
0.0
0.0
0.0
0.0
0.0
0.0
0.0
0.0
0.0
0.0
0.0
0.0
0.0
0.0
0.009168305387291926
0.00821182584555094
0.0
0.0
0.0045160161912674935
0.0
0.0
0.0
0.0
0.0
0.0
0.0
0.0
0.0
0.0
0.0
0.0
0.0
0.0
0.0
0.0
0.0
0.0
0.0
0.0
0.0
0.0
0.0
0.008735167705542363
0.0
0.0
0.0
0.0
0.0
0.0
0.0
0.0
0.0
0.0
0.0
0.0
0.0
0.0
0.0
0.0
0.0
0.0
0.0
0.0
0.0
0.0
0.0
0.0
0.0
0.0
0.0
0.006651576751739066
0.0
0.003494067082216944
0.02519583087854262
0.0
0.0
0.0
0.0
0.0
0.0
0.0
0.0
0.0
0.0
0.0
0.0
0.0
0.0
0.0
0.0
0.0
0.0
0.0
0.008306947950477064
0.0
0.0
0.0
0.005537965300318042
0.013303153503478132
0.0
0.0
0.0
0.0
0.01731029424696342
0.0
0.00857250245307781
0.0
0.0
0.009537810153147476
0.0
0.004056486261810317
0.0
0.0
0.0
0.0
0.0
0.0
0.1616036693238536
0.0
0.0
0.0
0.0
0.0
0.00839861029284754
0.0
0.007790776612039003
0.0
0.0
0.0
0.0
0.0
0.0
0.0
0.0
0.0
0.0
0.0
0.0
0.01731029424696342
0.007284998841426514
0.0
0.0
0.0
0.0
0.0
0.0
0.0
0.0
0.0
0.0
0.0
0.0
0.00865514712348171
0.0
0.0
0.0
0.0
0.0
0.0
0.0
0.0
0.0
0.0
0.0
0.0
0.0
0.0
0.0
0.0
0.0
0.0
0.0
0.0
0.0
0.0
0.0
0.0
0.0
0.0
0.0
0.0
0.0
0.0
0.0
0.0
0.0
0.0
0.0
0.0
0.0
0.0
0.0
0.0
0.0
0.0
0.008961029472440913
0.0
0.0
0.0
0.0
0.0
0.0
0.0
0.0
0.02750491616187578
0.0
0.0
0.0
0.0
0.0
0.0
0.0
0.0
0.0
0.0
0.0
0.0
0.0
0.0
0.0
0.0
0.0
0.0
0.0
0.0
0.0
0.0
0.0
0.0
0.0
0.0
0.0
0.0
0.0
0.005241100623325416
0.0
0.0
0.0
0.038816212123792104
0.0
0.0
0.0
0.0
0.0
0.0
0.0
0.0
0.0
0.0
0.0
0.0
0.0
0.0
0.0
0.0
0.0
0.0
0.0
0.0
0.0
0.0
0.0
0.0
0.0
0.0
0.0
0.0
0.0
0.0
0.0
0.0
0.0
0.0
0.0
0.0
0.0
0.0
0.0
0.0
0.0
0.0
0.0
0.0
0.0
0.0
0.0
0.0
0.0
0.0
0.0
0.0
0.008735167705542363
0.0
0.0
0.0
0.0
0.0
0.0
0.0
0.0
0.0
0.0
0.0
0.0
0.0
0.0
0.0
0.0
0.0
0.0
0.0
0.0
0.0
0.0
0.0
0.0
0.0
0.0
0.0
0.007673525860789616
0.0
0.0
0.0
0.0
0.0
0.0
0.0
0.00839861029284754
0.00604374307093053
0.0
0.0
0.0
0.0
0.0
0.0
0.0
0.0
0.0
0.0
0.0
0.0
0.0
0.0
0.0
0.0
0.0
0.0
0.0
0.0
0.0
0.0
0.009032032382534987
0.0
0.0
0.0
0.0
0.0
0.006988134164433888
0.0
0.0
0.0
0.0
0.0
0.0
0.0
0.0
0.0
0.0
0.0
0.0
0.0
0.0
0.0
0.0
0.0
0.0
0.0
0.0
0.0
0.0
0.0
0.0
0.0
0.0
0.0
0.0
0.0
0.0
0.0
0.0
0.0
0.0
0.0
0.0
0.0
0.0
0.0
0.0
0.0
0.008306947950477064
0.0
0.0
0.0
0.0
0.0
0.0
0.0
0.0
0.0
0.0
0.0
0.0
0.0
0.0
0.0
0.0
0.0
0.0
0.0
0.0
0.0
0.0
0.0
0.0
0.0
0.0
0.0
0.0
0.0
0.0
0.0
0.0
0.0
0.0
0.0
0.0
0.0
0.0
0.0
0.0
0.0
0.0
0.0
0.0
0.0
0.0
0.0
0.0
0.0
0.0
0.0
0.005537965300318042
0.0
0.0
0.0
0.0
0.0
0.0
0.0
0.0
0.0
0.0
0.0
0.0
0.0
0.0
0.0
0.0
0.0
0.006464792304442468
0.0
0.0
0.0
0.0
0.0
0.0
0.0
0.0
0.018202179521188386
0.0
0.0
0.0
0.0
0.0
0.0
0.0
0.0
0.0
0.0
0.0
0.0
0.0
0.0
0.0
0.0
0.0
0.0
0.0
0.0
0.0
0.0
0.0
0.0
0.0
0.0
0.0
0.0
0.0
0.0
0.0
0.0
0.0
0.0
0.0
0.0
0.0
0.0
0.0
0.0
0.0
0.0
0.0
0.0
0.0
0.001747033541108472
0.0
0.0
0.0
0.0
0.005537965300318042
0.0
0.0
0.0
0.0
0.0
0.0
0.002768982650159021
0.0
0.0
0.0
0.0
0.0
0.0
0.0
0.0
0.0
0.0
0.0
0.0
0.0
0.0
0.007902814462513851
0.0
0.0
0.016020166546968875
0.0
0.009757116814592908
0.0
0.0
0.0
0.0
0.0
0.0
0.028261678205694266
0.0
0.00839861029284754
0.0
0.018064064765069974
0.0
0.008487055740555381
0.0
0.0
0.045505448802970964
0.00580351980291879
0.0
0.0
0.0
0.0
0.0
0.0
0.0
0.048785584072964544
0.0
0.0
0.0
0.0
0.0
0.0
0.0
0.0
0.0
0.0
0.0
0.0
0.0
0.008306947950477064
0.00604374307093053
0.0
0.0
0.0
0.0
0.0
0.0
0.0
0.0
0.0
0.0
0.0
0.0
0.0
0.0
0.0
0.0
0.0
0.0
0.0
0.0
0.0
0.0
0.0
0.0
0.0
0.0
0.0
0.0
0.0
0.0
0.0
0.0
0.0
0.005537965300318042
0.0
0.0
0.0
0.0
0.0
0.020964402493301663
0.0
0.0
0.0
0.0
0.0
0.0
0.0
0.0
0.0
0.00604374307093053
0.0
0.01859517377027147
0.0
0.0
0.0
0.0
0.0
0.0
0.0
0.0
0.0
0.0
0.0
0.0
0.0
0.0
0.0
0.0
0.00580351980291879
0.0
0.0
0.0
0.0
0.0
0.0
0.0
0.0
0.0
0.0
0.0
0.0
0.0
0.0
0.02519583087854262
0.0
0.0
0.0
0.0
0.0
0.0
0.00821182584555094
0.0
0.0
0.0
0.0
0.0
0.0
0.0
0.0
0.0
0.0
0.0
0.01846754990920298
0.0
0.0
0.0
0.0
0.0
0.0
0.0
0.0
0.0
0.0
0.0
0.0
0.007550553344027261
0.0
0.0
0.0
0.0
0.0
0.0
0.0
0.0
0.0
0.0
0.0
0.0
0.0
0.0
0.0
0.004056486261810317
0.0
0.0
0.0
0.0
0.0
0.0
0.0
0.0
0.0
0.0
0.02927135044377873
0.0
0.0
0.0
0.0
0.0
0.0
0.0
0.0
0.0
0.0
0.0
0.008010083273484438
0.0374392922012029
0.0
0.0
0.008812725721089553
0.0
0.0
0.0
0.0
0.0
0.0
0.0
0.0
0.0
0.0
0.0
0.0
0.0
0.0
0.016020166546968875
0.0
0.0
0.0
0.0
0.0
0.0
0.0
0.0
0.0
0.0
0.0
0.0
0.0
0.0
0.0
0.0
0.0
0.0
0.0
0.0
0.0
0.0
0.0
0.0
0.0
0.0
0.0
0.0
0.0
0.0
0.0
0.0
0.0
0.0
0.0
0.0
0.0
0.0
0.0
0.0
0.0
0.0
0.0
0.0
0.0
0.0
0.0
0.0
0.0
0.0
0.0
0.008306947950477064
0.0
0.0
0.0
0.0
0.0
0.008306947950477064
0.0
0.0
0.0
0.0
0.0
0.0
0.0
0.0
0.0
0.0
0.0
0.0
0.0
0.009649848003622322
0.0
0.0
0.0
0.0
0.04852026515474012
0.0
0.0
0.06060137599644509
0.0
0.006263049732375966
0.0
0.02370844338754155
0.0
0.0
0.0
0.0
0.0
0.0
0.0
0.0
0.0
0.0
0.0
0.0
0.0
0.0
0.0
0.0
0.0
0.0
0.0
0.0
0.0
0.0
0.0
0.0
0.0
0.0
0.0
0.0
0.0
0.007902814462513851
0.0
0.0
0.0
0.0
0.0
0.0
0.0
0.0
0.0
0.0
0.0
0.0
0.0
0.0
0.0
0.0
0.0
0.0
0.0
0.0
0.0
0.0
0.0
0.0
0.0
0.0
0.0
0.0
0.0
0.0
0.0
0.0
0.0
0.0
0.0
0.0
0.0
0.0
0.0
0.0
0.0
0.0
0.0
0.0
0.0
0.001747033541108472
0.0
0.0
0.0
0.0
0.0
0.0
0.0
0.0
0.0
0.0
0.0
0.0
0.0
0.0
0.0
0.0
0.0
0.0
0.0
0.0
0.0
0.015581553224078006
0.0
0.0
0.0
0.0
0.0
0.0
0.0
0.0
0.0
0.055785521310814414
0.008306947950477064
0.0
0.00839861029284754
0.006988134164433888
0.0
0.0
0.0
0.00604374307093053
0.0
0.0
0.0
0.0
0.0
0.0
0.047399332646996514
0.0
0.0
0.0
0.0
0.0
0.0
0.003494067082216944
0.002768982650159021
0.0
0.0
0.0
0.0
0.0
0.0
0.0
0.0
0.0
0.0
0.0
0.0
0.008010083273484438
0.0
0.0
0.008735167705542363
0.0
0.0
0.0
0.0
0.0
0.0
0.009359823050300725
0.0
0.0
0.0045160161912674935
0.0
0.0
0.0
0.0
0.0
0.0
0.0
0.0
0.0
0.0
0.0
0.0
0.0
0.0
0.0
0.0
0.0
0.0
0.0
0.0
0.0
0.012526099464751932
0.0
0.01859517377027147
0.0
0.029685087384733817
0.0
0.0
0.0
0.0
0.0
0.0
0.0
0.0
0.0
0.0
0.0
0.0
0.022651660032081782
0.0
0.007550553344027261
0.0
0.0
0.0
0.0
0.0
0.0
0.0
0.0
0.0
0.0
0.0
0.003494067082216944
0.0
0.009958859386659415
0.0
0.0
0.0
0.0
0.0
0.0
0.0
0.0
0.007421271846183454
0.00865514712348171
0.0
0.0
0.0
0.0
0.0
0.0
0.0
0.0
0.0
0.0
0.0
0.0
0.0
0.0
0.0
0.0
0.0
0.0
0.0
0.0
0.0
0.0
0.0
0.0
0.0
0.00604374307093053
0.0
0.0
0.0
0.0
0.030694103443158465
0.0
0.0
0.0
0.0
0.0
0.0
0.0
0.0
0.0
0.0
0.0
0.0
0.0
0.00857250245307781
0.0
0.0
0.0
0.0
0.0
0.019514233629185817
0.0
0.0
0.012929584608884936
0.0
0.0
0.0
0.014569997682853029
0.0
0.0
0.0
0.0
0.0
0.0
0.0
0.0
0.0
0.0
0.006263049732375966
0.0
0.0
0.0
0.0
0.0
0.0
0.0
0.0
0.0
0.0
0.0
0.0
0.0
0.0
0.0
0.0
0.0
0.0
0.0
0.0
0.0
0.0
0.0
0.0
0.0
0.0
0.0
0.0
0.0
0.0
0.0
0.0
0.0
0.0
0.017470335411084725
0.0
0.0
0.0
0.07101950683769208
0.0
0.0
0.0
0.0
0.0
0.0
0.0
0.0
0.0
0.008010083273484438
0.0
0.0
0.0
0.0
0.0
0.0
0.0
0.0
0.0
0.0
0.0
0.0374392922012029
0.0
0.0
0.0
0.0
0.0
0.0
0.0
0.0
0.007790776612039003
0.0
0.0
0.0
0.0
0.0
0.0
0.0
0.0
0.0
0.0
0.0
0.0
0.0
0.0
0.0
0.0
0.0
0.010006869154923196
0.02596544137044513
0.0
0.0
0.0
0.0
0.0
0.0
0.0
0.007902814462513851
0.007550553344027261
0.0
0.0
0.0
0.0
0.0
0.003494067082216944
0.0
0.0
0.0
0.0
0.0
0.0
0.03693509981840596
0.0
0.01833661077458385
0.0
0.13008929901400154
0.0
0.0
0.0
0.0
0.0
0.0
0.0
0.0
0.0
0.0
0.0
0.0
0.0
0.0
0.008812725721089553
0.0
0.0
0.0
0.0
0.0
0.05050114666370425
0.0
0.005537965300318042
0.0
0.0
0.0
0.0
0.0
0.0
0.0
0.0
0.0
0.0
0.0
0.0
0.0
0.0
0.0
0.0
0.00580351980291879
0.0
0.0
0.0
0.0
0.0
0.0
0.0
0.0
0.0
0.0
0.020107962983171072
0.0
0.009032032382534987
0.0
0.0
0.0
0.0
0.0
0.0
0.0
0.0
0.0
0.0
0.0
0.0
0.003494067082216944
0.0
0.0
0.0
0.006263049732375966
0.0
0.016020166546968875
0.0
0.0
0.0
0.0
0.0
0.0
0.0
0.0
0.0
0.0
0.0
0.0
0.0
0.0
0.0
0.0
0.0
0.0
0.0
0.0
0.0
0.0
0.0
0.0
0.0
0.0
0.0
0.0
0.0
0.0
0.0
0.0
0.0
0.0
0.0
0.0
0.005241100623325416
0.0
0.0
0.0
0.0
0.0
0.0
0.0
0.0
0.0
0.0
0.0
0.0
0.008010083273484438
0.0
0.0
0.0
0.007902814462513851
0.0
0.0
0.0
0.0
0.0
0.0
0.0
0.0
0.0
0.03494067082216945
0.0
0.0
0.0
0.0
0.0
0.0
0.0
0.0
0.0
0.0
0.0
0.0
0.006825468911969339
0.0
0.0
0.0
0.0
0.0
0.0
0.0
0.005241100623325416
0.0
0.0
0.0
0.0
0.0
0.0
0.0
0.0
0.008735167705542363
0.0
0.0
0.0
0.0
0.0
0.0
0.0
0.0
0.0
0.0
0.0
0.0
0.0
0.0
0.0
0.0
0.0
0.0
0.0
0.0
0.006651576751739066
0.0
0.0
0.0
0.0
0.0
0.0
0.00923377495460149
0.006464792304442468
0.0
0.0
0.0
0.0
0.0
0.0
0.01991771877331883
0.0
0.0
0.0
0.0
0.0
0.0
0.0
0.0
0.0
0.0
0.0
0.0
0.0
0.0
0.0
0.0
0.0
0.0
0.0
0.006825468911969339
0.0
0.0
0.0
0.20913604711984773
0.0
0.0
0.0
0.0
0.006464792304442468
0.0
0.015581553224078006
0.0
0.0
0.009032032382534987
0.0
0.0
0.0
0.0
0.0
0.0
0.0
0.0
0.0
0.0
0.0
0.0
0.006988134164433888
0.0
0.0
0.0
0.005537965300318042
0.0
0.0
0.0
0.0
0.0
0.0
0.0
0.0
0.0
0.0
0.0
0.0
0.0
0.0
0.0
0.006988134164433888
0.0
0.0
0.0
0.0
0.0
0.0
0.0
0.0
0.0
0.0
0.008961029472440913
0.0
0.0
0.0
0.028613430459442427
0.0
0.0
0.0
0.0
0.0
0.0
0.0
0.0
0.0
0.0
0.0
0.0
0.0
0.0
0.0
0.0
0.0
0.0
0.0
0.0
0.0
0.0
0.0
0.0
0.0
0.0
0.0
0.15218465750934018
0.0
0.0
0.006464792304442468
0.0
0.0
0.0
0.0
0.0
0.0
0.0
0.0
0.01991771877331883
0.0
0.0
0.0
0.0
0.0
0.0
0.0
0.0
0.0
0.0
0.0
0.018064064765069974
0.0
0.0
0.0
0.0
0.0
0.0
0.0
0.008961029472440913
0.0
0.0
0.0
0.0
0.0
0.008112972523620634
0.0
0.0
0.018841118803796176
0.0
0.005537965300318042
0.0
0.0
0.0
0.0
0.0
0.0
0.0
0.0
0.0
0.0
0.0
0.0
0.0
0.00888796822280735
0.0
0.0
0.0
0.0
0.0
0.0
0.0
0.0
0.0
0.0
0.0
0.0
0.0
0.0
0.0
0.0
0.0
0.0
0.0
0.0
0.0
0.0
0.0
0.0
0.0
0.0
0.0
0.00888796822280735
0.028261678205694266
0.006464792304442468
0.0
0.0
0.0
0.0
0.0
0.0
0.0177759364456147
0.0
0.0
0.0
0.016613895900954127
0.0
0.0
0.0
0.0
0.0
0.0
0.0
0.0
0.0
0.0
0.0
0.0
0.0
0.0
0.0
0.0
0.0
0.0
0.0
0.0
0.0
0.0
0.0
0.0
0.0
0.0
0.0
0.0
0.0
0.0
0.0
0.0
0.0
0.0
0.0
0.0
0.0
0.0
0.0
0.0
0.017922058944881827
0.0
0.0
0.0
0.0
0.0
0.0
0.0
0.0
0.014281869363397754
0.0
0.0
0.0
0.0
0.0
0.0
0.0
0.0
0.0
0.0
0.0
0.0
0.0
0.0
0.0
0.0
0.0
0.0
0.0
0.0
0.0
0.0
0.0
0.0
0.0
0.0
0.0
0.004056486261810317
0.0
0.057899088021733935
0.0
0.0
0.0
0.0
0.0
0.0
0.0
0.0
0.0
0.0
0.0
0.0
0.0
0.0
0.0
0.0
0.0
0.0
0.04930003032364553
0.0
0.0
0.0
0.0
0.0
0.0
0.0
0.0
0.0
0.0
0.0
0.0
0.0
0.0
0.0
0.0
0.0
0.0
0.0
0.0
0.0
0.005537965300318042
0.0
0.005241100623325416
0.0
0.0
0.0
0.0
0.0
0.0
0.011075930600636084
0.008010083273484438
0.0
0.00821182584555094
0.0
0.006825468911969339
0.0
0.0
0.0
0.0
0.0
0.0
0.0
0.009032032382534987
0.0
0.0
0.0
0.0
0.0
0.0
0.0
0.0
0.0
0.13189336984142816
0.0
0.0
0.0
0.0
0.0
0.009032032382534987
0.0
0.0
0.0
0.0
0.0
0.0
0.012929584608884936
0.0
0.0
0.0
0.0
0.0
0.0
0.0
0.0
0.0
0.0
0.0
0.0
0.0
0.0
0.0
0.0
0.08918925598672109
0.0
0.0
0.0
0.0
0.0
0.0
0.0
0.0
0.0
0.0
0.0
0.0
0.0
0.0
0.0
0.0
0.0
0.0
0.0
0.0
0.0
0.0
0.0
0.0
0.0
0.0
0.0
0.0
0.0
0.0
0.0
0.0404009173309634
0.01859517377027147
0.0
0.0
0.0
0.0
0.0
0.0
0.0
0.0
0.0
0.028783354686385078
0.0045160161912674935
0.0
0.0
0.0
0.0
0.0
0.0
0.0
0.0
0.001747033541108472
0.0
0.0
0.0
0.007421271846183454
0.0
0.0
0.0
0.0
0.0
0.0
0.0
0.0
0.0
0.0
0.0
0.004904543210630595
0.0
0.028079469150902172
0.0
0.0
0.0
0.0
0.006988134164433888
0.0
0.0
0.0
0.0
0.0
0.0
0.0
0.0
0.0
0.0
0.0
0.0
0.0
0.0
0.0
0.0
0.0
0.0
0.0
0.0
0.0
0.002768982650159021
0.0
0.0
0.0
0.0
0.024635477536652822
0.0
0.007673525860789616
0.01961817284252238
0.0
0.0
0.0
0.0
0.0
0.0
0.0
0.0
0.0
0.0
0.0
0.0
0.0
0.0
0.0
0.0
0.0
0.0
0.0
0.009704053030948026
0.0
0.0
0.0
0.0
0.0
0.0
0.0
0.0
0.0
0.0
0.0
0.007902814462513851
0.0
0.0
0.0
0.0
0.0
0.0
0.0
0.0
0.0
0.0
0.0
0.0
0.0
0.0
0.0
0.0
0.0
0.0
0.0
0.003494067082216944
0.0
0.0
0.0
0.0
0.0
0.0
0.0
0.0
0.0
0.0
0.0
0.0
0.0
0.0
0.0
0.0
0.009757116814592908
0.0
0.0
0.0
0.0
0.0
0.0
0.0
0.0
0.0
0.0
0.0
0.0
0.0
0.0
0.0
0.0
0.007902814462513851
0.0
0.0
0.02666390466842205
0.0
0.01961817284252238
0.0
0.0
0.0
0.00821182584555094
0.005241100623325416
0.0
0.0
0.030161944474756605
0.0
0.0
0.0
0.0
0.0
0.0
0.0
0.0
0.0
0.0
0.0
0.0
0.0
0.0
0.0
0.0
0.0
0.0
0.0
0.0
0.0
0.0
0.0
0.0
0.0
0.008306947950477064
0.00821182584555094
0.0
0.0
0.003494067082216944
0.0
0.004904543210630595
0.007284998841426514
0.0
0.0
0.0
0.0
0.0
0.0
0.0
0.0
0.0
0.0
0.0
0.0
0.028949544010866968
0.005241100623325416
0.0
0.0
0.0
0.0
0.0
0.0
0.0
0.0
0.0
0.0
0.0
0.0
0.0
0.0
0.0
0.0
0.0
0.008735167705542363
0.0
0.0
0.0
0.0
0.0
0.0
0.0
0.01714500490615562
0.0
0.0
0.0
0.0
0.0
0.0
0.0
0.0
0.0
0.0
0.0
0.0
0.0
0.0
0.0
0.0
0.0
0.0
0.009537810153147476
0.0
0.0
0.0
0.0
0.0
0.00604374307093053
0.0
0.006464792304442468
0.0
0.0
0.0
0.0
0.0
0.0
0.0
0.0
0.0
0.06032388894951321
0.0
0.0
0.0
0.0
0.007902814462513851
0.0
0.0
0.0
0.0
0.0
0.0
0.0
0.0
0.0
0.0
0.0
0.0
0.0
0.0
0.0
0.0
0.0
0.0
0.0
0.049549586659289484
0.0
0.0
0.0
0.0
0.0
0.0
0.0
0.0
0.0
0.0
0.0
0.0
0.0
0.0
0.0
0.0
0.0
0.0
0.0
0.0
0.0
0.0
0.00923377495460149
0.0
0.0
0.0
0.0
0.0
0.0
0.0
0.0
0.0
0.0
0.0
0.0
0.0
0.006651576751739066
0.0
0.0
0.0
0.0
0.0
0.0
0.0
0.01918890312425672
0.0
0.0
0.0
0.0
0.0
0.0
0.0
0.0
0.0
0.0
0.0
0.0
0.0
0.0
0.0
0.0
0.033948222962221525
0.0
0.0
0.0
0.0
0.0
0.0
0.0
0.018202179521188386
0.0
0.0
0.0
0.0
0.0
0.0
0.0
0.0
0.0
0.0
0.0
0.0
0.0
0.0
0.0
0.006263049732375966
0.0
0.0
0.0
0.0
0.0
0.0
0.0
0.0
0.0
0.001747033541108472
0.0
0.0
0.0
0.0
0.009101089760594193
0.0
0.0
0.0
0.0
0.0
0.0
0.0
0.0
0.0
0.0
0.0
0.0
0.0
0.0
0.049549586659289484
0.0
0.0
0.0
0.0
0.0
0.0
0.00580351980291879
0.0
0.0
0.0
0.0
0.0
0.0
0.0
0.0
0.0
0.0
0.0
0.0
0.0
0.0
0.0
0.0
0.0
0.0
0.0
0.0
0.0
0.0
0.006651576751739066
0.0
0.0
0.0
0.0
0.0
0.0
0.0
0.0
0.0
0.0
0.0
0.0
0.0
0.0
0.0
0.0
0.0
0.0
0.0
0.0
0.047102797009490445
0.0
0.0
0.005537965300318042
0.0
0.0
0.0
0.0
0.0
0.0
0.0
0.0
0.0
0.040215925966342145
0.0
0.0
0.0
0.0
0.0
0.0
0.0
0.0
0.006651576751739066
0.0
0.0
0.0
0.0
0.0
0.0
0.0
0.0
0.0045160161912674935
0.0
0.0
0.0
0.0
0.0
0.0
0.0
0.0
0.0
0.0
0.0
0.0
0.0
0.0
0.006825468911969339
0.0
0.0
0.0
0.0
0.0
0.0
0.0
0.0202004586654817
0.0
0.0
0.0
0.0
0.0
0.0
0.0
0.0
0.0
0.0
0.0
0.0
0.0
0.0
0.05975315631995649
0.0
0.0
0.0
0.0
0.0
0.0
0.0
0.0
0.0
0.0
0.0
0.0
0.0
0.0
0.0
0.0
0.0
0.0
0.0
0.0
0.0
0.0
0.028949544010866968
0.0
0.0
0.0
0.0
0.012929584608884936
0.0
0.00580351980291879
0.0
0.0
0.0
0.0
0.0
0.0
0.020964402493301663
0.0
0.0
0.0
0.0
0.0
0.0
0.0
0.0
0.07805693451674327
0.0
0.13942403141323179
0.0
0.0
0.0
0.0
0.0
0.0
0.0
0.0
0.0
0.0
0.0
0.0
0.0
0.0
0.0
0.0
0.0
0.0
0.0
0.0
0.004056486261810317
0.0
0.0
0.0
0.0
0.0
0.0
0.0
0.0
0.0
0.0
0.0
0.0
0.007673525860789616
0.0
0.010145643833956013
0.0
0.009168305387291926
0.0
0.0
0.0
0.0374392922012029
0.0
0.019819834663715796
0.0
0.0
0.0
0.0
0.0
0.0
0.0
0.0
0.0
0.0
0.0
0.0
0.007550553344027261
0.009420559401898088
0.018202179521188386
0.0
0.0
0.0
0.0
0.0
0.0
0.0
0.0
0.0
0.0
0.0
0.0
0.0
0.0
0.0
0.0
0.0
0.0
0.0
0.0
0.0
0.0
0.0
0.0
0.008306947950477064
0.0
0.0
0.0
0.0
0.007421271846183454
0.0
0.0
0.0
0.01833661077458385
0.0
0.0
0.0
0.0
0.004056486261810317
0.0
0.0
0.0
0.0
0.0
0.0
0.0
0.0
0.0
0.0
0.0
0.0
0.0
0.0
0.0
0.0
0.0
0.0
0.06087386300373607
0.0
0.0
0.04002747661969278
0.0
0.0
0.009032032382534987
0.0
0.0
0.0
0.0
0.0
0.0
0.0
0.0
0.0
0.0
0.0
0.0
0.0
0.0
0.0
0.0
0.0
0.0
0.0
0.0
0.0
0.0
0.0
0.0
0.0
0.04002747661969278
0.0
0.0
0.0
0.0
0.0
0.0
0.0
0.0
0.0
0.0
0.0
0.0
0.0
0.0
0.009909917331857898
0.0
0.0
0.0
0.0
0.0
0.1623303013432962
0.0
0.0
0.0
0.0
0.06032388894951321
0.0
0.0
0.0
0.0
0.0
0.004904543210630595
0.0
0.0
0.0
0.0
0.0
0.0
0.0
0.0
0.0
0.0
0.0
0.0045160161912674935
0.0
0.0
0.0
0.00604374307093053
0.03923634568504476
0.0
0.0
0.0
0.0
0.0
0.0
0.0
0.0
0.0
0.0
0.0
0.0
0.0
0.0
0.0
0.0
0.0
0.0
0.0
0.0
0.0
0.0
0.0
0.0
0.0
0.0
0.0
0.0
0.0
0.0
0.0
0.0
0.0
0.0
0.0
0.0
0.0
0.0
0.0
0.0
0.0
0.0
0.0
0.0
0.0
0.0
0.0
0.0
0.0
0.0
0.0
0.0
0.0
0.0
0.0
0.0
0.0
0.0
0.0
0.0
0.0
0.0
0.0
0.0
0.0
0.0
0.0
0.003494067082216944
0.0
0.018959733058798604
0.0
0.0
0.0
0.0
0.0
0.0
0.0
0.0
0.0
0.0
0.0
0.0
0.0
0.0
0.0
0.017625451442179106
0.0
0.0
0.0
0.0
0.0
0.0
0.0
0.0
0.0
0.005241100623325416
0.0
0.0
0.007902814462513851
0.0
0.0
0.0
0.0
0.004056486261810317
0.0
0.0
0.0
0.01679722058569508
0.0
0.0
0.0
0.0
0.0
0.0
0.0
0.0
0.0
0.0
0.0
0.0
0.0
0.0
0.0
0.0
0.0
0.13189336984142816
0.0
0.0
0.0
0.0
0.001747033541108472
0.0
0.0
0.0
0.0
0.0
0.0
0.0
0.0
0.0
0.0
0.0
0.0
0.0
0.0
0.0
0.0
0.0
0.0
0.0
0.0
0.0
0.0
0.0
0.0
0.0
0.0
0.0
0.0
0.0
0.005241100623325416
0.0
0.0
0.0
0.0
0.0
0.0
0.0
0.0
0.0
0.01679722058569508
0.0
0.006988134164433888
0.0
0.0
0.00604374307093053
0.0
0.0
0.0
0.0
0.0
0.0
0.0
0.0
0.0
0.0
0.0
0.0
0.0
0.0
0.0
0.0
0.0
0.0
0.0
0.0
0.0
0.0
0.007140934681698877
0.0
0.0
0.0
0.0
0.0
0.0
0.0
0.0
0.0
0.0
0.0
0.0
0.0
0.0
0.0
0.0
0.0
0.0
0.0
0.0
0.0
0.0
0.0
0.0
0.0
0.0
0.0
0.0
0.0
0.007790776612039003
0.0
0.0
0.0
0.0
0.0
0.0
0.0
0.0
0.057226860918884855
0.0
0.009359823050300725
0.0
0.0
0.0199547302552172
0.006651576751739066
0.0
0.0
0.0
0.0
0.007284998841426514
0.0
0.0
0.0
0.0
0.0
0.0
0.0
0.0
0.0
0.0
0.0
0.0
0.0
0.0
0.005241100623325416
0.0
0.0
0.0
0.0
0.006988134164433888
0.0
0.0
0.004056486261810317
0.0
0.0
0.02709609714760496
0.018202179521188386
0.0
0.0
0.0
0.0
0.0
0.0
0.0
0.0
0.0
0.0
0.0
0.0
0.0
0.0
0.0
0.0
0.0
0.0
0.0
0.0
0.0
0.003494067082216944
0.0
0.0
0.0
0.0
0.0
0.0
0.0
0.0
0.0
0.0
0.0
0.0
0.0
0.0
0.0
0.0
0.0
0.0
0.0
0.0
0.0
0.0
0.0
0.0
0.0
0.0
0.0
0.029876578159978243
0.0
0.0
0.0
0.0
0.0
0.0
0.0
0.0
0.0
0.0
0.0
0.0
0.0
0.0
0.0
0.0
0.0
0.0
0.0
0.0
0.0
0.0
0.0
0.0
0.0
0.0
0.0
0.0
0.0
0.0
0.0
0.0
0.0
0.0
0.0
0.0
0.0
0.0
0.0
0.0
0.0
0.0
0.0
0.0
0.0
0.0
0.0
0.0
0.0
0.0
0.0
0.0
0.0
0.0
0.0
0.0
0.0
0.0
0.0
0.0
0.004904543210630595
0.0
0.0
0.0
0.0
0.0
0.0
0.0
0.0
0.006825468911969339
0.0
0.0
0.0
0.0
0.0
0.0
0.0
0.0
0.0
0.0
0.0
0.0
0.0
0.0
0.0
0.0
0.0
0.0
0.0
0.0
0.0
0.0
0.0
0.0
0.0
0.0
0.0
0.0
0.0
0.0
0.0
0.0
0.0
0.007550553344027261
0.00923377495460149
0.0
0.0
0.0
0.0
0.0
0.0
0.0
0.0
0.0
0.0
0.0
0.0
0.0
0.0
0.0
0.0
0.0
0.0
0.0
0.0
0.0
0.0
0.0
0.003494067082216944
0.0
0.0
0.0
0.0
0.0
0.0
0.0
0.0
0.0
0.0
0.0
0.0
0.0
0.0
0.0
0.0
0.0
0.0
0.0
0.0
0.0
0.0
0.0
0.0
0.005537965300318042
0.02001373830984639
0.0
0.006651576751739066
0.0
0.0
0.0
0.0
0.0
0.0
0.0
0.0
0.0
0.0
0.0
0.0
0.0
0.0
0.0
0.0
0.0
0.0
0.0
0.0
0.00580351980291879
0.0
0.0
0.0
0.0
0.0
0.0
0.0
0.0
0.009168305387291926
0.0
0.0
0.0
0.0
0.0
0.0
0.0
0.0
0.0
0.0
0.0
0.0
0.0
0.0
0.007550553344027261
0.0
0.0
0.0
0.0
0.0
0.0
0.0
0.0
0.0
0.0
0.0
0.0
0.0
0.0
0.0
0.0
0.0
0.0
0.001747033541108472
0.0
0.0
0.0
0.0
0.0
0.0
0.0
0.028261678205694266
0.0
0.0
0.0
0.0
0.0
0.0
0.0
0.0
0.008812725721089553
0.0
0.0
0.0
0.0
0.0
0.0
0.0
0.0
0.00821182584555094
0.0
0.0
0.0
0.0
0.01871964610060145
0.0
0.0
0.0
0.0
0.0
0.0
0.014281869363397754
0.0
0.007284998841426514
0.00580351980291879
0.0
0.0
0.0
0.0
0.0
0.0
0.0
0.0
0.0
0.0
0.0
0.0
0.0
0.0
0.0
0.0
0.0
0.0
0.0
0.0
0.0
0.0
0.0
0.0
0.0
0.0
0.0
0.0
0.007550553344027261
0.0
0.0
0.0
0.0
0.0
0.0
0.0
0.0
0.0
0.0
0.0
0.0
0.00865514712348171
0.0
0.0
0.0
0.0
0.0
0.0
0.0
0.0
0.0
0.0
0.0
0.0
0.0
0.0
0.0
0.0
0.0
0.0
0.0
0.03693509981840596
0.0
0.0
0.0
0.0
0.0
0.0
0.0
0.0
0.0
0.0
0.0
0.005241100623325416
0.0
0.0
0.0
0.0
0.0
0.0
0.00580351980291879
0.007790776612039003
0.0
0.0
0.0
0.0
0.0
0.0
0.0
0.0
0.0
0.0
0.0
0.0
0.0
0.0
0.0
0.0
0.0
0.0
0.0
0.0
0.010053981491585536
0.0
0.017922058944881827
0.0
0.0
0.0
0.0
0.0
0.0
0.0
0.0
0.0
0.0
0.0
0.0
0.0
0.0
0.0
0.0
0.0
0.0
0.0
0.0
0.0
0.0
0.0
0.0
0.0
0.0
0.0
0.0
0.0
0.017625451442179106
0.0
0.0
0.0
0.0
0.017922058944881827
0.0
0.0
0.0
0.0
0.0
0.0
0.0
0.0
0.0
0.0
0.0
0.0
0.0
0.005537965300318042
0.0
0.0
0.0
0.0
0.0
0.0
0.0
0.0
0.0
0.0
0.0
0.0
0.0
0.0
0.0
0.002768982650159021
0.0
0.0
0.0
0.0
0.0
0.0
0.0
0.0
0.0
0.0
0.0
0.0
0.0
0.0
0.0
0.0
0.0
0.0
0.0
0.0
0.0
0.0
0.0
0.0
0.0
0.0
0.0
0.0
0.003494067082216944
0.006825468911969339
0.0
0.0
0.0
0.0
0.0
0.0
0.0
0.0
0.0
0.0
0.0
0.0
0.0
0.0
0.0
0.0
0.0
0.0
0.0
0.0
0.0
0.0
0.0
0.0
0.001747033541108472
0.0
0.0
0.0
0.0
0.0
0.0
0.0
0.0
0.0
0.0
0.0
0.0
0.0
0.0
0.004056486261810317
0.0
0.0
0.0
0.0
0.0
0.0
0.0
0.0
0.00865514712348171
0.0
0.0
0.0
0.0
0.0
0.0
0.0
0.0
0.0
0.0
0.025461167221666147
0.0
0.0
0.006263049732375966
0.0
0.005241100623325416
0.0
0.0
0.0
0.0
0.0
0.0
0.0
0.0
0.0
0.0
0.0
0.0
0.015581553224078006
0.0
0.0
0.0
0.0
0.0
0.0
0.0
0.0
0.0
0.0
0.0
0.0
0.0
0.0
0.0
0.0
0.0
0.0
0.0
0.0
0.0
0.0
0.0
0.0
0.007140934681698877
0.009032032382534987
0.005537965300318042
0.0
0.0
0.0
0.0
0.0
0.0
0.0
0.0
0.0
0.0
0.0
0.0
0.0
0.0
0.0
0.0
0.01731029424696342
0.0
0.0
0.0
0.0
0.0
0.015101106688054523
0.0
0.0
0.0
0.12174772600747213
0.0
0.0
0.0
0.0
0.0
0.0
0.0
0.0
0.0
0.0
0.0
0.019514233629185817
0.0
0.0
0.0
0.008735167705542363
0.0
0.009101089760594193
0.0
0.0
0.0
0.0
0.014842543692366908
0.0
0.008487055740555381
0.055785521310814414
0.0
0.0
0.0
0.013303153503478132
0.0
0.0
0.0
0.009032032382534987
0.0
0.0
0.0
0.0
0.0
0.0
0.0
0.0366732215491677
0.0
0.0
0.0
0.029112159092844078
0.0
0.0
0.0
0.0
0.0
0.013976268328867777
0.0
0.0
0.0
0.0
0.0
0.0
0.0
0.0
0.0
0.0
0.038816212123792104
0.0
0.0
0.0
0.0
0.0
0.0
0.0
0.0
0.0
0.0
0.0
0.0
0.0
0.0
0.0
0.0
0.0
0.0
0.0
0.0
0.0
0.006263049732375966
0.0
0.0
0.007421271846183454
0.0
0.0
0.0
0.0
0.028261678205694266
0.0
0.0
0.0
0.008306947950477064
0.0
0.0
0.0
0.00959445156212836
0.0
0.0
0.0
0.0
0.0
0.004904543210630595
0.0
0.0
0.0
0.0
0.0
0.0
0.0
0.0
0.0
0.0
0.0
0.0
0.0
0.0
0.0
0.0
0.0
0.00857250245307781
0.0
0.0
0.0
0.0
0.0
0.0
0.0
0.0
0.0
0.0
0.0
0.0
0.0
0.0
0.0045160161912674935
0.0
0.0
0.0
0.00580351980291879
0.0
0.0
0.0
0.0
0.007673525860789616
0.008735167705542363
0.0
0.0
0.0
0.0
0.0
0.0
0.0
0.0
0.0
0.0
0.0
0.004904543210630595
0.0
0.0
0.0
0.0
0.0
0.0
0.0
0.0
0.0
0.0
0.0
0.0
0.0
0.0
0.0
0.0
0.0
0.0
0.0
0.0
0.21210481598755782
0.0
0.0
0.0
0.0
0.0
0.0
0.007902814462513851
0.0
0.0
0.0
0.0
0.0
0.0
0.0
0.0
0.0
0.0
0.0
0.0
0.0
0.0
0.008010083273484438
0.0
0.0
0.0
0.025461167221666147
0.0
0.0
0.0
0.0
0.0
0.0
0.0
0.0
0.006988134164433888
0.0
0.0
0.0
0.0
0.0
0.0
0.0
0.0
0.0
0.0
0.0
0.0
0.0
0.0
0.0
0.0
0.0
0.0
0.0
0.0
0.0
0.0
0.0
0.0
0.01642365169110188
0.0
0.0
0.0
0.0
0.0
0.0
0.0
0.009757116814592908
0.0
0.01846754990920298
0.0
0.0
0.0
0.0
0.0
0.0
0.0
0.0
0.014569997682853029
0.0
0.0
0.0
0.0
0.0
0.0
0.0
0.00604374307093053
0.002768982650159021
0.0
0.006651576751739066
0.00604374307093053
0.0
0.0
0.0
0.0
0.0
0.0
0.0
0.0
0.0
0.0
0.0
0.0
0.0
0.0
0.0
0.0
0.0
0.0
0.0
0.0
0.0
0.0
0.017470335411084725
0.0
0.0
0.006464792304442468
0.0
0.0
0.0
0.0
0.0
0.0
0.0
0.0
0.0
0.0
0.0
0.0
0.07070160532918594
0.00604374307093053
0.0
0.0
0.0
0.0
0.0
0.0
0.0
0.0
0.0
0.0
0.0
0.0
0.0
0.0
0.007140934681698877
0.0
0.0
0.0
0.009649848003622322
0.0
0.0
0.0
0.0
0.0
0.0
0.0
0.0
0.0
0.0
0.007550553344027261
0.0
0.002768982650159021
0.0
0.0
0.0
0.0
0.0
0.0
0.0
0.006988134164433888
0.0
0.0
0.004056486261810317
0.0
0.0
0.0
0.0
0.0
0.0
0.0
0.007550553344027261
0.0
0.047399332646996514
0.0
0.0
0.0
0.0
0.015101106688054523
0.0
0.0
0.0
0.0
0.0
0.0
0.0
0.0
0.0
0.00604374307093053
0.0
0.0
0.0
0.0
0.0
0.0
0.0
0.0
0.0
0.0
0.0
0.0
0.0
0.0
0.0
0.006825468911969339
0.0
0.0
0.0
0.0
0.0
0.0
0.0
0.0
0.0
0.0
0.0
0.0
0.0
0.0
0.0
0.004904543210630595
0.0
0.0
0.0
0.0
0.0
0.0
0.0
0.0
0.0
0.0
0.0
0.0
0.0
0.0
0.0
0.0
0.0
0.026205503116627088
0.008735167705542363
0.015101106688054523
0.0
0.0
0.0
0.0
0.07070160532918594
0.0
0.0
0.0
0.0
0.003494067082216944
0.0
0.0
0.006464792304442468
0.0
0.0
0.0
0.0
0.0
0.0
0.0
0.0
0.0
0.013650937823938678
0.0045160161912674935
0.0
0.0
0.0
0.0
0.0
0.0
0.0
0.0
0.0
0.0
0.0
0.0
0.0
0.0
0.0
0.0
0.0
0.0
0.0
0.0
0.0
0.0
0.0
0.0
0.0
0.0
0.0
0.0
0.0
0.0
0.0
0.03525090288435821
0.0
0.0
0.0
0.0
0.006651576751739066
0.0
0.0
0.0
0.0045160161912674935
0.0
0.0
0.0
0.009297586885135736
0.006651576751739066
0.0
0.0
0.0
0.0
0.0
0.0
0.0
0.0
0.0
0.0
0.0
0.0
0.0
0.0
0.0
0.0
0.0
0.0
0.0
0.0
0.0
0.0
0.0
0.008010083273484438
0.0
0.0
0.0
0.0
0.0
0.0
0.0
0.0
0.0
0.0
0.0
0.0
0.0
0.0
0.0
0.0
0.0
0.0
0.0
0.0
0.0
0.0
0.0
0.0
0.0
0.0
0.0
0.0
0.0
0.006825468911969339
0.0
0.0
0.0
0.0
0.003494067082216944
0.0
0.0
0.0
0.0
0.0
0.0
0.0
0.0
0.03923634568504476
0.0
0.0
0.0
0.0
0.0
0.0
0.0
0.0
0.008306947950477064
0.0
0.0
0.0
0.0
0.0
0.0
0.0
0.0
0.0
0.0
0.0
0.0
0.0
0.0
0.0
0.0
0.0
0.0
0.0
0.0
0.0
0.0
0.0
0.0
0.0
0.0
0.0
0.0
0.0
0.0
0.0
0.0
0.0
0.0
0.0
0.0
0.0
0.0
0.0
0.0
0.0
0.00839861029284754
0.007421271846183454
0.028783354686385078
0.0
0.0
0.0
0.06004121492953918
0.0
0.0
0.0
0.0
0.0
0.019819834663715796
0.0
0.0
0.03204033309393775
0.0
0.005241100623325416
0.0
0.0
0.0
0.006825468911969339
0.0
0.0
0.0
0.0
0.0
0.0
0.0
0.0
0.0
0.0
0.0
0.0
0.0
0.0
0.0
0.028783354686385078
0.0
0.0
0.0
0.0
0.0
0.0
0.0
0.0
0.0
0.0
0.0
0.0
0.0
0.0
0.0
0.0
0.0
0.0
0.0
0.0
0.0
0.0
0.0
0.0
0.0
0.0
0.0
0.0
0.0
0.0
0.0
0.0
0.0
0.0
0.0
0.0
0.0
0.0
0.0
0.0
0.008112972523620634
0.0
0.0
0.0
0.0
0.0
0.0
0.0
0.008735167705542363
0.0
0.002768982650159021
0.0
0.0
0.0
0.0
0.0
0.0
0.01991771877331883
0.019514233629185817
0.0
0.0
0.0
0.21305852051307625
0.0
0.0
0.06060137599644509
0.0
0.05026990745792768
0.0
0.0
0.0
0.01961817284252238
0.0
0.0
0.019720012129458214
0.17011677563369434
0.0
0.029112159092844078
0.00839861029284754
0.0
0.0
0.0
0.0
0.0
0.1826215890112082
0.0
0.010006869154923196
0.0
0.0
0.009101089760594193
0.0
0.0
0.0
0.0
0.0
0.0
0.009101089760594193
0.0
0.0
0.0
0.002768982650159021
0.0
0.0
0.0
0.0
0.00580351980291879
0.0
0.0
0.0
0.0
0.0
0.0
0.0
0.0
0.0
0.0202004586654817
0.0
0.0
0.0
0.0
0.0
0.0
0.026606307006956265
0.0
0.0
0.0
0.03963966932743159
0.0
0.0
0.0
0.0
0.0
0.0
0.0
0.0
0.0
0.0
0.0
0.00604374307093053
0.0
0.0
0.0177759364456147
0.0
0.0
0.0
0.0
0.0
0.0
0.0
0.0
0.0
0.0
0.0
0.0
0.0
0.0
0.0
0.0
0.0
0.0
0.0
0.0
0.0
0.0
0.0
0.0
0.0
0.0
0.0
0.0
0.0
0.0
0.0
0.0
0.0
0.03859939201448929
0.0
0.0
0.0
0.0
0.0
0.0
0.0
0.0
0.0
0.0
0.0
0.0
0.0
0.0
0.0
0.0
0.0
0.0
0.0
0.0
0.0
0.0
0.0
0.0
0.0
0.0
0.0
0.0
0.0
0.006263049732375966
0.0
0.0
0.0
0.0
0.0
0.0
0.0
0.0
0.006464792304442468
0.0
0.0
0.0
0.0
0.0
0.0
0.0
0.0
0.0
0.0
0.0
0.0
0.0
0.0
0.0
0.0
0.0
0.002768982650159021
0.0
0.0
0.0
0.0
0.0
0.007902814462513851
0.0
0.029112159092844078
0.0
0.0
0.0
0.016613895900954127
0.0
0.0
0.0
0.0
0.0
0.0
0.006651576751739066
0.0
0.0
0.0
0.0
0.0
0.0
0.0
0.004904543210630595
0.0
0.0
0.0
0.0
0.0
0.0045160161912674935
0.0
0.0
0.0
0.00857250245307781
0.0
0.0202004586654817
0.0
0.0
0.0
0.0
0.0
0.0
0.0
0.0
0.0
0.0
0.0
0.0
0.0
0.0
0.0
0.0
0.0
0.0
0.0
0.0
0.0
0.04904543210630596
0.0
0.0
0.0
0.0
0.0
0.0
0.004904543210630595
0.0
0.0
0.0
0.0
0.0
0.0
0.0
0.0
0.0
0.0
0.0
0.0
0.0
0.0
0.0
0.0
0.0
0.0
0.0
0.0
0.0
0.0
0.0
0.0
0.0
0.0
0.0
0.0
0.0
0.0
0.019819834663715796
0.0
0.0
0.0
0.0
0.0
0.0
0.0
0.0
0.014842543692366908
0.0
0.0
0.0
0.0
0.0
0.004056486261810317
0.0
0.0
0.0
0.0
0.008112972523620634
0.0
0.0
0.0
0.0
0.0
0.0
0.0
0.0
0.0
0.0
0.0
0.0
0.0
0.0
0.0
0.006988134164433888
0.0
0.0
0.0
0.0
0.0
0.0
0.00821182584555094
0.0
0.006263049732375966
0.0
0.0
0.0
0.005241100623325416
0.005537965300318042
0.0
0.0
0.0
0.0
0.0
0.01731029424696342
0.0
0.0
0.0
0.0
0.0
0.0
0.0
0.0
0.0
0.0
0.0
0.0
0.0
0.0
0.0
0.0
0.0
0.0
0.0
0.0
0.0
0.0
0.0
0.0
0.0
0.0
0.0
0.0
0.0
0.0
0.0
0.0
0.0
0.0
0.006651576751739066
0.0
0.0
0.0
0.009420559401898088
0.0045160161912674935
0.0
0.0
0.0
0.0
0.0
0.0
0.0
0.0
0.0
0.0
0.007550553344027261
0.0
0.0
0.0
0.007902814462513851
0.0
0.0
0.0
0.0
0.0
0.0
0.0
0.0
0.0
0.0
0.0
0.0
0.0
0.0
0.0
0.0
0.0
0.0
0.0
0.0
0.0
0.0
0.0
0.005241100623325416
0.0
0.0
0.0
0.0
0.0
0.0
0.0
0.007284998841426514
0.0
0.0
0.0
0.0
0.0
0.03768223760759235
0.0
0.01714500490615562
0.02302057758236885
0.0
0.0
0.0
0.05975315631995649
0.0
0.0
0.0
0.0
0.0
0.0
0.0
0.0
0.0
0.0
0.0
0.0
0.0
0.0
0.027892760655407207
0.0
0.1105937964074409
0.0
0.0
0.0
0.0
0.0
0.0
0.0
0.0
0.0
0.0
0.0
0.0
0.0
0.0
0.0
0.0
0.0
0.0
0.027892760655407207
0.0
0.0
0.0
0.0
0.0
0.0
0.0
0.0
0.0
0.0
0.0
0.0
0.0
0.0
0.0
0.0
0.0
0.009704053030948026
0.0
0.0
0.0
0.0
0.0
0.0
0.0
0.0
0.01642365169110188
0.024030249820453313
0.0
0.0
0.0
0.00604374307093053
0.0
0.016613895900954127
0.0
0.0
0.0
0.0
0.0
0.0
0.008306947950477064
0.0
0.01918890312425672
0.0
0.0
0.0
0.0
0.0
0.04002747661969278
0.0
0.0
0.009860006064729107
0.0
0.027892760655407207
0.0
0.0
0.0
0.0
0.017922058944881827
0.0
0.009032032382534987
0.0
0.0913107945056041
0.0
0.0
0.00857250245307781
0.0
0.0
0.0
0.04616887477300745
0.0
0.0
0.0
0.0
0.0
0.0
0.0
0.0
0.0
0.0
0.0
0.2840780273507683
0.0
0.0
0.0
0.0
0.0
0.01846754990920298
0.0
0.0
0.0
0.0
0.0
0.0
0.0
0.0
0.0
0.0
0.0
0.0811651506716481
0.0
0.0
0.0
0.0
0.0
0.0
0.0
0.0
0.0
0.0
0.046799115251503626
0.0
0.0
0.002768982650159021
0.0
0.0
0.0
0.009537810153147476
0.009757116814592908
0.0
0.009420559401898088
0.0
0.018841118803796176
0.02972975199557369
0.0
0.0
0.0
0.0
0.0
0.0
0.0
0.0
0.0
0.0
0.0
0.0
0.0
0.0
0.0
0.0
0.0
0.0
0.0
0.0
0.0
0.005537965300318042
0.0
0.0
0.0
0.0
0.0
0.0
0.0
0.0
0.05945950399114738
0.0
0.0
0.0
0.0
0.0
0.0
0.0
0.0
0.0
0.03359444117139016
0.26260596265126207
0.00888796822280735
0.0
0.0
0.09909917331857897
0.0
0.0
0.0
0.0
0.0
0.0
0.0
0.006988134164433888
0.0
0.0
