0.0
0.0
0.0
0.0
0.0
0.0
0.0
0.0
0.0
0.0
0.0
0.0
0.0
0.0
0.0
0.0
0.0
0.0
0.0
0.0
0.0
0.0
0.0
0.0
0.0
0.0
0.0
0.0
0.0
0.0
0.0
0.0
0.0
0.0
0.0
0.0
0.0
0.0
0.0
0.0
0.0
0.0
0.0
0.0
0.0
0.0
0.0
0.0
0.0
0.0
0.0
0.0
0.0
0.0
0.0
0.0
0.0
0.0
0.0
0.0
0.0
0.0
0.0
0.0
0.0
0.0
0.0
0.0
0.0
0.0
0.0
0.0
0.0
0.0
0.0
0.0
0.0
0.0
0.0
0.0
0.0
0.0
0.008331796877234844
0.0
0.0
0.008018270978775449
0.0
0.0
0.0
0.0
0.0
0.0
0.0
0.0
0.0
0.0
0.0
0.0
0.0
0.0
0.0
0.0
0.006132039401745293
0.0
0.0
0.0
0.0
0.0
0.0
0.0
0.0
0.0
0.0
0.0
0.0
0.0
0.0
0.0
0.0
0.0
0.0
0.0
0.0
0.0
0.0
0.0
0.0
0.0
0.0
0.0
0.0
0.0
0.0
0.0
0.0
0.0
0.0
0.0
0.0
0.0
0.0
0.0
0.0
0.0
0.0017725569046399482
0.0
0.0
0.0
0.0
0.0
0.0
0.0
0.0
0.0
0.0
0.0
0.0
0.0
0.0
0.0
0.0
0.0
0.0
0.0
0.0
0.0
0.0
0.0
0.0
0.0
0.0
0.0
0.0
0.0
0.0
0.0
0.0
0.0
0.0
0.0
0.0
0.0
0.0
0.0
0.005618872448497369
0.0
0.0
0.0
0.0
0.0
0.0
0.0
0.0
0.0
0.0
0.0
0.0
0.0
0.0
0.0
0.0
0.0
0.0
0.0
0.0
0.0
0.0
0.0
0.0
0.0
0.0
0.0017725569046399482
0.0
0.0
0.0
0.008018270978775449
0.0
0.0
0.0
0.0
0.0
0.0
0.0
0.0
0.0
0.0
0.0
0.0
0.0
0.0
0.0
0.0
0.0
0.0
0.0
0.0
0.0
0.0
0.0
0.0
0.005888306581310024
0.025563930480444145
0.0
0.0
0.0
0.0
0.0
0.0
0.0
0.0
0.0
0.0
0.0
0.0
0.005618872448497369
0.0
0.0
0.0
0.0
0.0
0.0
0.0
0.0
0.0
0.0
0.0
0.0
0.0
0.0
0.0
0.0
0.0
0.0
0.0
0.0
0.0
0.0
0.0
0.0
0.0
0.0
0.007090227618559793
0.0
0.0
0.0
0.006132039401745293
0.0
0.0017725569046399482
0.0
0.0
0.006559239972594897
0.0
0.0
0.0
0.0
0.0
0.0
0.0
0.0
0.0
0.0
0.0
0.0
0.0
0.0
0.0
0.0
0.0
0.0
0.0
0.0
0.0
0.0
0.0
0.0
0.0
0.0
0.0
0.0
0.0
0.0
0.0
0.0
0.0
0.0
0.0
0.0017725569046399482
0.008862784523199742
0.0
0.0
0.0
0.0
0.0
0.0
0.0
0.0
0.0
0.0
0.0
0.0
0.0
0.0
0.0
0.0
0.0
0.0
0.0
0.0
0.0
0.0
0.0
0.0
0.0
0.050765324754821955
0.0
0.004581993128888633
0.0
0.0
0.0
0.0
0.0
0.0
0.0
0.0
0.0
0.0
0.0
0.0
0.0
0.0
0.0
0.017042620320296097
0.0
0.009017817386357459
0.0
0.0
0.0
0.0
0.0
0.0
0.0
0.0
0.0
0.0
0.0
0.0
0.0
0.0
0.0
0.0
0.0
0.0
0.004115749676670075
0.0
0.0
0.0
0.0
0.0
0.009163986257777266
0.0
0.0
0.0164629987066803
0.0028094362242486845
0.0
0.0
0.006559239972594897
0.0
0.0
0.0
0.0
0.0
0.0
0.0
0.0
0.0
0.0
0.0
0.0
0.006132039401745293
0.0
0.0
0.0
0.0
0.0
0.0
0.0
0.009433420390589921
0.0
0.0
0.0
0.00497619635086815
0.0
0.0
0.0
0.0
0.0
0.0
0.0
0.0
0.0
0.0
0.0
0.0
0.0
0.0
0.0
0.0
0.0
0.0
0.0
0.0
0.0028094362242486845
0.0
0.0
0.0
0.0
0.0
0.0
0.0
0.0
0.0
0.0
0.0
0.0
0.0
0.0
0.0
0.006354550033528581
0.0
0.05410690431814475
0.010004056257980098
0.0
0.0035451138092798965
0.0
0.050765324754821955
0.0
0.014782858706274635
0.0
0.0035451138092798965
0.008781594876918012
0.0
0.0
0.0
0.0
0.0
0.0
0.0
0.0
0.0
0.0
0.0
0.0
0.0
0.0
0.0
0.00823149935334015
0.0
0.0
0.0
0.0
0.006748753255508098
0.0
0.0
0.0
0.0
0.0
0.0
0.0
0.0
0.006354550033528581
0.0
0.0
0.0
0.0
0.0
0.0
0.0
0.0
0.0
0.0
0.0
0.0
0.0
0.0
0.007090227618559793
0.0
0.0
0.05123894539207685
0.0
0.0
0.0
0.0
0.0
0.0
0.0
0.008781594876918012
0.0
0.0
0.0
0.0
0.0
0.08235093651830397
0.18446020341147668
0.0
0.0
0.0
0.006748753255508098
0.0
0.0
0.01024778907841537
0.0
0.0
0.0
0.0
0.0
0.0028094362242486845
0.0
0.0
0.0
0.0
0.0
0.0
0.0
0.0
0.0
0.0
0.0
0.0
0.0
0.0
0.0
0.0
0.0
0.009734622125167444
0.0
0.006132039401745293
0.0
0.0
0.0
0.0
0.0
0.0
0.018993131595506762
0.005888306581310024
0.0
0.0
0.0
0.0
0.0
0.0
0.0
0.0
0.0
0.0
0.0
0.0
0.0
0.0
0.0
0.0
0.0
0.0
0.0
0.0
0.0
0.0
0.0
0.0017725569046399482
0.0
0.0
0.0
0.0
0.0
0.0
0.0
0.0017725569046399482
0.0
0.0
0.0
0.0
0.0
0.0
0.0
0.0
0.0
0.0
0.0
0.0
0.0
0.0
0.0
0.0
0.0
0.0
0.0
0.0
0.0
0.004115749676670075
0.0
0.0
0.0
0.0
0.0
0.0
0.0
0.0
0.0
0.0
0.0
0.0
0.0
0.0
0.0
0.0
0.0
0.0
0.0
0.0
0.0035451138092798965
0.0
0.0017725569046399482
0.02583314326656908
0.0
0.006354550033528581
0.0
0.0
0.0
0.0
0.0
0.0
0.0
0.0
0.0
0.0
0.0
0.0
0.0
0.0
0.0
0.0
0.0
0.0
0.0
0.0
0.0
0.0
0.0
0.0
0.0
0.0
0.0
0.0
0.0
0.0
0.0
0.0
0.0
0.0
0.0
0.0
0.0
0.0
0.0
0.0
0.006132039401745293
0.0
0.0
0.0
0.0
0.0
0.0
0.0
0.0
0.0
0.0
0.0
0.0
0.0
0.0
0.0
0.0
0.0
0.0
0.0
0.0
0.0035451138092798965
0.0
0.0
0.0
0.0
0.0
0.0
0.0
0.0
0.0
0.0
0.06032818023579716
0.0
0.0
0.0
0.0
0.0
0.0
0.0
0.0
0.0
0.0
0.0
0.0
0.0
0.0
0.0
0.0
0.0
0.007660863485949972
0.0
0.0
0.0
0.0
0.0
0.0
0.0
0.0
0.0
0.0
0.0
0.0
0.0
0.0
0.0
0.0
0.0
0.0
0.0
0.0
0.012709100067057163
0.0
0.0
0.0
0.0
0.0
0.0
0.0
0.0
0.0035451138092798965
0.0
0.0
0.0
0.0
0.0
0.0
0.0
0.0
0.0
0.0
0.0
0.009433420390589921
0.0
0.0
0.0
0.0
0.0
0.0
0.0
0.061205193464316014
0.020008112515960196
0.0
0.0
0.02658835356959923
0.01625421387633706
0.0
0.011776613162620048
0.0
0.0
0.0
0.0
0.0
0.0
0.018866840781179842
0.0
0.0
0.0
0.01666359375446969
0.0
0.0
0.0
0.0
0.0
0.0
0.0
0.0
0.0
0.0
0.0
0.0
0.0
0.0
0.0
0.0
0.0
0.0
0.0
0.0
0.0
0.0
0.0
0.0
0.0
0.0
0.0
0.0
0.0
0.0017725569046399482
0.0
0.009558189479756783
0.007904596306385242
0.0
0.0
0.0
0.0
0.0
0.0
0.0
0.0
0.0
0.008781594876918012
0.0
0.02790675044701315
0.0
0.0
0.0
0.0
0.0
0.0
0.0028094362242486845
0.0
0.007391429353137318
0.0
0.0
0.0
0.0
0.0
0.0
0.0
0.0
0.0
0.0
0.00823149935334015
0.0
0.0
0.0
0.0
0.0
0.0
0.008018270978775449
0.0
0.0
0.0
0.0
0.0
0.0
0.0
0.0
0.0
0.0
0.0
0.0
0.0
0.0
0.0
0.0
0.0
0.0
0.0
0.004581993128888633
0.0
0.0
0.0
0.0
0.0
0.0
0.0
0.0
0.0
0.0
0.0
0.0
0.0
0.0
0.0
0.0
0.0
0.0
0.0
0.0
0.0
0.0
0.019116378959513566
0.0
0.0
0.0
0.0
0.0
0.0
0.0
0.0
0.0
0.0
0.0
0.0
0.0
0.0
0.0
0.0
0.0
0.0
0.0
0.0
0.0
0.0
0.0
0.0
0.0
0.0
0.0
0.0
0.0
0.0
0.00812710693816853
0.0
0.0
0.0
0.0
0.0
0.0
0.0
0.0
0.0
0.0
0.0
0.0
0.0
0.0
0.0
0.0
0.0
0.0
0.0
0.0
0.0
0.03938329928590911
0.0
0.0
0.0
0.0
0.0
0.0
0.012264078803490586
0.0
0.0
0.0
0.0
0.005317670713919844
0.0
0.0
0.0
0.0
0.0
0.0
0.0
0.0
0.0
0.0
0.0
0.0
0.0
0.0
0.0
0.0
0.0
0.0
0.0
0.0
0.0
0.0
0.0
0.0
0.0
0.0
0.0
0.0
0.0
0.0
0.0
0.0
0.0
0.0
0.0
0.009790827883415397
0.0
0.0
0.0
0.0
0.0
0.051469335323939984
0.0
0.0
0.0
0.12352640477745594
0.0
0.018035634772714918
0.0
0.0
0.0
0.0
0.0
0.03512637950767205
0.0
0.0
0.0
0.0
0.0
0.0
0.0
0.0
0.0
0.0
0.0
0.0
0.0
0.0
0.0
0.0
0.0
0.0
0.0
0.0
0.0
0.0
0.0
0.0
0.0
0.0
0.0
0.0
0.0
0.0
0.0
0.0
0.0
0.0
0.0
0.0
0.0
0.0
0.0
0.0
0.0
0.026236959890379587
0.0
0.0
0.0
0.0
0.0
0.0
0.0
0.007660863485949972
0.0
0.0
0.0
0.0
0.0
0.0
0.0
0.0
0.0
0.0
0.0
0.0
0.0
0.0
0.0
0.0
0.004581993128888633
0.0
0.0
0.0
0.0
0.0
0.0
0.0
0.0
0.0
0.0
0.0
0.0
0.0
0.0
0.0
0.0
0.0
0.009558189479756783
0.0
0.0
0.0
0.0
0.0
0.0
0.0
0.0
0.0
0.0
0.0
0.0
0.0
0.0
0.0
0.0
0.0
0.025563930480444145
0.0398095708069452
0.0
0.0
0.0
0.0
0.0
0.0
0.0
0.0
0.0
0.0
0.0
0.0
0.0
0.0
0.0
0.0
0.0
0.0
0.0
0.0
0.0
0.0
0.0
0.0
0.0
0.0
0.0
0.0
0.0
0.0
0.0
0.0
0.0
0.0
0.0
0.0
0.0
0.015809192612770483
0.006559239972594897
0.01946924425033489
0.0
0.018604500298008766
0.0
0.0
0.009734622125167444
0.0
0.0
0.0
0.0
0.0
0.0
0.0
0.0
0.0
0.0
0.0
0.0
0.0
0.0
0.0
0.004581993128888633
0.0
0.0
0.0
0.0
0.0
0.0
0.0
0.029537474464431838
0.0
0.00692518590091876
0.0
0.0
0.0
0.0
0.0
0.0
0.0
0.0
0.0
0.0
0.0
0.0
0.0
0.020775557702756284
0.0
0.0
0.005888306581310024
0.0
0.02024625976652429
0.0017725569046399482
0.0
0.0
0.0
0.0
0.0
0.0
0.0
0.0
0.2132143639702522
0.0
0.0
0.0
0.0
0.0
0.0
0.0
0.0
0.0
0.0
0.0
0.0
0.0
0.0
0.0
0.0
0.0
0.0
0.0
0.0
0.0
0.0
0.00497619635086815
0.0
0.0
0.0
0.0
0.0
0.0
0.0
0.0
0.0
0.0028094362242486845
0.0
0.0
0.0
0.0
0.0
0.0
0.0
0.0
0.0
0.0
0.0
0.0
0.0
0.0
0.0
0.0
0.0
0.0
0.0
0.030012168773940293
0.0
0.0
0.0
0.0
0.0
0.0
0.0
0.0
0.0
0.0
0.0
0.0
0.0
0.004581993128888633
0.0
0.0
0.0
0.0
0.0
0.0
0.0
0.0
0.0
0.0
0.029698991528425436
0.0
0.0
0.01832797251555453
0.0
0.0
0.0
0.0
0.0
0.0
0.004581993128888633
0.0
0.0
0.0
0.0
0.0
0.0
0.0
0.0
0.0
0.0
0.006354550033528581
0.0
0.0
0.0
0.0
0.0
0.0
0.0
0.0
0.0
0.0
0.0
0.0
0.0
0.0
0.0
0.0
0.0
0.0
0.0
0.0
0.0
0.0
0.0
0.0
0.0
0.0
0.0
0.0
0.0
0.0
0.0
0.0
0.010635341427839689
0.0
0.0
0.0
0.0
0.0
0.0
0.0137459793866659
0.0
0.0
0.0
0.0
0.0
0.0
0.0
0.010635341427839689
0.0
0.0
0.0
0.0
0.0
0.0
0.0
0.02790675044701315
0.0
0.0
0.0
0.0
0.0
0.0
0.0
0.0
0.0
0.0
0.0
0.0
0.0
0.0
0.0
0.0
0.0
0.0
0.0
0.0
0.0
0.0
0.0
0.0
0.0
0.0
0.0
0.0
0.0
0.009163986257777266
0.0
0.0
0.0
0.0
0.0
0.0
0.0
0.0
0.0
0.0
0.0
0.0
0.0
0.0
0.0
0.005888306581310024
0.0
0.0
0.0
0.0
0.0
0.0
0.0
0.0
0.0
0.0
0.0
0.0
0.0
0.005618872448497369
0.0
0.0017725569046399482
0.0
0.006354550033528581
0.0
0.0
0.0
0.0
0.0
0.0
0.0
0.0
0.0
0.0
0.0
0.0
0.0
0.0
0.0
0.0
0.0
0.0
0.0
0.006748753255508098
0.0
0.0
0.0
0.0
0.008781594876918012
0.0
0.017395485611117416
0.0
0.0
0.009677153211025191
0.0443485761188239
0.0
0.0
0.0
0.0
0.0
0.0
0.0
0.1024778907841537
0.0
0.0
0.0
0.0
0.0
0.0
0.0
0.007904596306385242
0.0
0.0017725569046399482
0.0
0.0
0.0
0.0
0.0
0.0
0.0
0.0
0.0
0.0
0.008781594876918012
0.007391429353137318
0.0
0.006748753255508098
0.0
0.0
0.0
0.0
0.0
0.0
0.0
0.0
0.0288550891720548
0.0
0.017563189753836025
0.0
0.0
0.0
0.007785632575116835
0.0
0.0
0.0
0.0
0.0
0.0
0.0
0.0
0.0
0.0
0.0
0.0
0.0
0.0
0.0
0.0
0.0
0.004115749676670075
0.0
0.0
0.0
0.0
0.0
0.0
0.0
0.0
0.0
0.0
0.0
0.0
0.0
0.0
0.0
0.006354550033528581
0.0
0.0
0.0
0.0
0.0
0.0
0.005317670713919844
0.0
0.0
0.0
0.0
0.0
0.0
0.009302250149004383
0.0
0.0
0.0
0.0
0.0
0.0
0.004581993128888633
0.0
0.0
0.007660863485949972
0.0
0.0
0.0
0.0
0.0
0.0
0.0
0.0
0.0
0.0
0.0
0.0
0.0
0.0
0.040218786823864774
0.0
0.0
0.0
0.0
0.0
0.0
0.0
0.0
0.04922912410738639
0.0
0.0
0.0
0.0
0.0
0.0
0.0
0.0
0.0
0.0
0.0
0.0
0.0
0.0
0.0
0.0
0.0
0.0
0.0
0.0
0.0
0.0
0.0
0.0
0.0
0.0
0.0
0.007529693244364435
0.0
0.0
0.0017725569046399482
0.0
0.0
0.0
0.0
0.0
0.0
0.0
0.0
0.0
0.0
0.0
0.0
0.0
0.0
0.0
0.0
0.0
0.00497619635086815
0.0
0.0
0.011776613162620048
0.0
0.0
0.0
0.0
0.0
0.0
0.0
0.0
0.0
0.0
0.0
0.0
0.0
0.0
0.0
0.0
0.0
0.0
0.0
0.0
0.0
0.0
0.0
0.0
0.0
0.0
0.0
0.0
0.007785632575116835
0.0
0.0
0.0
0.0
0.0
0.0
0.0
0.0
0.0
0.0
0.0
0.0
0.0
0.0
0.0
0.0
0.013497506511016196
0.0
0.01505938648872887
0.0
0.0
0.0
0.0
0.0
0.0
0.0
0.0
0.0
0.0
0.0
0.0
0.03665594503110906
0.0
0.0
0.0
0.0
0.00812710693816853
0.0
0.0
0.0
0.0
0.0
0.0
0.0
0.0
0.0
0.0
0.0
0.0
0.0
0.0
0.0
0.0
0.0
0.0
0.0
0.0
0.0
0.0
0.0
0.0
0.0
0.0
0.0
0.0
0.0
0.00497619635086815
0.0
0.0
0.0
0.0
0.0
0.0
0.0
0.0
0.0
0.0
0.0
0.016036541957550898
0.008428308672746054
0.0
0.0
0.0
0.0
0.0
0.0
0.0017725569046399482
0.0
0.0
0.0
0.0
0.0
0.0
0.0
0.0028094362242486845
0.0
0.0
0.0
0.0
0.012264078803490586
0.0
0.0
0.0
0.0
0.0
0.0
0.0
0.0
0.005888306581310024
0.0
0.0
0.0
0.0
0.0
0.0
0.0
0.0
0.0
0.017563189753836025
0.007391429353137318
0.0
0.0
0.006354550033528581
0.016036541957550898
0.0
0.0
0.0
0.0
0.0
0.0
0.0
0.005618872448497369
0.0
0.0
0.0
0.0
0.0
0.0
0.0
0.0
0.004581993128888633
0.0
0.0
0.0
0.0
0.0
0.0
0.0
0.0
0.0
0.0
0.0
0.0
0.0
0.0
0.0
0.0
0.0
0.009234052532645413
0.0
0.0
0.0
0.0
0.0
0.0
0.0
0.0
0.0
0.0017725569046399482
0.0
0.0
0.0
0.0
0.0
0.0
0.0
0.0
0.0
0.0
0.0
0.0
0.0
0.0
0.0
0.0
0.0
0.0
0.0
0.0
0.0
0.0
0.0
0.0
0.0
0.0
0.0
0.0
0.0
0.0
0.0
0.0
0.0
0.0
0.004581993128888633
0.0
0.0
0.0
0.0
0.0
0.0
0.0
0.0
0.0
0.0
0.0
0.0
0.0
0.0
0.0
0.0
0.0
0.0
0.0
0.0
0.0
0.0
0.0
0.0199047854034726
0.0
0.0
0.0
0.008018270978775449
0.00812710693816853
0.0
0.0
0.0
0.0
0.0
0.0
0.0
0.0
0.0
0.0
0.019116378959513566
0.0
0.008521310160148048
0.0
0.0
0.0
0.0
0.0
0.0
0.036936210130581654
0.0
0.0
0.0
0.0
0.0
0.0
0.0
0.0
0.0
0.0
0.0
0.0
0.0
0.0
0.0
0.0
0.0
0.0
0.0
0.0
0.0
0.0
0.0
0.0
0.0
0.0
0.0
0.0
0.0
0.0
0.0
0.0
0.0
0.0
0.0028094362242486845
0.0
0.0
0.0
0.0
0.008697742805558708
0.0
0.0
0.0
0.0
0.0
0.0
0.0
0.0
0.0
0.0
0.006748753255508098
0.0
0.0
0.0
0.0
0.0
0.0
0.0
0.0
0.0
0.0
0.0
0.0
0.0
0.0
0.0
0.0
0.0017725569046399482
0.0
0.0
0.0
0.008521310160148048
0.0
0.0
0.0
0.0
0.0
0.0
0.0
0.008428308672746054
0.0
0.0
0.0
0.008862784523199742
0.0
0.0
0.0
0.0
0.0
0.0
0.0
0.0
0.005888306581310024
0.0
0.0
0.0
0.0
0.0
0.0
0.0
0.0
0.0
0.0
0.0
0.0
0.0
0.0
0.0
0.0
0.0
0.0
0.0
0.0
0.0
0.01666359375446969
0.0
0.0
0.0
0.0
0.0
0.0
0.0
0.0
0.0
0.0
0.0
0.03747470478737432
0.0017725569046399482
0.0
0.0
0.0
0.0
0.0
0.0
0.0
0.0
0.0
0.0
0.0
0.007660863485949972
0.0
0.0
0.0
0.0
0.0
0.0
0.0
0.0
0.0
0.0
0.0
0.0
0.0
0.0
0.0
0.0
0.0
0.0
0.0
0.0
0.0
0.0
0.0
0.0
0.0
0.0
0.019799327685616954
0.0
0.0
0.0
0.0099523927017363
0.0
0.0
0.007391429353137318
0.0
0.0
0.0
0.0
0.0
0.009496565797753381
0.006559239972594897
0.0
0.00894147562599398
0.0
0.0
0.0
0.0
0.0
0.0
0.0
0.0
0.0
0.0
0.0
0.0
0.0
0.0
0.0
0.0
0.0
0.0
0.0
0.0
0.0
0.0
0.007785632575116835
0.0
0.0
0.0
0.0
0.0
0.0
0.0
0.0
0.0
0.0
0.0
0.0
0.0
0.0
0.0
0.0
0.006354550033528581
0.0
0.0028094362242486845
0.0
0.0
0.0
0.0
0.0
0.0
0.0
0.0
0.0
0.0
0.0
0.0
0.0
0.0
0.0
0.0
0.0
0.0
0.0
0.0
0.0
0.0
0.0
0.0
0.0
0.0
0.0
0.0
0.0
0.0
0.008428308672746054
0.0
0.0
0.0
0.0
0.0
0.0
0.0
0.0
0.0
0.0
0.0
0.0
0.0
0.019581655766830793
0.0
0.0
0.0
0.0
0.04922912410738639
0.0
0.0
0.07173452354890758
0.0
0.0
0.0
0.0
0.0
0.0
0.013497506511016196
0.0
0.0
0.0
0.0
0.0
0.0
0.007529693244364435
0.0
0.0
0.0
0.0
0.0
0.0
0.0
0.0
0.0
0.0
0.0
0.0
0.0
0.0
0.0
0.0
0.0
0.0
0.0
0.008018270978775449
0.0
0.0
0.0
0.0
0.0
0.0
0.0
0.0
0.0
0.0
0.0
0.0
0.0
0.0
0.0
0.0
0.0
0.0
0.0
0.006132039401745293
0.0
0.0
0.00497619635086815
0.0
0.0
0.0
0.0
0.0
0.0
0.0
0.0
0.0
0.0
0.0
0.0
0.0
0.0
0.0
0.0
0.0
0.0
0.0
0.0
0.0
0.0
0.0
0.0
0.0
0.0
0.0
0.0
0.0
0.0
0.0
0.0
0.0
0.0
0.0
0.0
0.0
0.0
0.0
0.0
0.0
0.0
0.0
0.0
0.007904596306385242
0.0
0.0
0.005317670713919844
0.0
0.008781594876918012
0.0
0.008611047755523024
0.0
0.0
0.028300261171769765
0.008428308672746054
0.0099523927017363
0.017042620320296097
0.007090227618559793
0.0
0.0
0.0
0.006132039401745293
0.0
0.0
0.0
0.0
0.0
0.0
0.0096183630573516
0.004115749676670075
0.0
0.0
0.0
0.0
0.0
0.0
0.0028094362242486845
0.0
0.0
0.0
0.0
0.0
0.0
0.0
0.0
0.0
0.0
0.0
0.0
0.01625421387633706
0.0
0.0
0.05317670713919846
0.0
0.0
0.0
0.0
0.0
0.0
0.009496565797753381
0.0
0.0
0.0
0.0
0.0
0.0
0.0
0.0
0.0
0.0
0.0
0.0
0.0
0.0
0.0
0.0
0.0
0.0
0.0
0.0
0.0
0.0
0.004115749676670075
0.0028094362242486845
0.0
0.006354550033528581
0.028300261171769765
0.0
0.0
0.0
0.0
0.0
0.0
0.0
0.0
0.0
0.005618872448497369
0.0
0.0
0.007904596306385242
0.0
0.0
0.0
0.0
0.0
0.0
0.0
0.0
0.0
0.0
0.0
0.0
0.0
0.0
0.0
0.0
0.0
0.06062612269124877
0.0
0.0
0.0
0.004581993128888633
0.0
0.0
0.016856617345492108
0.0
0.0
0.008781594876918012
0.0
0.0
0.0
0.0
0.0
0.0
0.0
0.0
0.0
0.0
0.0
0.0
0.0
0.005888306581310024
0.0
0.0
0.0
0.0
0.0
0.0
0.0
0.0
0.0
0.0
0.0
0.006132039401745293
0.0
0.0
0.0
0.0
0.0
0.0
0.0
0.0
0.0
0.0
0.0
0.0
0.0
0.0
0.0
0.0
0.0
0.0
0.008697742805558708
0.0
0.0
0.0
0.0
0.0
0.04949831921404239
0.0
0.0
0.0
0.0
0.0
0.0
0.007391429353137318
0.006559239972594897
0.0
0.0
0.0
0.0
0.0
0.0
0.0
0.0
0.0
0.0
0.0
0.0
0.0
0.0
0.0
0.0
0.00812710693816853
0.0
0.0
0.0
0.0
0.0
0.0
0.0
0.0028094362242486845
0.0
0.0
0.0
0.0
0.0
0.0
0.0
0.0
0.0
0.0
0.0
0.0
0.0
0.0
0.0
0.0
0.0
0.0
0.0
0.017725569046399485
0.0
0.0
0.0
0.11323253771266796
0.0
0.0
0.0
0.0
0.0
0.0
0.0
0.0
0.0
0.0
0.0
0.0
0.0
0.0
0.0
0.0
0.0
0.0
0.0
0.0
0.0
0.02848969739326014
0.0
0.0
0.0
0.0
0.007090227618559793
0.0
0.0
0.0
0.0
0.0
0.0
0.0
0.0
0.02528492601823816
0.0
0.0
0.0
0.0
0.0
0.0
0.0
0.0
0.0
0.0
0.0
0.0
0.02030612990192878
0.0
0.0
0.0
0.0
0.0
0.0
0.0
0.02658835356959923
0.0
0.0
0.0
0.0
0.0
0.006748753255508098
0.0
0.0
0.0
0.0
0.0
0.0
0.0
0.0
0.00936867619684358
0.00724526048171751
0.03720900059601753
0.0
0.1421429093135015
0.0
0.004581993128888633
0.0
0.0
0.0
0.007391429353137318
0.0
0.0
0.0
0.0
0.0
0.0
0.0
0.0
0.0
0.0
0.0
0.0
0.0
0.0
0.04099115631366148
0.0
0.0
0.0
0.0
0.0
0.0
0.0
0.0
0.0
0.0
0.0
0.0
0.0
0.0
0.0
0.0
0.0
0.0
0.005888306581310024
0.0
0.0
0.0
0.0
0.0
0.0
0.0
0.0
0.0
0.0
0.07140605904170202
0.0
0.0
0.005317670713919844
0.0
0.0
0.0
0.0
0.0
0.0
0.0
0.0
0.0
0.0
0.0
0.0
0.0
0.0
0.0
0.0
0.0
0.01625421387633706
0.0
0.0
0.0
0.0
0.0
0.0
0.0
0.0
0.0
0.0
0.0
0.0
0.0
0.0
0.0
0.0
0.0
0.0
0.0
0.0028094362242486845
0.0
0.0
0.0
0.0
0.0
0.0
0.0
0.0
0.0
0.0
0.0
0.0
0.006559239972594897
0.0
0.0
0.0
0.0
0.0
0.0028094362242486845
0.0
0.0
0.0
0.028094362242486844
0.0017725569046399482
0.0
0.0
0.0
0.0
0.0
0.01625421387633706
0.0
0.0
0.0
0.008018270978775449
0.0
0.0
0.0
0.0
0.0
0.0
0.0
0.004115749676670075
0.0
0.0
0.0
0.0
0.0
0.0
0.0
0.0
0.0
0.0
0.0
0.0
0.0
0.0
0.0
0.0
0.0
0.0017725569046399482
0.0
0.0
0.0
0.0
0.0
0.0
0.0
0.0
0.0
0.0
0.0
0.0
0.005618872448497369
0.0
0.0
0.0
0.0
0.0
0.0035451138092798965
0.0
0.0
0.0
0.0
0.0
0.0
0.0
0.0
0.0
0.0
0.0
0.0
0.0
0.0
0.0
0.0
0.0
0.0
0.0
0.0
0.0
0.0
0.00936867619684358
0.0
0.0
0.0
0.0
0.0
0.0
0.0
0.010104353781874796
0.0
0.0
0.0
0.0
0.0
0.006132039401745293
0.0
0.0
0.0
0.0
0.0
0.0
0.011776613162620048
0.0
0.0
0.0
0.0
0.0
0.0
0.0
0.0
0.0
0.0
0.1818783680737463
0.0
0.0
0.0
0.0
0.0
0.0
0.0
0.0
0.0
0.009163986257777266
0.0
0.0
0.0
0.0
0.0
0.0
0.0
0.009234052532645413
0.0
0.0
0.0
0.0
0.0
0.0
0.0
0.0
0.0
0.0164629987066803
0.0
0.0
0.0
0.0
0.0
0.0
0.0
0.0
0.0017725569046399482
0.0
0.0
0.0
0.0
0.0
0.0
0.0
0.0
0.0
0.0
0.0
0.0
0.0
0.0
0.0
0.0
0.009091946027538227
0.0
0.004115749676670075
0.0
0.048385766055125956
0.0
0.0
0.0
0.0
0.0
0.0
0.0
0.0
0.0
0.0
0.0
0.0
0.0
0.0
0.0
0.008018270978775449
0.0
0.0
0.0
0.0
0.0
0.0
0.0
0.0
0.0
0.0
0.0
0.16470187303660794
0.0
0.0
0.0
0.0
0.0
0.0
0.0
0.0017725569046399482
0.0
0.0
0.0
0.04041741512749918
0.0
0.0
0.0
0.0
0.0
0.0
0.0
0.0
0.0
0.0
0.0
0.009163986257777266
0.0
0.0
0.0
0.0
0.0
0.0
0.0
0.009091946027538227
0.0
0.0
0.0
0.01557126515023367
0.0
0.00823149935334015
0.0
0.0
0.0
0.0
0.0
0.0
0.0
0.0
0.0
0.0
0.0
0.0
0.0
0.0
0.0
0.0
0.0
0.0
0.009017817386357459
0.0
0.0
0.0
0.0
0.0
0.0
0.0
0.0
0.0
0.0
0.0
0.0
0.0
0.0
0.0
0.0
0.0
0.0
0.0
0.0
0.0
0.0
0.0
0.0
0.0
0.006748753255508098
0.005888306581310024
0.009017817386357459
0.009558189479756783
0.0
0.0
0.0
0.0
0.0
0.0
0.0
0.009017817386357459
0.0
0.0
0.0
0.008428308672746054
0.0
0.0
0.0
0.0
0.0
0.0
0.0
0.0
0.0
0.0
0.0
0.0
0.0
0.0
0.0
0.0
0.0
0.0
0.0
0.0
0.0
0.0
0.0
0.0017725569046399482
0.0
0.0
0.0
0.0
0.0
0.014782858706274635
0.0
0.0
0.0
0.0
0.0
0.0
0.0
0.0
0.004115749676670075
0.0
0.018183892055076454
0.0
0.0
0.0
0.0
0.0
0.0028094362242486845
0.0
0.0
0.0
0.0
0.0
0.0
0.0
0.0
0.0
0.0
0.01722209551104605
0.0
0.0
0.0
0.0
0.004581993128888633
0.0
0.0
0.0
0.0
0.0
0.0
0.0
0.0
0.0
0.004581993128888633
0.0
0.0
0.0
0.0
0.004115749676670075
0.0
0.019581655766830793
0.0
0.0
0.0
0.0
0.0
0.0
0.006748753255508098
0.0
0.0
0.0
0.0
0.0
0.0
0.0
0.0
0.0
0.0
0.0
0.05002028128990049
0.0
0.0
0.0
0.0
0.0
0.0
0.004115749676670075
0.0
0.0
0.0
0.0
0.0
0.0
0.0
0.005618872448497369
0.0
0.0
0.0
0.0
0.0
0.005888306581310024
0.0
0.0
0.0
0.0
0.0017725569046399482
0.0
0.006559239972594897
0.0
0.0
0.0
0.0
0.0
0.008331796877234844
0.0
0.0
0.0
0.0
0.0
0.0
0.017395485611117416
0.0
0.0
0.009163986257777266
0.0
0.0
0.0
0.0
0.0
0.0
0.0
0.0
0.0
0.18528960716618392
0.0
0.0
0.0
0.0
0.0
0.0
0.004581993128888633
0.0017725569046399482
0.0
0.0
0.0
0.0
0.0
0.0
0.0
0.0
0.0
0.0
0.0
0.0
0.0
0.0
0.0
0.0
0.0
0.0
0.0
0.0
0.0
0.09049227035369575
0.0
0.005888306581310024
0.0
0.005317670713919844
0.0
0.006748753255508098
0.0
0.0
0.0
0.0
0.0
0.0
0.0
0.0
0.0
0.0
0.0
0.0
0.0
0.0
0.0
0.0
0.0
0.0
0.0
0.0
0.0
0.0
0.0
0.0
0.0
0.030743367235246108
0.0
0.0
0.0
0.0
0.0
0.0
0.0
0.0
0.0
0.0
0.04867311062583722
0.0
0.0
0.0
0.0
0.0
0.0
0.0
0.0035451138092798965
0.0
0.0
0.0
0.0
0.0
0.0
0.0
0.008331796877234844
0.0
0.0
0.0
0.0
0.0
0.0
0.0
0.0
0.0
0.0
0.0
0.018993131595506762
0.0
0.0
0.0
0.0
0.0
0.0017725569046399482
0.0
0.0
0.0
0.0
0.0
0.0
0.0
0.0
0.006354550033528581
0.0
0.0
0.0
0.0
0.0
0.0
0.0
0.006748753255508098
0.0
0.0
0.0
0.0
0.0
0.0
0.0
0.0
0.0
0.0
0.0
0.0099523927017363
0.0
0.0
0.0
0.004581993128888633
0.0
0.0
0.0
0.0017725569046399482
0.0
0.0
0.0
0.0
0.0
0.0
0.0
0.0
0.0
0.0
0.0
0.03938329928590911
0.0
0.0
0.0
0.0
0.0
0.0
0.0017725569046399482
0.0
0.0
0.0
0.0
0.008018270978775449
0.0
0.0
0.007904596306385242
0.0
0.0
0.0
0.0
0.0
0.0
0.0
0.0
0.0
0.0
0.0
0.0
0.0
0.0
0.0
0.0
0.0
0.006559239972594897
0.0
0.0
0.0
0.0
0.0
0.0
0.0
0.0
0.0
0.0
0.0
0.0
0.0
0.0
0.0
0.029698991528425436
0.011237744896994738
0.0
0.016036541957550898
0.0
0.0
0.0
0.0
0.0
0.0
0.0
0.0
0.0
0.0
0.0
0.0
0.0
0.008018270978775449
0.0
0.0
0.0
0.007660863485949972
0.0099523927017363
0.0
0.0
0.0
0.0
0.0
0.00497619635086815
0.0
0.020401731154772007
0.0
0.0
0.0
0.0
0.0
0.0
0.0
0.0
0.0
0.0
0.00497619635086815
0.0
0.0
0.0
0.0
0.0
0.0
0.0
0.0
0.0
0.0
0.0
0.0
0.0
0.0
0.0
0.0
0.0
0.0
0.0
0.0
0.0
0.0
0.0
0.0
0.0
0.0
0.0
0.0
0.0
0.0
0.0
0.018183892055076454
0.0
0.0
0.0
0.0
0.0
0.0
0.0
0.0
0.0
0.0
0.0
0.01722209551104605
0.0
0.0
0.0
0.0
0.0
0.0
0.0
0.0
0.0
0.02658835356959923
0.0
0.0
0.0
0.0
0.0
0.0
0.00812710693816853
0.0
0.004581993128888633
0.0
0.0
0.0
0.0
0.0
0.0
0.0
0.0
0.0
0.0
0.0
0.0
0.0
0.0
0.0
0.0
0.0
0.029031459633075574
0.0
0.0
0.0
0.0
0.0
0.0
0.0
0.0
0.0
0.0
0.0
0.0
0.0
0.0
0.0
0.0
0.0
0.061205193464316014
0.0
0.0
0.0
0.0
0.0
0.0
0.0
0.0
0.0
0.0
0.0
0.0
0.0
0.0
0.0
0.0
0.0
0.0
0.0
0.0
0.0
0.0
0.0
0.0
0.05027348352983097
0.0
0.0
0.0
0.0
0.0035451138092798965
0.0
0.0
0.0
0.0
0.0
0.0
0.006354550033528581
0.0
0.0
0.0
0.0
0.0
0.0
0.0
0.0
0.0
0.0
0.00936867619684358
0.0
0.0
0.0
0.0
0.0
0.0
0.0
0.0
0.0
0.0017725569046399482
0.0
0.0
0.0
0.0
0.0
0.0
0.0
0.0
0.0
0.03938329928590911
0.0
0.01946924425033489
0.0
0.011237744896994738
0.0
0.004581993128888633
0.0
0.0
0.0017725569046399482
0.0
0.0
0.0
0.0
0.0
0.0
0.0
0.0
0.0
0.0
0.00692518590091876
0.0
0.0
0.0
0.0
0.0
0.0
0.0
0.0
0.0
0.0
0.0
0.0
0.0
0.0
0.0
0.0
0.0028094362242486845
0.0
0.0
0.0
0.0
0.0
0.0
0.0
0.0
0.0
0.0
0.0
0.0
0.0
0.0
0.0
0.0
0.0
0.0
0.0
0.0
0.009234052532645413
0.0
0.0
0.0
0.0
0.0
0.0
0.0
0.0
0.0
0.06603394273412945
0.0
0.0
0.0
0.0
0.03016409011789858
0.0
0.00497619635086815
0.0
0.0
0.0
0.0
0.0
0.0
0.0
0.005317670713919844
0.0017725569046399482
0.0
0.0028094362242486845
0.0
0.0
0.0
0.0
0.0
0.0
0.0
0.0
0.0
0.0
0.0
0.0
0.0
0.0
0.0
0.0
0.0
0.007529693244364435
0.0
0.0
0.0
0.0
0.0
0.0
0.0
0.0
0.0
0.0
0.0
0.0
0.0
0.0
0.0
0.0
0.006748753255508098
0.0
0.0
0.009558189479756783
0.0
0.0
0.0
0.0
0.0
0.0
0.0
0.0
0.0
0.0
0.0
0.0
0.020401731154772007
0.0
0.0
0.0
0.0
0.0
0.009734622125167444
0.0
0.0
0.0
0.0
0.0
0.0
0.0
0.0
0.0
0.0
0.0
0.0
0.0
0.0
0.007090227618559793
0.0
0.0
0.0
0.01873735239368716
0.0
0.0
0.0
0.0
0.0
0.0
0.0
0.00692518590091876
0.0
0.0
0.0
0.0
0.0
0.0
0.0
0.04099115631366148
0.0
0.0
0.0
0.0
0.018035634772714918
0.0
0.007090227618559793
0.0
0.0
0.0
0.0
0.0
0.0
0.0
0.02020870756374959
0.01873735239368716
0.0
0.005888306581310024
0.0
0.0
0.0
0.0
0.0
0.0
0.004581993128888633
0.0
0.0
0.0
0.0
0.0
0.0
0.009017817386357459
0.0
0.0
0.0
0.0
0.0
0.019581655766830793
0.0
0.0
0.0
0.0
0.006559239972594897
0.0
0.005888306581310024
0.0
0.0
0.004581993128888633
0.0
0.0
0.0
0.007090227618559793
0.0
0.0
0.0
0.0
0.0
0.0
0.0
0.0
0.029698991528425436
0.0
0.04041741512749918
0.0
0.0
0.0
0.0
0.0
0.0
0.0
0.0
0.0
0.0
0.0
0.0
0.00692518590091876
0.0
0.0
0.0
0.0
0.0
0.0
0.0
0.0
0.0
0.0
0.0
0.0
0.0
0.0
0.0
0.0
0.0
0.0
0.0
0.0
0.03114253030046734
0.0
0.051469335323939984
0.0
0.018604500298008766
0.0
0.0
0.0
0.018993131595506762
0.0
0.010054696705966194
0.0
0.0
0.0
0.0
0.0
0.0
0.0
0.0
0.0
0.0
0.0
0.0
0.0
0.0
0.009234052532645413
0.0
0.0
0.0
0.0
0.0
0.0
0.0
0.0
0.0
0.0
0.0
0.0
0.0
0.0
0.0
0.0
0.00497619635086815
0.0
0.0
0.0
0.0
0.0
0.0
0.0
0.0
0.0
0.0
0.0
0.0
0.0
0.0
0.0
0.0
0.03720900059601753
0.008428308672746054
0.0
0.0
0.0
0.0
0.0
0.0
0.0
0.0
0.0
0.0
0.0
0.0
0.0
0.0
0.0
0.0
0.0
0.0
0.0
0.0
0.0
0.0
0.14411413890703195
0.0
0.0
0.030459194852893175
0.0
0.0
0.0
0.0
0.0
0.0
0.0
0.0
0.0
0.0
0.0
0.0
0.008611047755523024
0.0
0.0
0.0
0.0
0.0
0.0
0.0
0.0
0.0
0.0
0.0
0.0
0.0
0.0
0.0
0.02030612990192878
0.0
0.0
0.008781594876918012
0.0
0.0
0.00894147562599398
0.0
0.0
0.0
0.0
0.0
0.0
0.0
0.0
0.010054696705966194
0.007660863485949972
0.0
0.0
0.0
0.0
0.29852214487885187
0.0
0.0
0.0
0.0
0.030602596732158007
0.0
0.0
0.0
0.0
0.0
0.0
0.0
0.0
0.0
0.0
0.0
0.0
0.0
0.0
0.0
0.0
0.006559239972594897
0.0
0.0
0.0
0.0
0.012264078803490586
0.0298571781052089
0.0
0.0
0.0
0.0
0.0
0.0
0.0
0.0
0.0
0.0
0.0
0.0
0.0
0.0
0.0
0.007904596306385242
0.0
0.0
0.0
0.0
0.0
0.0
0.0
0.0
0.0
0.0
0.0
0.0
0.0
0.0028094362242486845
0.0
0.0
0.0
0.0
0.0
0.0
0.0
0.0
0.0
0.0
0.0
0.0
0.0
0.0
0.0
0.0
0.0
0.0
0.0
0.0
0.0
0.0
0.0
0.0
0.0
0.0
0.0
0.0
0.0
0.0
0.0
0.0
0.0
0.0
0.0
0.008018270978775449
0.0
0.0
0.0
0.0192367261147032
0.0
0.0
0.0
0.0
0.0
0.0
0.005888306581310024
0.00724526048171751
0.015809192612770483
0.0
0.0
0.0028094362242486845
0.004581993128888633
0.0
0.0
0.00894147562599398
0.0
0.0
0.0
0.0
0.0
0.0
0.0
0.0
0.0
0.0
0.0
0.0
0.0
0.0
0.0
0.0
0.0017725569046399482
0.0
0.0
0.01788295125198796
0.0
0.0
0.0
0.0
0.007904596306385242
0.0
0.0
0.0
0.0
0.0
0.0
0.0
0.0
0.0
0.0
0.0
0.0
0.0
0.0
0.15440800597181994
0.0
0.009017817386357459
0.0
0.0
0.0
0.0
0.0
0.0
0.0
0.0
0.0
0.0
0.0
0.0
0.0
0.0
0.0
0.0
0.0
0.0
0.0
0.0
0.0
0.0
0.0
0.0
0.0
0.0
0.0
0.0
0.0
0.0
0.0
0.0
0.0
0.0
0.0
0.0
0.0
0.0
0.0
0.0
0.0
0.0
0.03408524064059219
0.0
0.0
0.0
0.0
0.0
0.0
0.0
0.0
0.0
0.0
0.0
0.0
0.0
0.0
0.0
0.0
0.0
0.0
0.0
0.0
0.017395485611117416
0.0
0.0
0.0
0.0
0.0
0.03959865537123391
0.0
0.0
0.0
0.0
0.0
0.0
0.004115749676670075
0.0
0.0
0.015321726971899943
0.0
0.0
0.00497619635086815
0.0
0.0
0.0035451138092798965
0.0
0.0
0.0
0.0
0.0
0.0
0.0
0.0
0.0
0.0
0.0
0.0
0.0
0.0
0.0
0.0
0.0
0.0
0.0028094362242486845
0.0
0.0
0.0
0.0
0.029031459633075574
0.0
0.0
0.0
0.01832797251555453
0.0
0.0
0.0
0.0
0.0
0.0
0.0
0.0
0.0
0.0
0.0
0.0
0.0
0.0
0.0
0.0
0.0
0.0
0.0
0.0
0.0
0.0
0.0
0.0
0.0
0.0
0.0
0.0
0.0
0.0
0.0
0.0
0.0274919587733318
0.009234052532645413
0.0
0.0
0.0
0.0
0.0
0.0
0.0
0.0
0.0
0.0
0.0
0.0035451138092798965
0.0
0.0
0.0
0.0
0.0
0.0
0.0
0.0
0.0
0.0
0.0
0.0
0.0
0.0
0.0
0.0
0.0
0.0
0.0
0.0
0.0
0.0
0.0
0.0
0.0
0.0
0.0
0.0
0.0
0.0
0.0
0.0
0.0
0.0
0.0
0.0
0.006559239972594897
0.010104353781874796
0.0
0.0
0.0
0.0
0.0
0.0
0.0
0.0
0.0
0.0
0.0
0.0099523927017363
0.0
0.0
0.0
0.0
0.0
0.0
0.0
0.0
0.0
0.0
0.0
0.0
0.0
0.0
0.0
0.0
0.0
0.0
0.0
0.0
0.0
0.0
0.0
0.0
0.01722209551104605
0.0
0.0
0.0
0.0344441910220921
0.0
0.0
0.0
0.0
0.0
0.0
0.0
0.0
0.007391429353137318
0.0
0.0
0.0
0.0
0.0
0.0
0.0
0.0
0.0
0.0
0.0
0.0
0.0
0.0
0.0
0.0
0.024054812936326345
0.0
0.0
0.0
0.0
0.0
0.0
0.005618872448497369
0.0
0.0
0.0
0.0
0.0
0.0
0.0
0.0
0.0
0.0
0.0
0.0
0.0
0.0
0.0
0.0
0.0
0.0
0.0
0.0
0.0
0.0
0.0
0.0
0.0
0.0
0.0
0.0
0.007904596306385242
0.0
0.00936867619684358
0.0
0.005888306581310024
0.0
0.0
0.0035451138092798965
0.0
0.0
0.0
0.0
0.014782858706274635
0.0
0.0
0.0
0.0
0.0
0.0
0.0
0.0
0.0
0.0
0.0
0.00936867619684358
0.0028094362242486845
0.0
0.0
0.0
0.0
0.0
0.0
0.0
0.0
0.0
0.0
0.0
0.0
0.0
0.0
0.0
0.0
0.0
0.0
0.0
0.0
0.0
0.0
0.0
0.006748753255508098
0.0
0.0
0.01015306495096439
0.0
0.0
0.0
0.0
0.0
0.0
0.0
0.0
0.0
0.0
0.0
0.0
0.0
0.0
0.0
0.0
0.0
0.0
0.0
0.0
0.0
0.0
0.005888306581310024
0.0
0.0
0.0
0.0
0.0
0.0
0.0
0.0
0.009302250149004383
0.0
0.0
0.0
0.0
0.0035451138092798965
0.0028094362242486845
0.0
0.0
0.0
0.0
0.0
0.0
0.0
0.0
0.007660863485949972
0.0
0.0
0.0
0.0
0.0
0.0
0.0
0.0
0.0
0.0
0.0
0.0
0.0
0.0
0.0
0.0
0.0
0.0
0.0
0.0
0.0
0.0
0.0
0.0
0.0
0.0
0.019116378959513566
0.0
0.0
0.0
0.0
0.00724526048171751
0.0
0.0
0.0
0.00894147562599398
0.0
0.0
0.0
0.0
0.0
0.0
0.0
0.0
0.0
0.0
0.0
0.0
0.0
0.018993131595506762
0.0
0.0
0.0035451138092798965
0.0
0.0
0.0
0.0
0.0
0.0
0.0
0.0
0.0
0.0
0.0
0.0
0.0
0.0
0.0
0.0
0.0
0.0
0.0
0.0
0.0
0.007660863485949972
0.0
0.0
0.0
0.006559239972594897
0.0
0.0
0.0
0.0
0.0
0.0
0.0
0.0
0.0
0.0
0.0
0.0
0.0
0.0
0.0
0.0
0.0
0.0
0.0
0.0
0.0
0.0
0.02634478463075404
0.0
0.006354550033528581
0.006354550033528581
0.0
0.0
0.0
0.0
0.0
0.0
0.0
0.007529693244364435
0.0035451138092798965
0.0
0.0
0.0
0.0
0.0
0.0
0.0
0.00936867619684358
0.0
0.0
0.0
0.0
0.0
0.0
0.0
0.0
0.0
0.0
0.0
0.005317670713919844
0.0
0.0
0.0
0.0
0.0
0.0
0.0
0.015809192612770483
0.0
0.0
0.0
0.0
0.0
0.0
0.0
0.0
0.0
0.0
0.0
0.0
0.0
0.0
0.0
0.007090227618559793
0.0
0.006132039401745293
0.0
0.0
0.010200865577386004
0.0
0.009091946027538227
0.0
0.0
0.0
0.0
0.0
0.0
0.004581993128888633
0.0
0.0
0.0
0.007785632575116835
0.0
0.0
0.0
0.0
0.0
0.0
0.0
0.0
0.0
0.0
0.0
0.0
0.0
0.0
0.0
0.0
0.0
0.0
0.00894147562599398
0.0
0.0
0.0
0.004581993128888633
0.009091946027538227
0.0
0.0
0.0
0.0
0.0
0.020775557702756284
0.0
0.0
0.0
0.0
0.0
0.0
0.0
0.0
0.0
0.0
0.0
0.0
0.0
0.023356897725350507
0.0
0.0
0.0
0.0
0.007090227618559793
0.0
0.0017725569046399482
0.0
0.0
0.0
0.0
0.0
0.0
0.0
0.0
0.0
0.0
0.0
0.0
0.0
0.0
0.0
0.0
0.0
0.0
0.0
0.007391429353137318
0.0
0.0
0.0
0.0
0.0
0.0
0.0
0.0
0.0
0.0
0.0
0.0
0.01385037180183752
0.0
0.0
0.0
0.0
0.0
0.007660863485949972
0.0
0.0
0.0
0.0
0.0
0.0
0.0
0.0
0.0
0.0
0.0017725569046399482
0.0
0.0
0.0
0.0
0.00823149935334015
0.0
0.0
0.0
0.0
0.004115749676670075
0.0
0.0
0.004115749676670075
0.0
0.00497619635086815
0.0
0.0
0.0
0.0
0.0
0.0
0.0
0.0
0.0
0.0
0.0
0.0
0.0
0.0
0.0
0.0
0.0
0.0
0.0
0.0
0.0
0.0
0.0
0.0
0.0
0.0
0.0
0.01722209551104605
0.0
0.03959865537123391
0.0
0.0
0.0
0.0
0.0
0.0
0.0
0.0
0.0
0.007904596306385242
0.0
0.0
0.007391429353137318
0.0
0.0
0.0
0.0
0.0
0.0
0.0
0.0
0.0
0.0
0.0
0.0
0.0
0.0
0.0
0.0
0.0
0.0
0.0
0.0
0.0
0.0
0.0
0.0
0.0
0.0
0.0
0.0
0.0
0.0
0.0
0.0
0.0
0.0
0.0
0.0
0.0
0.0
0.0
0.0
0.0
0.024995390631704535
0.0
0.0
0.016856617345492108
0.0
0.017563189753836025
0.0
0.0
0.0
0.0
0.012264078803490586
0.015321726971899943
0.0
0.0
0.0
0.2161712083605479
0.0
0.0
0.0
0.0
0.0
0.0
0.0
0.0
0.0
0.0
0.0
0.04949831921404239
0.0
0.0
0.0
0.0
0.0
0.009234052532645413
0.0
0.0
0.0
0.0
0.0
0.0
0.008611047755523024
0.028300261171769765
0.0
0.0
0.0
0.0
0.0
0.0
0.0
0.0
0.0
0.0
0.0
0.0028094362242486845
0.0
0.0
0.0
0.009302250149004383
0.0
0.0
0.0
0.019691649642954556
0.008018270978775449
0.0
0.0
0.0
0.0
0.0
0.0
0.0
0.0
0.0
0.0
0.0
0.0
0.0
0.0
0.0
0.029537474464431838
0.0
0.0
0.0
0.0
0.0
0.0
0.0
0.0
0.0
0.0
0.0
0.0
0.0
0.0
0.0
0.0
0.0
0.0
0.0
0.0
0.0
0.0
0.0
0.0
0.007529693244364435
0.0
0.0
0.008521310160148048
0.0
0.009558189479756783
0.0
0.0
0.0
0.008428308672746054
0.0
0.0
0.0
0.029203866375502333
0.008331796877234844
0.0
0.0
0.007660863485949972
0.0
0.0
0.0
0.0
0.0
0.018468105065290827
0.0
0.0
0.0
0.0
0.0
0.0
0.0
0.0
0.0
0.0
0.0
0.005317670713919844
0.0
0.017395485611117416
0.0
0.0
0.0
0.0
0.0
0.0
0.0
0.0
0.0
0.0035451138092798965
0.0
0.0
0.004581993128888633
0.0
0.0
0.0
0.0
0.0
0.0
0.0
0.0
0.0
0.0
0.023356897725350507
0.008862784523199742
0.0
0.0
0.020775557702756284
0.0
0.0
0.0
0.0
0.0
0.0
0.005317670713919844
0.0
0.0
0.0
0.0
0.0
0.0
0.0
0.0
0.0
0.0
0.0
0.0
0.0
0.0
0.0
0.007660863485949972
0.0
0.0
0.0
0.0
0.0
0.0
0.18446020341147668
0.0
0.0
0.0
0.0
0.0
0.0
0.0
0.0
0.0
0.0
0.0
0.0
0.0
0.0
0.0
0.0
0.0017725569046399482
0.007904596306385242
0.0
0.0
0.0
0.00812710693816853
0.0
0.0
0.0
0.0
0.0
0.0
0.0
0.0
0.0
0.0
0.0
0.0
0.0
0.0
0.0
0.0
0.0
0.0
0.0
0.0
0.0
0.0
0.0
0.0
0.0
0.0
0.0
0.0
0.0
0.014782858706274635
0.0
0.0
0.0
0.0
0.0
0.0
0.0
0.008331796877234844
0.0
0.0
0.0
0.0
0.0
0.0
0.0
0.03959865537123391
0.0
0.00936867619684358
0.0
0.0
0.0
0.0
0.0
0.0
0.0
0.0
0.007391429353137318
0.0
0.00497619635086815
0.0
0.0
0.0
0.0
0.0
0.0
0.0
0.0
0.0
0.0
0.0
0.0
0.0
0.0
0.0
0.0
0.0
0.0
0.0
0.0
0.0
0.0
0.0
0.0
0.0
0.0
0.0
0.0
0.0
0.0
0.0
0.0
0.008862784523199742
0.0
0.01492858905260445
0.0
0.0
0.0
0.0
0.0
0.0
0.0
0.0
0.0
0.0
0.0
0.0
0.0
0.07173452354890758
0.0
0.0
0.0
0.0
0.0
0.0
0.0
0.0028094362242486845
0.0
0.0
0.0
0.0
0.0
0.0
0.0
0.0
0.009163986257777266
0.0
0.0
0.0
0.0
0.0
0.0
0.005888306581310024
0.0
0.0
0.0
0.0
0.0
0.0
0.0
0.0
0.0
0.0
0.0
0.0
0.0
0.0
0.0
0.0
0.0
0.005888306581310024
0.0017725569046399482
0.0
0.0
0.0
0.0
0.0
0.0
0.0
0.0
0.0
0.0
0.0192367261147032
0.0
0.0
0.0
0.0
0.0
0.0
0.0
0.0
0.0
0.0
0.0
0.0
0.0
0.0
0.0
0.0
0.0
0.0
0.0
0.0
0.0
0.0
0.0
0.0
0.0
0.0
0.0
0.0
0.0
0.0
0.0
0.0
0.0
0.0
0.0
0.0
0.0
0.0
0.0
0.0
0.0
0.004581993128888633
0.0
0.0
0.011776613162620048
0.0
0.0
0.0
0.0
0.0
0.0
0.0
0.0
0.0
0.0
0.0
0.0
0.0
0.0
0.006132039401745293
0.0
0.0
0.0
0.0
0.0
0.008862784523199742
0.0
0.0
0.0
0.0
0.0
0.07173452354890758
0.0
0.0
0.0
0.0
0.0
0.0
0.0
0.0
0.0
0.0
0.0
0.0
0.0
0.0
0.0
0.0
0.0
0.0
0.0
0.0
0.006354550033528581
0.0
0.0
0.0
0.0
0.00724526048171751
0.0
0.0
0.0
0.0
0.0
0.0
0.01946924425033489
0.0
0.0
0.0
0.0
0.0
0.0
0.0
0.0
0.0
0.0
0.0
0.005317670713919844
0.0
0.0
0.0
0.0
0.0
0.0
0.006748753255508098
0.0
0.0
0.0
0.006748753255508098
0.0
0.0
0.0
0.0
0.0
0.0
0.0
0.018866840781179842
0.0
0.0
0.0
0.0
0.0
0.0
0.0
0.0
0.0
0.00692518590091876
0.0
0.0
0.0
0.0
0.0
0.0
0.0
0.0
0.0
0.0
0.0
0.0
0.0
0.0017725569046399482
0.0
0.0
0.0
0.0
0.0
0.0
0.0
0.0
0.0
0.0
0.0
0.0
0.0
0.0
0.0
0.0
0.0
0.0
0.0
0.0
0.0
0.0
0.00497619635086815
0.01625421387633706
0.0
0.0
0.0
0.0
0.0
0.0
0.0
0.0
0.0
0.0
0.0
0.0
0.0
0.0
0.0
0.0
0.0
0.0
0.0
0.0
0.0099523927017363
0.024054812936326345
0.0
0.005618872448497369
0.0
0.0
0.0
0.0
0.0
0.0
0.007660863485949972
0.0
0.0
0.0
0.0
0.0
0.0
0.0
0.0
0.0
0.0
0.0
0.0
0.0
0.0
0.0
0.0
0.0
0.005317670713919844
0.0
0.0
0.0
0.0
0.0
0.0
0.0
0.0
0.0
0.0
0.0
0.0
0.0
0.0
0.0
0.0
0.0
0.0
0.0
0.0
0.0
0.0
0.008521310160148048
0.01505938648872887
0.029203866375502333
0.0
0.0
0.0
0.11168371446060829
0.0
0.0
0.0
0.0
0.0
0.040218786823864774
0.0
0.0
0.0
0.0
0.0
0.0
0.0
0.0
0.0
0.0
0.0
0.0
0.0
0.0
0.0
0.0
0.0
0.0
0.0
0.0
0.0
0.0
0.0
0.004581993128888633
0.009734622125167444
0.0
0.0
0.0
0.0
0.0
0.0
0.0
0.0
0.0
0.0
0.0
0.0
0.0
0.0
0.0
0.0
0.0
0.0
0.0
0.0
0.0
0.0
0.007904596306385242
0.0
0.0
0.0
0.0
0.0
0.0
0.0
0.0
0.0
0.0
0.0
0.0
0.0
0.0
0.007904596306385242
0.0
0.0
0.0
0.0
0.0
0.0
0.0
0.0
0.0
0.009433420390589921
0.008862784523199742
0.0
0.0
0.0
0.0
0.0
0.0
0.0
0.0
0.02020870756374959
0.019799327685616954
0.0
0.0
0.0
0.2676405436844879
0.0
0.00724526048171751
0.07173452354890758
0.0
0.020401731154772007
0.0
0.0
0.04867311062583722
0.0
0.0
0.0
0.010004056257980098
0.10153064950964391
0.0
0.0
0.0
0.0
0.0
0.0
0.0
0.0
0.2161712083605479
0.0
0.04061225980385756
0.0
0.0
0.018468105065290827
0.0
0.0
0.0
0.0
0.0
0.0
0.009234052532645413
0.0
0.0
0.004581993128888633
0.0
0.0
0.019799327685616954
0.0
0.0
0.0
0.0
0.0
0.0
0.0
0.0
0.0
0.0
0.0
0.0
0.02049557815683074
0.0
0.0
0.0
0.0
0.0
0.0
0.0
0.0
0.0
0.01946924425033489
0.020109393411932387
0.0
0.0
0.0
0.019677719917784692
0.0
0.0
0.0
0.0
0.0
0.0
0.0
0.0
0.0
0.0
0.0
0.015809192612770483
0.005618872448497369
0.032073083915101795
0.0
0.0
0.0
0.0
0.0
0.0
0.0
0.0
0.0
0.0
0.0
0.0
0.0
0.0
0.0
0.0
0.0
0.0
0.0
0.0
0.0
0.0
0.0
0.0
0.0028094362242486845
0.0
0.0
0.012264078803490586
0.0
0.0
0.02937248365024619
0.0
0.0
0.0
0.0
0.0
0.0
0.0
0.0
0.0
0.0
0.0
0.0
0.0
0.0
0.0
0.0
0.0
0.0
0.0
0.0
0.0
0.0
0.0
0.0
0.0
0.0
0.006559239972594897
0.0
0.0
0.0
0.0
0.0
0.0
0.0
0.0
0.0
0.0
0.0
0.0
0.0
0.0
0.0
0.0
0.0
0.0
0.0
0.0
0.0
0.006132039401745293
0.0
0.0
0.0
0.0
0.0
0.0
0.0
0.0
0.0
0.0
0.0
0.0
0.0
0.0
0.0
0.029537474464431838
0.0
0.0
0.0
0.008428308672746054
0.0
0.0
0.0
0.0
0.0
0.0
0.0
0.0
0.0
0.0
0.0
0.008697742805558708
0.0
0.00724526048171751
0.0
0.0
0.0
0.0
0.0
0.0
0.0
0.0
0.0
0.0
0.0
0.0
0.07173452354890758
0.0
0.0
0.0
0.0
0.00497619635086815
0.0
0.0
0.0
0.0
0.0
0.0
0.0
0.0
0.0
0.0
0.0
0.0
0.0
0.0028094362242486845
0.0
0.0
0.0696667489121541
0.0
0.0
0.0
0.022589079733093303
0.0
0.0
0.00497619635086815
0.0
0.0
0.0
0.0
0.0
0.0
0.0
0.0
0.0
0.0
0.0
0.0
0.0
0.0
0.0
0.0
0.0
0.0
0.0
0.0
0.0
0.0
0.0
0.0
0.0
0.0
0.0
0.0
0.0
0.0
0.010054696705966194
0.0
0.0
0.0
0.0
0.0
0.0
0.0
0.0
0.0
0.0
0.0
0.005618872448497369
0.0
0.0
0.0
0.0
0.0
0.0
0.0
0.0
0.0
0.0
0.0
0.0
0.0
0.0
0.0
0.0
0.0
0.0
0.0017725569046399482
0.0
0.0
0.0
0.0
0.0
0.0
0.0
0.0
0.0
0.0
0.0
0.0
0.0
0.0
0.0
0.0
0.0
0.0
0.0
0.0
0.0
0.0
0.0017725569046399482
0.008331796877234844
0.008781594876918012
0.0
0.0
0.0
0.019677719917784692
0.0
0.0
0.0
0.0
0.0
0.0
0.0
0.0
0.0
0.004115749676670075
0.0
0.0
0.0
0.0
0.0
0.0
0.0
0.0
0.0
0.0
0.0
0.0
0.0
0.0
0.0
0.0
0.0
0.0
0.0
0.0
0.0
0.0
0.0
0.0
0.02867456843927035
0.0
0.0
0.0
0.0
0.0
0.0
0.0
0.0
0.0
0.0
0.0
0.007660863485949972
0.0
0.0
0.0
0.0
0.0
0.0
0.0
0.0
0.0
0.0
0.0
0.0
0.0
0.0
0.0035451138092798965
0.0
0.0
0.007391429353137318
0.0
0.0
0.0
0.0
0.0
0.0
0.00724526048171751
0.0
0.0
0.0
0.0
0.0
0.0
0.0
0.0
0.0
0.0
0.0
0.0
0.0
0.0
0.0
0.0
0.03823275791902713
0.0
0.008697742805558708
0.0
0.0
0.0
0.0
0.030313061345624386
0.0
0.0
0.00823149935334015
0.004581993128888633
0.0
0.007090227618559793
0.0
0.0
0.0
0.0
0.0
0.0
0.0
0.0
0.009433420390589921
0.0
0.010200865577386004
0.0
0.0
0.025563930480444145
0.0
0.0
0.0017725569046399482
0.0
0.0
0.0
0.0
0.0
0.0
0.0
0.0
0.0
0.0
0.0
0.0
0.018866840781179842
0.0
0.0
0.0
0.0
0.004581993128888633
0.0
0.0
0.0
0.0
0.0
0.0
0.0
0.0
0.0
0.0
0.0
0.0
0.029537474464431838
0.0
0.0
0.0
0.0
0.0
0.0
0.0
0.0
0.0
0.0
0.0
0.0
0.0
0.0
0.0
0.0
0.0035451138092798965
0.0
0.0
0.0
0.0
0.0
0.008428308672746054
0.0
0.0
0.0
0.0
0.0
0.0
0.0
0.06091838970578635
0.005618872448497369
0.0
0.0
0.0
0.009433420390589921
0.0
0.0
0.0
0.009496565797753381
0.009091946027538227
0.0
0.009163986257777266
0.0
0.15440800597181994
0.0
0.0
0.0
0.0
0.0
0.0
0.0
0.0
0.0
0.0
0.0
0.0
0.0
0.0
0.0
0.0
0.0
0.0
0.3602853472675799
0.0
0.0
0.0
0.0
0.0
0.028106028590530744
0.0
0.0
0.0
0.0
0.0
0.0
0.0017725569046399482
0.0
0.0
0.0
0.0
0.07205706945351598
0.004581993128888633
0.0
0.0
0.0
0.0
0.0
0.0
0.0
0.0
0.0
0.0
0.0
0.0
0.0
0.0
0.0
0.0
0.019354306422050382
0.019799327685616954
0.0
0.019116378959513566
0.0
0.019116378959513566
0.010054696705966194
0.0
0.0
0.0
0.0
0.0
0.0
0.0
0.0
0.0035451138092798965
0.0
0.0
0.0017725569046399482
0.0
0.0
0.0
0.0
0.0
0.0
0.00724526048171751
0.0
0.0
0.0
0.0
0.0
0.0
0.0
0.0
0.0
0.0
0.0
0.07038287694176336
0.0
0.0
0.0
0.0
0.0
0.0
0.0
0.0
0.0
0.0
0.04099115631366148
0.0
0.0
0.0
0.040218786823864774
0.0
0.0
0.0
0.01385037180183752
0.0
0.0
0.004115749676670075
0.0
0.0
0.0
