0
0
0
0
0
0
0
0
0
0
0
0
0
0
0
0
0
0
0
0
0
0
0
0
0
0
0
0
0
0
0
0
0
0
0
0
0
0
0
0
0
0
0
0
0
0
0
0
0
0
0
0
0
0
0
0
0
0
0
0
0
0
0
0
0
0
0
0
0
0
0
0
0
0.021972302167469177
0
0
0
0
0
0
0.010751071273713613
0
0.05053476242752921
0
0
0
0
0
0
0
0
0
0
0
0
0
0
0
0.0
0
0
0
0
0
0
0
0
0
0
0.022834885731300516
0
0
0
0.015091036428826015
0
0.0
0
0
0
0.021972302167469177
0
0
0
0
0
0
0
0
0
0
0
0
0
0
0
0
0
0
0
0
0
0
0
0
0
0
0
0
0
0
0
0
0
0
0
0.0499264288811442
0
0
0
0
0
0
0
0
0
0
0.041686674127695195
0
0.008520022405708257
0
0
0
0.015091036428826015
0
0
0.01612660691057042
0
0
0.017040044811416515
0
0
0
0.013895558042565065
0
0.03408008962283303
0
0
0
0
0
0.015091036428826015
0
0
0
0
0
0
0
0
0
0
0
0
0
0
0
0
0
0
0
0
0
0.025267381213764605
0
0
0
0
0
0
0
0
0
0
0
0
0
0
0.026114249962481358
0
0
0
0.019891845576907798
0
0
0
0
0
0
0
0
0.017857142857142856
0
0
0
0
0
0
0
0
0
0
0
0
0.021502142547427227
0
0
0
0
0.013895558042565065
0
0
0
0
0
0.12323314658139338
0
0
0
0
0
0
0
0
0
0
0
0
0
0
0
0
0.021502142547427227
0
0
0
0
0
0
0
0
0
0
0
0.0
0
0
0
0
0
0
0
0
0
0
0
0
0
0
0
0
0
0
0
0
0.0
0
0
0.019271093679421872
0.005375535636856807
0
0
0
0
0
0
0
0
0.053755356368568076
0
0
0
0
0
0
0.0
0
0
0
0
0
0
0
0
0
0
0
0
0
0
0
0
0
0
0
0
0
0
0
0.010751071273713613
0
0
0
0
0
0
0
0
0
0
0
0
0.02584210770253963
0
0.027347837804325984
0
0
0
0
0.02100162962599431
0
0
0
0
0
0
0
0
0
0
0
0
0
0
0
0
0
0
0
0
0
0
0
0
0
0
0
0
0
0
0
0
0
0
0
0
0
0
0
0
0
0
0
0
0
0
0
0.2288657130468518
0
0
0
0
0
0
0
0
0
0
0
0
0
0
0.01248160722028605
0.01612660691057042
0
0
0
0
0
0
0
0
0
0.005375535636856807
0
0
0
0
0
0
0
0
0
0
0
0
0
0
0
0
0
0.06067750015485781
0
0
0
0.21553448370009864
0.028003602215482055
0
0
0.010751071273713613
0
0
0
0
0
0
0
0
0
0
0
0
0
0
0
0
0
0
0
0
0
0
0
0
0
0
0
0
0
0
0.038542187358843745
0
0
0
0
0
0
0.0
0
0.023611058834534272
0
0
0
0
0
0
0
0
0.18646743101724042
0
0.0
0
0
0
0
0.0249632144405721
0.026631458818469154
0
0
0
0
0.026377165262851113
0.2497411467151715
0.3107790516954007
0
0.013895558042565065
0
0
0
0
0.15538952584770035
0
0
0
0
0
0
0
0
0
0
0
0
0
0
0
0
0
0
0.008520022405708257
0.02046657206568282
0
0
0
0.05904330406340513
0
0.018596297949254017
0
0
0
0
0
0
0.028799711727138133
0
0
0.027116320354962278
0
0
0
0
0
0
0
0
0
0
0
0
0
0
0
0
0
0
0
0
0
0
0
0
0
0.027572643649112067
0
0
0
0
0
0
0
0
0
0
0.017040044811416515
0
0
0
0
0
0
0
0
0
0
0
0
0
0
0
0
0
0
0
0
0
0
0
0.022415580448273322
0
0
0
0
0.010751071273713613
0
0
0
0
0
0
0
0
0
0.07834274988744408
0
0
0
0
0
0
0
0
0
0
0
0
0
0
0
0
0
0
0
0
0
0
0
0
0
0
0
0
0
0
0
0
0
0
0
0
0
0
0
0
0
0
0
0
0
0
0
0
0
0
0
0
0
0
0
0
0
0
0
0
0
0
0
0
0
0
0
0
0
0
0
0
0
0
0.15246162286588716
0
0
0
0
0.023971833586110824
0
0
0
0
0
0
0
0
0
0
0.019271093679421872
0
0
0.0499264288811442
0
0
0
0.022834885731300516
0
0
0
0
0
0
0
0
0
0
0
0
0
0
0
0
0.0
0
0
0
0
0
0
0
0
0
0
0.010751071273713613
0
0
0
0
0
0
0
0
0.08582464239256943
0
0
0
0
0
0
0
0.030935602853981583
0.030338750077428905
0
0
0.026877678184284038
0
0
0.03571428571428571
0
0
0
0
0
0
0
0
0.02431656850031416
0
0
0
0
0
0
0
0
0
0
0
0
0
0
0
0
0
0
0
0
0
0
0
0.013895558042565065
0
0
0
0
0
0
0
0
0
0
0
0
0
0
0
0
0
0
0
0
0.026631458818469154
0
0.028210421368157323
0.027572643649112067
0
0
0
0
0
0
0
0
0
0
0
0
0
0
0
0
0
0
0
0
0
0.0
0
0
0
0
0
0
0
0
0
0
0
0
0
0
0
0
0
0
0
0
0
0
0
0
0
0
0
0
0
0
0
0
0
0
0
0
0
0
0
0
0
0
0
0
0
0.005375535636856807
0.23189275577112864
0
0
0
0
0
0
0
0
0
0.022834885731300516
0
0
0
0
0
0
0
0.019271093679421872
0
0
0
0
0.017040044811416515
0
0
0
0
0
0
0
0
0
0
0
0
0
0
0
0
0
0
0
0
0
0
0
0.0
0
0
0
0
0
0.05971778064056134
0
0
0
0
0
0
0
0
0
0
0
0
0
0
0
0
0
0
0
0
0
0
0
0
0
0
0
0
0
0.027347837804325984
0
0
0
0
0
0
0.0
0
0
0
0
0
0
0
0
0
0
0.029692104137170966
0
0
0
0
0
0.1560882166969822
0
0
0
0.4682646500909466
0
0.08204351341297796
0
0
0
0
0
0.05326291763693831
0
0.021502142547427227
0
0
0.11667631825568477
0
0
0
0
0
0
0
0
0
0
0.021972302167469177
0
0
0
0
0
0
0
0
0
0
0
0
0
0
0
0
0.05469567560865197
0
0
0
0
0
0
0
0
0.039783691153815595
0
0
0
0
0
0
0
0.023232678493999664
0
0
0
0
0.02100162962599431
0
0
0.019891845576907798
0
0
0
0.013895558042565065
0
0
0
0
0
0
0
0
0
0
0
0
0
0
0
0
0
0
0
0
0
0
0.08695978341417324
0
0
0
0
0
0
0
0
0
0
0
0
0
0
0
0
0
0
0.03018207285765203
0
0
0
0
0
0
0
0
0
0
0
0
0
0
0
0
0
0
0
0
0
0.01612660691057042
0
0
0
0
0
0
0
0
0
0
0
0
0
0
0
0
0
0.0885649560951077
0
0.1128416854726293
0
0
0.029521652031702567
0
0
0
0
0
0
0
0
0
0
0
0
0
0
0
0
0
0
0
0
0
0.29521652031702567
0
0.05971778064056134
0
0
0
0
0
0
0
0
0
0
0
0
0
0
0.017040044811416515
0.06300488887798293
0.0
0
0
0
0
0
0.018596297949254017
0
0
0
0
0
0
0
0.5542315295145394
0
0.044831160896546644
0.01248160722028605
0
0
0
0
0
0
0
0
0
0
0
0
0
0
0
0
0
0
0
0
0
0
0
0
0
0
0
0
0
0
0
0
0
0
0
0
0
0
0
0
0
0
0
0
0
0
0
0
0
0.15169375038714453
0
0
0
0
0
0
0
0
0
0
0
0
0
0
0
0
0
0.055145287298224134
0
0
0
0
0
0
0.030022164953135484
0
0
0.02779111608513013
0
0
0
0
0
0
0
0
0
0.010751071273713613
0
0
0
0
0
0
0
0
0
0.017857142857142856
0
0
0
0
0
0
0
0
0
0
0
0
0
0
0
0
0
0
0
0
0
0
0
0
0
0
0
0
0
0
0
0
0
0
0
0
0
0.013895558042565065
0
0
0
0
0
0
0
0
0
0
0
0
0
0
0
0.16926252820894394
0
0
0
0
0
0
0
0
0
0
0
0
0
0
0
0
0
0
0
0.017040044811416515
0
0
0
0
0
0
0
0.026877678184284038
0
0
0
0.008520022405708257
0
0
0
0
0
0
0
0
0
0
0
0
0
0
0
0
0
0
0
0
0
0
0
0
0
0
0.0775263231076189
0
0
0
0
0.019271093679421872
0
0
0
0
0
0
0
0
0
0
0
0
0
0
0.025560067217124775
0
0
0
0
0
0
0
0
0
0.05326291763693831
0
0.10550866105140445
0
0
0.14673684611483817
0.044831160896546644
0
0
0
0
0
0
0
0.43509067237356097
0
0
0
0
0
0.02584210770253963
0
0.023971833586110824
0
0
0
0
0
0
0
0
0
0
0
0
0
0
0
0
0
0
0
0.0
0
0
0
0
0.05833815912784238
0
0.10652583527387662
0
0
0
0.023611058834534272
0
0
0
0
0
0
0.010751071273713613
0
0
0
0
0
0
0
0
0
0
0
0
0
0
0
0
0
0
0
0
0
0
0
0
0
0
0
0
0
0
0
0.0827179309473362
0
0
0
0
0.013895558042565065
0
0
0
0.05642084273631465
0
0
0
0
0
0
0
0
0
0
0
0
0
0
0
0
0
0
0
0
0
0
0
0
0.0914769737195323
0
0
0
0
0
0
0
0
0.08957667096084201
0
0
0
0
0
0
0.019891845576907798
0
0
0
0
0
0
0
0
0.0
0
0
0
0
0
0.010751071273713613
0
0
0
0
0
0
0
0
0
0
0
0
0
0
0
0
0
0
0
0
0
0
0
0.01248160722028605
0
0
0
0
0
0
0.08063303455285212
0
0
0
0
0
0
0
0
0
0.024646629316278677
0
0
0
0.005375535636856807
0
0
0
0
0
0
0
0
0
0
0
0
0
0
0
0.005375535636856807
0
0
0
0
0
0.02584210770253963
0
0
0
0
0
0
0
0
0
0.0499264288811442
0.022834885731300516
0
0
0
0
0
0
0
0
0
0
0
0
0.02779111608513013
0
0
0
0
0.024646629316278677
0.021502142547427227
0
0
0
0
0
0.013895558042565065
0
0
0
0
0.018596297949254017
0
0
0
0
0
0.013895558042565065
0
0
0
0
0
0
0
0
0
0
0
0
0
0
0
0
0
0
0
0
0
0
0
0
0
0
0
0
0.023232678493999664
0
0
0
0
0
0
0
0
0
0
0
0
0
0
0
0
0
0
0
0
0
0
0
0
0
0
0
0
0
0
0
0
0
0
0.026631458818469154
0
0
0
0
0
0
0
0
0
0
0
0
0
0
0
0
0
0
0
0
0
0
0
0
0.008520022405708257
0
0
0
0
0
0
0
0
0.0
0
0
0
0
0
0.028003602215482055
0
0
0
0
0
0
0
0
0
0
0
0
0
0
0
0
0
0
0
0
0
0
0
0
0
0
0
0
0
0
0
0
0
0
0
0
0
0
0
0
0
0
0
0
0
0
0
0
0
0
0
0
0
0
0
0
0
0
0
0
0
0
0
0
0
0
0
0
0.03018207285765203
0
0
0
0
0
0
0
0
0.030022164953135484
0
0
0
0
0
0
0
0
0
0.010751071273713613
0
0
0
0
0
0.08401080664644617
0
0
0
0
0
0
0
0
0.030022164953135484
0
0
0
0
0
0
0.017040044811416515
0
0
0
0
0
0
0.07668020165137432
0.018596297949254017
0
0
0
0
0
0
0
0
0
0
0
0
0
0
0
0.026377165262851113
0
0
0
0
0
0
0
0
0
0
0
0.0
0
0
0
0
0
0
0
0.018596297949254017
0
0
0
0.021502142547427227
0
0
0
0
0
0.017040044811416515
0
0.02584210770253963
0
0
0
0.028608214130856475
0
0
0
0.025560067217124775
0
0
0
0
0
0
0
0
0
0
0
0
0
0
0.019271093679421872
0
0
0
0
0.02046657206568282
0
0
0
0
0
0.022415580448273322
0
0.20673686162031704
0
0
0
0
0
0
0.025267381213764605
0
0
0
0
0
0
0
0
0
0
0
0.14205933991308028
0
0
0
0
0
0
0
0
0
0
0
0
0
0
0
0
0
0
0
0
0
0
0
0
0
0
0
0
0
0
0
0
0
0
0
0
0
0
0
0.18013298971881292
0
0
0
0
0
0
0.022415580448273322
0
0
0
0
0.024646629316278677
0.028799711727138133
0
0
0.054232640709924555
0
0
0
0
0
0
0
0
0
0
0
0
0
0
0.024646629316278677
0
0
0
0
0
0
0
0
0
0
0
0
0
0.01612660691057042
0
0
0
0
0.018596297949254017
0
0
0
0
0
0.019271093679421872
0
0
0
0
0
0
0
0
0
0
0
0
0
0
0
0
0
0
0
0
0
0
0
0
0
0
0
0
0
0
0
0
0
0
0
0
0
0
0
0.01248160722028605
0
0
0
0
0
0
0.11876841654868386
0
0
0
0
0.11943556128112268
0
0
0.37293486203448084
0
0
0
0
0
0
0.02046657206568282
0
0
0
0
0
0
0
0
0
0
0
0
0.008520022405708257
0
0
0
0
0.0
0
0
0
0
0
0
0
0
0.14589941100188494
0
0
0
0
0
0
0
0
0
0.018596297949254017
0
0.03225321382114084
0
0
0
0
0
0.021502142547427227
0
0
0
0
0
0
0
0
0
0
0
0
0
0
0
0
0
0
0
0
0
0
0
0
0
0
0
0
0
0
0.010751071273713613
0
0
0
0
0
0
0
0
0
0
0
0
0
0
0
0
0
0
0.04794366717222165
0
0
0
0
0
0
0
0
0
0
0
0
0
0
0
0
0
0
0
0
0
0.01612660691057042
0
0
0.02916907956392119
0
0
0
0
0.025267381213764605
0
0
0
0
0
0
0
0
0
0
0
0
0
0
0
0.024646629316278677
0
0
0.1343883909214202
0
0
0
0
0
0
0.028799711727138133
0
0
0
0
0
0
0
0
0
0
0.005375535636856807
0
0
0
0
0
0.022834885731300516
0
0
0
0
0
0
0
0.019271093679421872
0
0.17164928478513886
0
0
0
0
0
0
0.0
0
0
0
0
0
0
0.0
0
0
0.023232678493999664
0
0
0
0
0
0
0
0
0
0
0
0
0
0.12257166740248567
0
0
0
0
0
0
0
0
0.022834885731300516
0.026631458818469154
0
0
0
0
0
0
0
0
0
0
0
0
0
0
0
0
0
0
0
0
0
0
0
0
0
0
0
0
0
0
0
0
0.039783691153815595
0
0
0.015091036428826015
0
0
0
0
0
0
0
0
0
0
0
0
0
0
0.18013298971881292
0
0
0
0
0
0
0
0
0.037192595898508034
0
0
0
0
0
0
0
0
0
0
0
0
0
0
0
0
0
0
0
0
0
0.013895558042565065
0
0
0
0
0
0
0
0
0
0
0.017040044811416515
0
0
0
0
0
0.0
0
0
0
0
0
0
0
0
0.3746117200727572
0.018596297949254017
0
0
0
0
0
0
0
0
0
0
0
0
0
0
0
0
0
0
0
0
0
0
0
0
0
0.021502142547427227
0
0
0
0.07191550075833247
0
0
0
0.0
0
0.02046657206568282
0
0
0
0
0
0
0
0
0
0
0
0.03079064052858552
0
0
0
0
0
0
0
0
0.02431656850031416
0.04646535698799933
0
0
0
0
0
0
0
0
0
0
0
0
0.11364747193046422
0
0.028210421368157323
0
0.8621379348003946
0
0
0
0.008520022405708257
0
0.022415580448273322
0
0.028411867982616055
0
0
0
0
0
0
0.027116320354962278
0
0
0
0
0
0.4040127672040209
0
0
0
0
0
0
0
0
0
0
0
0
0
0
0
0
0
0
0
0
0
0
0
0
0
0
0
0
0
0.061871205707963166
0
0.02779111608513013
0
0
0
0.0
0
0
0
0
0
0
0
0
0
0
0
0
0
0
0
0
0.018596297949254017
0
0
0
0
0
0
0
0
0
0
0
0
0
0
0
0
0
0
0
0
0
0
0
0
0
0
0
0
0
0
0
0
0
0
0
0
0
0
0
0
0
0
0
0
0
0
0
0
0
0
0
0
0
0
0
0
0
0
0
0
0
0.026877678184284038
0
0
0
0
0
0
0
0
0
0
0
0
0
0
0
0
0
0
0
0
0
0
0
0
0
0
0
0
0
0.053755356368568076
0
0
0
0
0
0.015091036428826015
0.021972302167469177
0
0
0
0
0
0
0
0
0
0
0
0
0
0
0
0
0
0
0
0
0
0
0
0
0
0
0
0
0.12257166740248567
0
0
0
0
0
0
0
0
0
0
0
0
0
0
0
0
0
0
0
0
0
0
0
0.5209295864605641
0
0
0
0
0
0
0
0
0
0.08337334825539039
0
0
0
0
0
0
0
0.028003602215482055
0
0
0
0
0
0
0.02100162962599431
0
0
0
0
0
0
0
0
0
0
0
0
0
0
0
0
0
0
0
0
0
0
0
0
0
0
0
0
0.055145287298224134
0
0
0
0.029347369222967632
0
0
0
0
0
0
0
0
0
0
0
0
0
0
0
0.02431656850031416
0
0
0
0
0
0
0
0
0
0
0
0.3746117200727572
0.039783691153815595
0
0
0
0
0
0
0
0
0
0
0.12257166740248567
0
0
0
0
0
0
0
0
0
0
0
0.22232892868104104
0
0
0
0
0.14001801107741027
0
0
0.027572643649112067
0
0
0
0
0
0.0748896433217163
0
0
0.17391956682834647
0
0
0
0
0
0
0
0
0
0
0
0
0
0
0
0.027347837804325984
0
0
0
0
0
0
0
0
0
0
0
0
0
0
0
0.005375535636856807
0
0
0
0
0
0
0
0
0
0
0.017857142857142856
0.027347837804325984
0.02898659447139108
0
0.053755356368568076
0
0
0
0
0
0.027347837804325984
0
0
0
0
0
0
0.01612660691057042
0
0
0
0.0
0
0.02100162962599431
0
0
0
0
0
0
0
0
0
0
0
0
0
0
0
0
0.019271093679421872
0
0
0
0.06724674134481996
0
0
0
0
0
0
0
0
0
0
0
0
0
0
0
0
0.008520022405708257
0
0
0
0
0
0
0
0
0.005375535636856807
0
0
0
0.0249632144405721
0
0
0
0
0
0
0
0
0
0
0.017040044811416515
0
0
0
0
0
0
0
0
0
0
0
0
0
0
0
0.02046657206568282
0
0
0
0
0
0
0
0
0
0
0
0.12135500030971562
0
0
0
0
0
0
0
0
0
0
0
0
0
0
0
0
0
0
0
0
0
0
0
0
0
0
0
0
0
0
0
0
0
0
0
0.02100162962599431
0
0
0
0
0
0
0
0.02779111608513013
0
0
0
0
0
0
0
0.04929325863255735
0
0.4058293634121537
0
0
0.0
0
0
0
0
0
0
0
0
0
0
0
0
0
0
0
0
0
0
0
0
0
0
0
0
0
0
0.3659078948781292
0
0
0
0.01612660691057042
0.010751071273713613
0
0
0
0
0
0
0
0
0
0
0.010751071273713613
0
0
0
0
0
0
0
0
0
0
0
0
0
0
0
0.03107790516954007
0.028608214130856475
0
0
0
0
0
0
0
0
0
0.029521652031702567
0
0
0
0.01612660691057042
0
0
0
0
0.0
0
0
0
0
0
0
0
0
0
0
0
0
0
0
0
0
0
0
0.057599423454276266
0
0
0
0.02431656850031416
0
0
0
0
0
0
0
0
0
0.0
0
0
0
0
0
0
0
0
0
0
0
0
0
0
0
0.013895558042565065
0
0.025267381213764605
0
0
0.03018207285765203
0
0
0
0
0
0
0
0
0
0
0
0
0
0
0
0
0
0
0
0.05971778064056134
0
0
0
0
0
0
0
0
0
0
0
0
0
0
0
0
0
0
0
0
0
0
0
0
0
0.044831160896546644
0.04566977146260103
0
0
0
0
0
0
0
0
0
0
0
0
0
0
0
0
0
0
0
0
0
0.09006649485940646
0.017040044811416515
0
0
0
0
0
0
0
0
0
0
0
0
0
0
0.017040044811416515
0
0
0
0
0.023232678493999664
0.03018207285765203
0
0
0.037192595898508034
0.025267381213764605
0.03225321382114084
0
0
0.061871205707963166
0
0
0
0
0
0
0
0
0
0
0
0
0
0
0
0.01612660691057042
0.0
0
0
0
0
0
0
0
0
0.05112013443424955
0
0
0
0
0.0
0.04527310928647804
0.11207790224136661
0
0
0.010751071273713613
0
0
0
0
0
0
0
0.021972302167469177
0
0.05938420827434193
0
0
0
0.010751071273713613
0
0
0
0
0.026114249962481358
0
0
0
0
0.05682373596523211
0
0
0
0
0
0
0
0
0
0
0
0.024646629316278677
0.026377165262851113
0
0
0
0
0
0
0
0
0
0
0
0
0
0
0
0
0
0
0.058694738445935264
0
0
0
0
0
0
0.0
0
0
0
0
0
0
0
0
0.027347837804325984
0
0.21654921997787108
0.05326291763693831
0
0
0
0
0
0
0
0
0
0
0
0
0
0
0
0
0
0
0
0
0
0
0.026631458818469154
0.030492324573177434
0
0
0
0
0
0.0
0
0
0
0
0
0
0
0
0
0
0
0
0
0
0
0
0.05682373596523211
0
0
0
0
0
0
0
0
0
0
0
0
0
0
0
0
0
0
0
0.02985889032028067
0
0.05904330406340513
0
0.017040044811416515
0
0.02779111608513013
0
0
0
0
0
0
0
0
0
0
0.013895558042565065
0
0.052228499924962715
0
0
0
0.02584210770253963
0
0
0
0.028003602215482055
0
0
0
0
0
0
0
0
0
0
0
0
0
0
0
0
0
0
0
0
0
0
0
0.04929325863255735
0
0
0
0
0
0
0.028003602215482055
0
0
0
0
0
0
0
0
0
0.028608214130856475
0
0
0
0
0.24393859658541947
0.010751071273713613
0.015091036428826015
0
0
0
0
0
0
0
0
0
0
0
0
0
0
0
0
0
0
0
0
0
0
0
0
0
0
0
0.02046657206568282
0
0
0
0
0
0
0
0
0
0
0
0
0
0
0
0
0.02100162962599431
0
0
0
0.1449329723569554
0
0
0
0
0
0
0
0
0
0
0
0
0.1856136171238895
0
0
0
0
0
0.11808660812681027
0
0
0
0
0
0
0
0
0
0
0.019891845576907798
0.02779111608513013
0.023611058834534272
0
0
0
0
0
0
0
0
0
0
0
0
0
0
0
0
0
0
0
0
0.028799711727138133
0.06215581033908014
0
0
0
0
0.08204351341297796
0
0
0
0
0
0
0
0
0
0.06128583370124283
0.028411867982616055
0
0
0
0
0
0
0
0
0
0
0
0
0
0
0
0.027347837804325984
0
0
0
0
0
0.029692104137170966
0.017040044811416515
0
0
0
0
0
0
0
0
0
0
0
0
0
0
0
0
0
0
0
0
0
0.06004432990627097
0
0.030642916850621416
0
0
0
0
0.0
0.019891845576907798
0
0
0
0
0
0
0
0
0
0
0
0
0
0
0
0
0
0
0
0
0.14877038359403214
0
0
0
0
0
0
0.047222117669068545
0
0.12487057335758575
0
0.028210421368157323
0
0
0
0.0863991351814144
0
0
0
0
0
0
0
0
0
0
0
0
0
0
0.04646535698799933
0.17391956682834647
0.08401080664644617
0
0
0
0
0
0
0
0
0
0
0
0
0
0
0
0
0
0
0
0
0
0
0
0
0
0
0
0
0
0
0
0
0
0.028210421368157323
0.05112013443424955
0.11207790224136661
0
0
0
0
0
0
0
0
0
0
0
0
0
0
0
0
0
0
0
0
0
0.1873058600363786
0
0
0.06158128105717104
0
0
0.16674669651078078
0
0
0
0
0
0
0
0
0
0
0
0
0
0
0
0
0
0
0
0
0
0
0
0
0
0.18474384317151313
0
0
0.10652583527387662
0
0
0.027116320354962278
0
0
0
0
0
0
0
0
0.0914769737195323
0
0
0
0
0
0.5931352234485323
0
0
0
0
0.12374241141592633
0
0
0
0
0
0
0
0
0
0
0
0
0
0
0
0
0
0
0
0
0
0
0
0
0
0.0
0
0
0
0
0
0
0
0
0
0
0
0
0
0
0
0
0.008520022405708257
0
0
0
0
0
0
0
0.026877678184284038
0
0
0
0
0
0
0.019271093679421872
0
0.010751071273713613
0
0
0.015091036428826015
0
0
0
0
0
0
0
0
0
0
0
0
0
0
0
0
0
0
0
0
0
0
0
0
0
0
0
0
0
0.05833815912784238
0
0
0.010751071273713613
0
0
0
0
0.021972302167469177
0
0.05357142857142857
0
0
0
0
0
0
0
0
0
0
0
0
0
0
0.0
0
0
0
0.02431656850031416
0
0
0
0
0
0
0
0
0
0
0
0
0
0
0
0
0
0
0
0
0
0
0
0
0
0
0.1560882166969822
0
0.13673918902162993
0
0
0
0
0
0
0
0
0
0
0
0
0
0
0.01248160722028605
0
0
0
0
0
0.052228499924962715
0.019891845576907798
0
0
0
0
0
0
0
0
0
0
0
0.015091036428826015
0
0
0
0
0
0
0
0
0.02584210770253963
0
0
0
0
0
0
0
0
0
0
0
0
0
0
0
0
0
0
0
0.0
0
0
0
0
0
0
0.15011082476567741
0
0
0
0
0.018596297949254017
0
0
0
0.0
0
0
0
0
0
0
0
0
0
0
0
0
0
0
0
0
0
0
0
0
0.008520022405708257
0.023971833586110824
0
0
0.0
0
0
0
0
0
0
0
0
0
0
0
0
0.010751071273713613
0
0
0
0
0
0
0
0
0
0
0
0
0
0
0
0
0.02100162962599431
0
0.01612660691057042
0
0
0
0
0
0
0
0
0
0
0.05558223217026026
0
0
0
0
0
0
0
0
0
0
0
0
0
0
0
0
0
0
0
0
0
0
0
0
0
0
0
0
0
0
0
0
0
0
0
0
0
0
0
0
0
0
0
0
0
0
0
0
0
0
0.12257166740248567
0
0
0
0
0.0
0
0
0
0.005375535636856807
0
0
0
0
0
0
0
0.0
0
0
0
0
0
0
0
0
0
0
0
0
0
0
0
0
0.022415580448273322
0
0
0
0
0.01612660691057042
0
0
0
0
0
0
0
0
0
0
0
0
0
0
0
0
0
0
0
0
0
0.015091036428826015
0
0
0
0
0
0
0
0
0
0
0
0
0
0
0
0
0
0
0
0
0
0
0
0
0
0
0
0
0
0.03408008962283303
0
0
0
0.018596297949254017
0
0
0
0
0
0
0
0
0
0
0
0
0
0
0
0
0
0
0
0
0
0
0.008520022405708257
0
0.026631458818469154
0.01612660691057042
0
0
0
0
0
0.05682373596523211
0
0
0
0
0
0
0
0
0
0
0
0
0
0
0
0
0
0
0
0
0
0
0
0
0.02046657206568282
0
0
0.06158128105717104
0
0
0
0
0
0
0
0
0
0
0
0.02046657206568282
0
0
0
0
0.0
0
0
0
0
0.01248160722028605
0.125
0
0
0
0
0
0
0.018596297949254017
0
0.05642084273631465
0.015091036428826015
0
0
0
0
0
0
0
0
0
0.01248160722028605
0
0
0.005375535636856807
0.023232678493999664
0
0
0
0
0
0
0
0
0
0
0
0
0
0
0
0
0
0
0
0
0
0
0
0
0
0
0.1449329723569554
0
0
0
0
0
0
0
0.023232678493999664
0.027116320354962278
0
0
0
0
0
0
0
0
0.025267381213764605
0
0
0
0
0.028799711727138133
0
0
0
0
0
0
0.021972302167469177
0
0
0.017857142857142856
0
0
0
0
0
0
0
0
0
0
0
0
0
0
0.023232678493999664
0
0
0
0.019891845576907798
0
0
0
0
0
0
0
0
0
0.023232678493999664
0
0
0
0
0
0
0
0
0
0.08204351341297796
0
0
0.05326291763693831
0
0
0
0
0
0
0
0
0
0
0
0
0
0.03225321382114084
0.010751071273713613
0
0
0
0
0.05682373596523211
0
0
0
0
0
0
0
0
0
0
0
0
0
0
0
0
0
0
0.017857142857142856
0.04794366717222165
0
0
0
0
0
0
0
0
0
0
0.02100162962599431
0
0
0
0
0
0
0
0
0
0.030935602853981583
0
0.13786321824556033
0
0
0
0
0
0
0
0
0
0
0.047222117669068545
0
0
0
0
0
0
0
0
0
0
0
0
0
0
0
0
0
0
0.054232640709924555
0
0
0
0
0.055145287298224134
0
0
0
0
0
0.04200325925198862
0
0
0.013895558042565065
0
0
0
0
0
0
0
0
0
0
0
0
0.010751071273713613
0
0
0
0
0
0
0
0
0.010751071273713613
0
0
0
0
0
0
0
0.008520022405708257
0
0
0
0
0
0
0
0
0
0
0
0
0
0
0
0
0.021502142547427227
0
0.021502142547427227
0
0
0
0
0
0
0
0.023232678493999664
0
0
0
0
0
0
0
0
0
0
0
0
0
0
0
0
0
0
0
0.008520022405708257
0
0
0
0
0
0.015091036428826015
0
0
0
0
0
0
0
0
0
0
0
0
0
0
0
0
0.05326291763693831
0
0
0
0
0
0
0
0
0
0.017040044811416515
0.07834274988744408
0
0
0.019271093679421872
0
0
0
0
0
0
0.017857142857142856
0
0
0
0
0
0
0
0
0
0
0
0
0
0
0
0
0
0
0
0
0
0
0
0
0
0
0
0
0
0.022415580448273322
0
0
0
0
0
0
0
0
0
0
0
0
0
0
0
0
0
0
0
0.05112013443424955
0
0
0
0
0
0
0
0
0
0
0
0.5619175801091358
0
0.008520022405708257
0
0
0.013895558042565065
0
0
0
0
0
0
0.06004432990627097
0
0
0
0.053755356368568076
0
0.11201440886192822
0
0
0
0
0
0
0.026114249962481358
0
0.0
0
0
0.02046657206568282
0
0.013895558042565065
0
0
0
0
0
0
0
0
0
0.028210421368157323
0
0
0
0.02985889032028067
0.04863313700062832
0
0
0
0
0
0
0
0
0
0
0
0
0.0
0
0
0.02985889032028067
0
0
0
0
0
0
0
0
0
0
0
0
0
0
0
0
0
0
0
0
0
0
0
0
0.022834885731300516
0
0
0.0775263231076189
0
0.11594637788556432
0
0
0
0.025560067217124775
0
0
0
0.0885649560951077
0
0
0
0
0
0
0
0
0
0.028003602215482055
0
0
0
0
0
0
0
0
0
0
0
0.01612660691057042
0
0.026377165262851113
0.015091036428826015
0
0.013895558042565065
0
0
0
0.019891845576907798
0
0
0
0
0
0
0
0
0
0
0.008520022405708257
0
0
0
0.025267381213764605
0
0.047222117669068545
0.026877678184284038
0
0
0
0
0
0
0
0
0
0
0.0
0
0
0
0
0
0
0
0
0
0
0
0
0
0
0
0
0
0
0
0
0
0.18646743101724042
0
0
0
0
0
0
0
0.03571428571428571
0
0
0
0
0
0
0
0
0
0.023971833586110824
0
0
0
0
0.028210421368157323
0
0
0.07834274988744408
0
0
0
0
0
0
0
0
0
0.005375535636856807
0
0
0
0
0
0
0
0
0
0
0
0
0
0
0
0.022415580448273322
0
0.008520022405708257
0
0
0
0
0
0.025267381213764605
0
0
0
0
0
0
0
0.06004432990627097
0
0
0
0
0
0
0
0
0
0
0
0
0
0
0
0
0
0
0
0
0
0
0
0
0
0
0
0
0
0
0
0
0
0
0
0
0
0
0
0
0
0
0
0
0
0
0
0
0
0
0
0
0
0
0
0
0
0
0
0
0
0.3418569568649408
0
0
0
0.017857142857142856
0
0
0
0
0
0
0
0
0
0
0
0
0
0
0
0.05938420827434193
0
0
0
0
0
0
0
0
0
0
0
0
0
0
0
0
0
0
0
0
0
0
0
0
0
0
0
0
0
0
0
0.023232678493999664
0
0
0
0
0
0
0.023232678493999664
0
0
0
0
0
0
0
0
0
0
0
0
0
0
0
0
0
0
0
0
0
0
0
0
0
0
0.013895558042565065
0
0
0
0
0
0
0
0
0
0
0
0
0.017857142857142856
0
0
0
0
0.010751071273713613
0
0
0
0
0
0.015091036428826015
0
0
0.02431656850031416
0
0
0
0
0
0.026877678184284038
0.026877678184284038
0.023232678493999664
0
0
0
0
0.3107790516954007
0
0
0
0
0
0
0
0
0
0
0
0
0
0
0
0
0
0
0
0
0
0
0
0
0
0.021972302167469177
0
0
0
0
0
0
0.0885649560951077
0
0
0
0
0.019271093679421872
0.01248160722028605
0
0
0
0
0
0
0.0
0
0
0
0
0
0
0
0
0
0.02046657206568282
0
0
0
0
0
0
0
0.028608214130856475
0
0
0
0
0
0
0
0
0
0
0
0
0
0
0
0
0
0
0
0
0
0
0
0
0
0
0
0
0
0
0
0
0
0
0
0
0
0
0
0
0
0
0
0
0
0
0
0
0
0
0
0
0.013895558042565065
0.005375535636856807
0.02100162962599431
0
0
0
0
0
0
0
0
0
0
0
0
0
0.06036414571530406
0
0
0.017040044811416515
0
0
0
0
0
0.025560067217124775
0.023232678493999664
0
0
0
0
0.017040044811416515
0
0
0
0
0
0
0
0
0
0
0
0
0
0
0
0
0
0
0.015091036428826015
0
0
0
0
0
0
0
0
0
0
0
0
0
0
0
0
0
0.022834885731300516
0.05904330406340513
0
0
0
0.1539532026429276
0
0
0
0
0
0.12196929829270974
0
0
0
0
0
0
0
0
0
0
0
0
0
0
0
0
0
0
0
0
0
0
0
0
0.11808660812681027
0
0
0
0
0
0
0
0
0
0
0
0
0
0
0
0
0
0
0
0
0
0
0
0
0
0
0
0
0
0
0.0
0
0
0
0
0
0
0
0
0
0.0499264288811442
0
0
0
0
0
0
0.028608214130856475
0.026877678184284038
0
0
0
0
0.005375535636856807
0
0
0
0.15321458425310708
0.030022164953135484
0
0
0
0.5619175801091358
0
0.021972302167469177
0.12431162067816028
0
0.09280680856194475
0
0.021972302167469177
0.11808660812681027
0.06036414571530406
0
0
0
0.12316256211434208
0
0.02985889032028067
0.02584210770253963
0
0.021502142547427227
0
0
0
0.5619175801091358
0
0
0.018596297949254017
0
0.05600720443096411
0
0
0
0
0
0
0.028003602215482055
0
0
0
0
0
0.030022164953135484
0
0
0
0
0
0
0
0
0
0
0
0
0.12431162067816028
0
0
0
0
0
0
0
0
0
0.029521652031702567
0.0914769737195323
0
0
0
0.019891845576907798
0
0
0
0
0
0
0
0
0.021502142547427227
0
0.027347837804325984
0
0
0.04863313700062832
0
0
0
0
0
0
0
0
0
0
0
0.04646535698799933
0
0
0
0
0
0
0
0
0
0
0
0
0
0
0
0
0
0
0.1781526248230258
0
0
0
0
0
0
0
0
0
0
0
0
0
0
0
0
0.019271093679421872
0
0
0
0
0
0
0
0
0
0
0
0
0
0
0
0
0
0
0
0
0
0
0
0
0
0
0
0
0
0
0
0
0
0
0.026114249962481358
0
0
0
0
0
0
0
0
0
0
0.02431656850031416
0
0.2090122322419647
0
0
0.015091036428826015
0.07668020165137432
0
0
0
0
0
0
0
0
0
0
0
0
0
0.021972302167469177
0
0.0
0
0
0
0
0
0
0
0
0.026377165262851113
0
0.15538952584770035
0
0
0
0
0
0
0.01612660691057042
0
0
0
0
0
0
0
0
0
0
0
0.008520022405708257
0
0
0.3320028014341723
0
0
0
0
0
0
0
0
0.010751071273713613
0
0
0
0
0
0
0
0
0
0
0
0
0
0
0
0
0
0
0
0
0
0
0
0
0
0
0
0
0.06098464914635487
0
0
0
0
0
0
0
0
0
0
0
0
0
0.013895558042565065
0
0
0
0
0
0.0249632144405721
0
0
0
0
0
0
0
0
0
0
0
0
0
0
0
0
0
0
0
0
0
0
0.025267381213764605
0
0
0
0
0
0
0
0
0
0
0
0.025267381213764605
0
0
0
0
0
0
0
0
0
0
0
0
0
0
0
0
0.005375535636856807
0.0
0
0
0
0
0
0
0
0
0
0
0.05797318894278216
0
0
0.008520022405708257
0
0
0
0.02046657206568282
0
0
0
0
0
0.021972302167469177
0
0
0
0
0
0
0
0
0
0
0
0
0
0.07294970550094247
0
0
0
0
0
0
0
0
0
0
0
0
0.026631458818469154
0
0
0
0
0
0
0
0.021972302167469177
0
0
0
0
0
0
0
0
0
0
0
0
0
0
0
0
0.20290616129973757
0
0.13188582631425558
0.047222117669068545
0
0
0
0.15321458425310708
0
0
0
0
0
0
0
0
0
0
0
0
0
0
0.028608214130856475
0
0.061871205707963166
0
0
0
0
0
0
0
0
0
0
0
0
0
0
0
0
0
0
0.08582464239256943
0
0
0
0
0
0
0
0
0
0
0
0.01612660691057042
0
0
0
0
0
0.05971778064056134
0
0
0
0
0
0
0
0
0
0.024646629316278677
0
0
0
0
0
0.025560067217124775
0
0
0
0
0
0.017857142857142856
0
0
0.05904330406340513
0.02046657206568282
0
0
0
0
0.09237192158575656
0
0
0.06067750015485781
0
0.028608214130856475
0
0
0
0
0
0
0.05558223217026026
0
0.21852350337577506
0
0
0
0
0
0.022415580448273322
0.028411867982616055
0
0
0
0
0
0
0
0.018596297949254017
0
0
0
0.5619175801091358
0
0
0
0
0
0.08523560394784817
0
0
0
0
0
0
0
0.05558223217026026
0
0
0
0.1560882166969822
0
0
0
0.022415580448273322
0
0
0
0.005375535636856807
0
0
0.028799711727138133
0.07580214364129381
0
0
0
0
0
0.058694738445935264
0.06004432990627097
0
0.02898659447139108
0
0.02898659447139108
0.0914769737195323
0
0
0
0
0.0499264288811442
0
0.024646629316278677
0
0
0.02898659447139108
0.019891845576907798
0
0
0
0
0
0
0.008520022405708257
0
0
0
0
0
0
0
0
0
0
0
0
0.15246162286588716
0
0
0
0
0
0
0.022834885731300516
0
0
0
0.3418569568649408
0
0
0
0.3354155703049518
0
0
0
0
0
0
0
0
0
0
