0.0
0.0
0.005738416490723391
0.0
0.0
0.0
0.0
0.0
0.0
0.0
0.0
0.0
0.0
0.0
0.0
0.0
0.0
0.0
0.0
0.0
0.006013582956071678
0.0
0.0
0.0
0.0
0.0
0.0
0.0
0.0
0.0
0.0
0.0
0.0
0.0
0.0
0.0
0.0
0.0
0.0
0.0
0.0
0.0
0.0
0.0
0.0
0.0
0.0
0.0
0.0
0.0
0.0018102688511912484
0.0
0.0
0.0
0.0
0.0
0.0
0.0
0.0
0.0
0.0
0.0
0.0
0.0
0.0
0.0
0.0
0.0
0.0
0.0
0.0
0.0
0.0
0.0
0.0
0.0
0.0
0.0
0.0
0.0
0.0
0.0
0.01701811921730598
0.0
0.0
0.0
0.0
0.0
0.0
0.0
0.0
0.0
0.0
0.0
0.0
0.0
0.0
0.0
0.0
0.0
0.0
0.0
0.0
0.0
0.0
0.0
0.0
0.0
0.0
0.007689890859705216
0.0
0.0
0.0
0.0
0.0
0.0
0.0
0.0
0.0
0.0
0.010164134339278633
0.0
0.0
0.0
0.0
0.0
0.0
0.0
0.0
0.0
0.0
0.0
0.0
0.0
0.0
0.0
0.0
0.0
0.0
0.0
0.0
0.0
0.0
0.0
0.0
0.0
0.0
0.0
0.0
0.0
0.0
0.0
0.0
0.0
0.0
0.0
0.0
0.0
0.0
0.0
0.0
0.0
0.0
0.0
0.0
0.0
0.0
0.0
0.0
0.0
0.0
0.0
0.0
0.0
0.0
0.0
0.0
0.0
0.0
0.0
0.0
0.0
0.0
0.0
0.0
0.0
0.0
0.0
0.0
0.0
0.0
0.0
0.0
0.0
0.0
0.0
0.0
0.0
0.0
0.0
0.0
0.0
0.0
0.0
0.0
0.0
0.0
0.0
0.0
0.0
0.0
0.0
0.00850905960865299
0.0
0.007689890859705216
0.008188863305483766
0.0
0.0
0.006262501302045221
0.0
0.0
0.0
0.0
0.0
0.0
0.0
0.0
0.008794251675158508
0.0
0.0
0.0
0.0
0.005430806553573745
0.0
0.0
0.0
0.0
0.0
0.0
0.0
0.0
0.008702604872021813
0.0
0.01946923784323258
0.0
0.0
0.0
0.0
0.0
0.0
0.0
0.0
0.0
0.007241075404764994
0.0
0.0
0.0
0.0
0.0
0.0
0.0
0.0
0.0
0.0
0.00830001479893544
0.0
0.0
0.0
0.0
0.0
0.0
0.0
0.0
0.0
0.0
0.0
0.0
0.0
0.0
0.0
0.0
0.0
0.0
0.0
0.0
0.0
0.0
0.0
0.0
0.0
0.0
0.0
0.0
0.0
0.0
0.0
0.0
0.0
0.0
0.0
0.0
0.0
0.0
0.0
0.0
0.0
0.0
0.0
0.0
0.0
0.0
0.0
0.0
0.0
0.0
0.0
0.0
0.0
0.0
0.0
0.0
0.0
0.0
0.0
0.0
0.0
0.0
0.018102688511912487
0.0
0.0
0.0
0.0
0.0
0.0
0.0
0.0
0.0
0.0
0.0
0.0
0.0
0.0
0.0
0.0
0.0
0.0
0.0
0.0
0.0
0.0
0.0
0.0
0.0
0.062214455885981866
0.0
0.0
0.0
0.0
0.0
0.0
0.0
0.0
0.0
0.0
0.0
0.0
0.0
0.0
0.0
0.0
0.0
0.017405209744043627
0.0
0.018419351026216835
0.0
0.0
0.0
0.0
0.0
0.0
0.0
0.0
0.0
0.0
0.0
0.0
0.0
0.0
0.0
0.0
0.0
0.0
0.0
0.0
0.0
0.0
0.0
0.0
0.018717908386211776
0.0
0.0
0.0
0.0
0.0
0.0
0.0
0.0
0.0
0.0
0.0
0.0
0.0
0.0
0.0
0.0
0.0
0.0
0.0
0.0
0.0
0.0
0.0
0.0
0.0
0.0
0.0
0.009634120658454176
0.0
0.0
0.0
0.0
0.0
0.0
0.0
0.0
0.0
0.0
0.0
0.0
0.0
0.0
0.0
0.0
0.0
0.0
0.0
0.0
0.0
0.0
0.0
0.0
0.0
0.0
0.0
0.0
0.0
0.0
0.0
0.0
0.0
0.0
0.0
0.0
0.0
0.0
0.0073994066619171685
0.0
0.0
0.0
0.027629026539325252
0.010216897060952107
0.0
0.0
0.0
0.062214455885981866
0.018861022319063007
0.0
0.0
0.0
0.00896842726337997
0.0
0.0
0.0
0.0
0.0
0.0
0.0
0.0
0.0
0.0
0.0
0.0
0.0
0.0
0.0
0.0
0.0
0.0
0.0
0.0
0.0
0.0
0.0
0.0
0.00754868534191464
0.0
0.0
0.0
0.0
0.0
0.0
0.0
0.0
0.0
0.0
0.0
0.0
0.0
0.007951275415001012
0.0
0.0
0.0
0.0
0.0
0.02172322621429498
0.0
0.0
0.031397446220776955
0.0
0.0
0.0
0.0
0.0
0.0
0.008406628209760859
0.0
0.0
0.0
0.0
0.0
0.01776558240286675
0.09461586350891756
0.2825770159869926
0.0
0.0
0.0
0.0
0.0
0.0
0.020931630813851302
0.0
0.0
0.0
0.0
0.0
0.0
0.0
0.0
0.0
0.0
0.0
0.0
0.0
0.0
0.0
0.0
0.0
0.0
0.0
0.0
0.0
0.0
0.0
0.009941730595603823
0.0
0.0
0.0
0.0
0.0
0.0
0.0
0.0
0.0
0.0
0.0
0.0
0.05043976925856516
0.0
0.0
0.0
0.0
0.0
0.0
0.0
0.0
0.0
0.0
0.0
0.0
0.0
0.0
0.0
0.0
0.0
0.0
0.0
0.0
0.0
0.0
0.0
0.0
0.009285381274519746
0.0
0.0
0.0
0.0
0.0
0.0
0.0
0.0
0.004679477096552944
0.005430806553573745
0.0
0.0
0.0
0.0
0.0
0.0
0.0
0.0
0.0
0.0
0.0
0.0
0.0
0.0
0.0
0.0
0.0
0.0
0.0
0.0
0.0
0.0
0.0
0.0
0.00754868534191464
0.004679477096552944
0.0
0.0
0.0
0.0
0.0
0.0
0.0
0.0
0.0
0.0
0.0
0.0
0.0
0.0
0.006013582956071678
0.0
0.0
0.0
0.0
0.0
0.0
0.0
0.0
0.0
0.0
0.0
0.0
0.0
0.0
0.0
0.0
0.0
0.0
0.0
0.0
0.0
0.0
0.0
0.0
0.0
0.0
0.0
0.0
0.0
0.0
0.0
0.0
0.0
0.0
0.0
0.0
0.0
0.006013582956071678
0.0
0.0
0.0
0.0
0.0
0.0
0.0
0.0
0.0
0.0
0.0
0.0
0.0
0.0
0.0
0.0
0.0
0.0
0.0
0.0
0.0
0.0
0.0
0.0
0.0
0.0
0.0
0.0
0.0
0.008882791201433374
0.0
0.0
0.0
0.0
0.0
0.041074459629115455
0.0
0.0
0.007689890859705216
0.0042033141048804295
0.0
0.0
0.0
0.0
0.0
0.0
0.0
0.0
0.0
0.0
0.0
0.0
0.0
0.0
0.0
0.0
0.0
0.0
0.0
0.0
0.0
0.0
0.0
0.0
0.0
0.0
0.0
0.0
0.0
0.0
0.0
0.0
0.0
0.0
0.0
0.0
0.0
0.0
0.0
0.0
0.0
0.0
0.0
0.0
0.0
0.0
0.0
0.0
0.006262501302045221
0.0
0.0
0.0073994066619171685
0.0
0.0
0.0
0.009634120658454176
0.0
0.0
0.0
0.0
0.0
0.0
0.0
0.05208946793638168
0.010216897060952107
0.0
0.0
0.0
0.0
0.0
0.0
0.0
0.0
0.0
0.0
0.0
0.0
0.028902361975362532
0.0
0.0
0.0
0.0
0.0
0.0
0.0
0.0
0.0
0.0
0.0
0.0
0.0
0.0
0.0
0.0
0.0
0.0
0.0
0.0
0.0
0.0
0.0
0.0
0.0
0.0
0.0
0.0
0.0
0.0
0.0
0.0
0.0
0.0
0.0
0.01952308853238452
0.00807277015323647
0.0
0.0
0.0
0.0
0.0
0.0
0.0
0.036205377023824974
0.007951275415001012
0.00896842726337997
0.0
0.057000958265378786
0.0
0.0
0.0
0.0
0.0
0.0
0.0
0.0
0.00754868534191464
0.0
0.0
0.0
0.0
0.0
0.0
0.0
0.0
0.0
0.0
0.0
0.0
0.00754868534191464
0.0
0.0
0.0
0.0
0.008188863305483766
0.0
0.0
0.0
0.0
0.0
0.0
0.0
0.0
0.0
0.0
0.0
0.0
0.0
0.0
0.0
0.0
0.0
0.0
0.0
0.0
0.0
0.0
0.0
0.0
0.0
0.0
0.0
0.006892336020830564
0.0
0.0
0.0
0.0
0.0
0.0
0.0
0.0
0.0
0.0
0.0
0.0
0.0
0.0
0.03904617706476904
0.0
0.0
0.0
0.0
0.0
0.0
0.0
0.0
0.0
0.0
0.0
0.0
0.0
0.0
0.0
0.0
0.0
0.0
0.0
0.0
0.0
0.0
0.0
0.0
0.0
0.0
0.0
0.0
0.0
0.0
0.00830001479893544
0.005430806553573745
0.0
0.0
0.0
0.0
0.0
0.0
0.0
0.0
0.007951275415001012
0.0
0.0
0.0
0.0
0.0
0.0
0.0042033141048804295
0.0
0.0
0.0
0.0
0.03016589753809858
0.0
0.0
0.0
0.0
0.0
0.0
0.0
0.0
0.0
0.0
0.0
0.0
0.0
0.0
0.0
0.0
0.0
0.0
0.0
0.0
0.0
0.0
0.0
0.0
0.007689890859705216
0.0
0.0
0.0
0.0
0.0
0.0
0.0
0.0
0.0
0.0
0.0
0.0
0.0
0.0
0.0
0.0
0.0
0.0
0.0
0.0
0.0
0.0
0.019998264313350028
0.0
0.0
0.0
0.0
0.0
0.03153862116963919
0.0
0.0
0.0
0.04205149489285225
0.0
0.018419351026216835
0.0
0.0
0.0
0.0
0.017588503350317017
0.0
0.004679477096552944
0.0
0.0
0.0
0.058937988382524786
0.0
0.0
0.0
0.0
0.0
0.0
0.0
0.0
0.0
0.0
0.0
0.0
0.0
0.0
0.0
0.0
0.0
0.0
0.0
0.0
0.0
0.0
0.0
0.0
0.00754868534191464
0.0
0.0
0.0
0.0
0.012979491895488386
0.0
0.0
0.0
0.0
0.0
0.0
0.0
0.0
0.0
0.0
0.0
0.0
0.0
0.0
0.0
0.0
0.0
0.0
0.0
0.0
0.0
0.0
0.0
0.0
0.005430806553573745
0.0
0.0
0.0
0.0
0.0
0.0
0.0
0.0
0.005430806553573745
0.0
0.0
0.0
0.0
0.0
0.0
0.0
0.0
0.0
0.0
0.0
0.0
0.0
0.0
0.0
0.0
0.0
0.0
0.0
0.0
0.0
0.0
0.0
0.0
0.0
0.0
0.0
0.0
0.0
0.0
0.0
0.0
0.0
0.03481041948808725
0.030492403017835894
0.0
0.0
0.0
0.0
0.0
0.0
0.0
0.0
0.0
0.0
0.0
0.0
0.0
0.0
0.0
0.0
0.0
0.0
0.0
0.0
0.0
0.0
0.0
0.006013582956071678
0.0
0.0
0.0
0.0
0.0
0.0
0.0
0.0
0.0
0.0
0.0
0.0
0.0
0.00807277015323647
0.0
0.019883461191207645
0.00754868534191464
0.009500159710896464
0.0
0.0
0.009941730595603823
0.0
0.0
0.0
0.0
0.0
0.0042033141048804295
0.0
0.0
0.0
0.0
0.0
0.0
0.0
0.0
0.0
0.0
0.0
0.0
0.0
0.0
0.0
0.009941730595603823
0.0
0.010055299179366192
0.0
0.0
0.0
0.0
0.0
0.0
0.0
0.0
0.0
0.0
0.0
0.0
0.0
0.017588503350317017
0.0
0.0
0.0
0.0
0.0
0.0
0.0
0.0
0.0
0.0
0.0
0.0
0.0
0.0
0.0
0.0
0.23848874756293045
0.0
0.0
0.0
0.0
0.0
0.0
0.0
0.006698790757461742
0.0
0.0
0.0
0.0
0.0
0.0
0.0
0.0
0.0
0.0
0.0050820671696393165
0.0
0.0
0.0
0.0
0.0
0.0
0.0
0.0
0.0
0.0
0.0
0.0028692082453616956
0.0
0.0
0.0
0.0
0.0
0.0
0.0
0.0
0.0050820671696393165
0.0
0.0
0.0
0.0
0.0
0.0
0.0
0.0
0.0
0.0
0.0
0.0
0.04086758824380843
0.0
0.0
0.0
0.0
0.0
0.0
0.0
0.0
0.0
0.0
0.0
0.0
0.0
0.0
0.0
0.0
0.0
0.009285381274519746
0.0
0.0
0.0
0.0
0.0
0.0
0.03033085095038007
0.0
0.0
0.0
0.0
0.0
0.0
0.0
0.0
0.0
0.0
0.0
0.0
0.0
0.0
0.0
0.0
0.0
0.0
0.0
0.0
0.0
0.0
0.0
0.0
0.0
0.0
0.0
0.0
0.0
0.0
0.0
0.0
0.0
0.0
0.0
0.0
0.0
0.0
0.0
0.0
0.0
0.0
0.0
0.0
0.0
0.0
0.0
0.0
0.0
0.0
0.0
0.0
0.0
0.0
0.0
0.0
0.0
0.0
0.0
0.0
0.0
0.0
0.0
0.0
0.0
0.0
0.0
0.0
0.0
0.0
0.0
0.0
0.0
0.0
0.0
0.0
0.009500159710896464
0.00850905960865299
0.0
0.0
0.0
0.0
0.0
0.0
0.0
0.0
0.0
0.0
0.0
0.0
0.0
0.0
0.0
0.0
0.0
0.0
0.0
0.0
0.0
0.0
0.0
0.0
0.0
0.0
0.009051344255956243
0.0
0.0
0.0
0.0
0.0
0.0
0.0
0.0
0.0
0.0
0.0
0.0
0.0
0.0
0.0
0.0
0.0
0.0
0.0
0.0
0.0
0.0
0.0
0.0
0.0
0.0
0.0
0.006892336020830564
0.0
0.0
0.026107814616065442
0.0
0.0
0.0
0.0
0.0
0.0
0.0
0.0
0.0
0.0
0.0
0.0
0.0
0.0
0.0
0.0
0.0
0.0
0.0
0.008607624736085088
0.0
0.0
0.0
0.005738416490723391
0.013784672041661127
0.0
0.0
0.0
0.0
0.01793685452675994
0.0
0.01776558240286675
0.0
0.0
0.009883039004427718
0.0
0.0
0.0
0.0
0.0
0.0
0.0
0.0
0.16745304651081042
0.0
0.0
0.0
0.0
0.0
0.008702604872021813
0.0
0.0
0.0
0.0
0.0
0.0
0.0
0.0
0.0
0.0
0.0
0.0
0.0
0.0
0.01793685452675994
0.0
0.0
0.0
0.0
0.0
0.0
0.0
0.0
0.0
0.0
0.0
0.00982299806375413
0.0
0.0
0.0
0.0
0.0
0.007951275415001012
0.0
0.0
0.0
0.0
0.0
0.0
0.0
0.0
0.0
0.0
0.0
0.0
0.0
0.0
0.0
0.0
0.0
0.0
0.0
0.0
0.0
0.0
0.0
0.0
0.0
0.0
0.0
0.0
0.0
0.0
0.0
0.0
0.0
0.0
0.0
0.0
0.0
0.0
0.009285381274519746
0.0
0.0
0.0
0.0
0.0
0.0
0.0
0.0
0.028500479132689393
0.0
0.0
0.0
0.0
0.0
0.0
0.0
0.0
0.0
0.0
0.0
0.0
0.0
0.0
0.0
0.0
0.0
0.0
0.0
0.0
0.0
0.0
0.0
0.0
0.03080584472183659
0.0
0.0
0.0
0.0
0.0
0.0
0.0
0.0
0.06033179507619716
0.0
0.0
0.0
0.0
0.0
0.0
0.0
0.0
0.0
0.0
0.0
0.00807277015323647
0.0
0.0
0.0
0.0
0.0
0.0
0.0
0.0
0.0
0.0
0.0
0.0
0.0
0.0
0.0
0.0
0.0
0.0
0.0
0.0
0.0
0.0
0.0
0.0
0.0
0.0
0.0
0.0
0.0
0.0
0.0
0.0
0.0
0.0
0.0
0.0
0.0
0.0
0.0
0.0
0.009051344255956243
0.0
0.0
0.0
0.0
0.0
0.0
0.0
0.0
0.0
0.0
0.0
0.0
0.0
0.0
0.0
0.0
0.0
0.0
0.0
0.0
0.0
0.0
0.0
0.0
0.0
0.0
0.0
0.007951275415001012
0.0
0.0
0.0
0.0
0.0
0.0
0.0
0.008702604872021813
0.0
0.0
0.0
0.0
0.0
0.0
0.0
0.0
0.0
0.0
0.0
0.0
0.0
0.0
0.0
0.0
0.0
0.0
0.0
0.003620537702382497
0.0
0.0
0.0
0.009358954193105888
0.0
0.0
0.0
0.0
0.0
0.007241075404764994
0.0
0.0
0.0
0.0
0.0
0.0
0.0
0.0
0.0
0.0
0.0
0.0
0.0
0.0
0.0
0.0
0.0
0.0
0.0
0.0
0.0
0.0
0.0
0.0
0.0
0.0
0.0
0.0
0.0
0.0
0.0
0.0
0.0
0.0
0.0
0.0
0.0
0.0
0.0
0.0
0.008188863305483766
0.008607624736085088
0.0
0.0
0.0
0.0
0.0
0.0
0.0
0.0
0.0
0.0
0.0
0.0
0.0
0.0
0.0
0.0
0.0
0.0
0.0
0.0
0.0
0.0
0.0
0.0
0.0
0.0
0.0
0.0
0.0
0.0
0.0
0.0
0.0
0.0
0.0
0.0
0.0
0.0
0.0
0.0
0.0
0.0
0.0
0.0
0.0
0.0
0.0
0.0
0.0
0.0
0.0
0.005738416490723391
0.0
0.0
0.0
0.0
0.0
0.0
0.0
0.0
0.0
0.0
0.0
0.0
0.0
0.0
0.0
0.0
0.0
0.006698790757461742
0.0
0.0
0.0
0.0
0.0
0.0
0.0
0.0
0.009430511159531503
0.008406628209760859
0.0
0.0
0.0
0.0
0.0
0.0
0.0
0.0
0.0
0.0
0.0
0.0
0.0
0.0
0.0
0.0
0.0
0.0
0.0
0.0
0.0
0.0
0.0
0.0
0.0
0.0
0.0
0.0
0.0
0.0
0.0
0.0
0.0
0.0
0.0
0.0
0.0
0.0
0.0
0.0
0.0
0.0
0.0
0.0
0.0
0.0
0.0
0.0
0.0
0.005738416490723391
0.0
0.0
0.0
0.0
0.0
0.0
0.0028692082453616956
0.0
0.0
0.0
0.0
0.0
0.0
0.0
0.0
0.0
0.0
0.0
0.0
0.0
0.0
0.008188863305483766
0.0
0.0
0.00830001479893544
0.0
0.02022056730025338
0.0
0.0
0.0
0.0
0.0
0.0
0.02928463279857678
0.0
0.0
0.0
0.018717908386211776
0.0
0.008794251675158508
0.0
0.0
0.047152555797657515
0.006013582956071678
0.0
0.0
0.0
0.0
0.0
0.0
0.0
0.04044113460050676
0.0
0.0
0.0
0.0
0.0
0.0
0.0
0.0
0.0
0.0
0.0
0.0
0.0
0.008607624736085088
0.006262501302045221
0.0
0.0
0.0
0.0
0.0
0.0
0.0
0.0
0.0
0.0
0.0
0.0
0.0
0.0
0.0
0.026648373604300123
0.0
0.0
0.0
0.0
0.0
0.0
0.0
0.0
0.0
0.0
0.0
0.0
0.0
0.0
0.0
0.0
0.0
0.0
0.0
0.0
0.0
0.0
0.0
0.0
0.0
0.0
0.0
0.0
0.0
0.0
0.0
0.0
0.0
0.006262501302045221
0.0
0.009634120658454176
0.0
0.0
0.0
0.0
0.0
0.0
0.0
0.0
0.0
0.0
0.0
0.0
0.0
0.0
0.0
0.0
0.0
0.0
0.0
0.0
0.0
0.0
0.0
0.0
0.0
0.0
0.0
0.0
0.0
0.0
0.0
0.026107814616065442
0.0
0.0
0.0
0.0
0.0
0.0
0.00850905960865299
0.0028692082453616956
0.0
0.0
0.0
0.0
0.0
0.0
0.0
0.0
0.0
0.0
0.019135998005646877
0.0
0.0
0.0
0.0
0.0
0.0
0.0
0.0
0.0
0.0
0.0
0.0
0.007823851807262926
0.0
0.0
0.0
0.0
0.0
0.0
0.0
0.0
0.0
0.0
0.0
0.0
0.0
0.0
0.0
0.0
0.0
0.0
0.0
0.0
0.0
0.0
0.0
0.0
0.0
0.0
0.01011028365012669
0.0
0.003620537702382497
0.0
0.0
0.0
0.0
0.0
0.0
0.0
0.0
0.0
0.00830001479893544
0.038794438050389395
0.0
0.0
0.009131709547406918
0.0
0.0
0.0
0.0
0.0
0.0
0.0
0.0
0.0
0.0
0.0
0.0
0.0
0.0
0.01660002959787088
0.0
0.0
0.0
0.0
0.0
0.0
0.0
0.0
0.0
0.0
0.0
0.006013582956071678
0.0
0.0
0.0
0.0
0.0
0.0
0.0
0.0
0.0
0.0
0.0
0.0
0.0
0.0
0.0
0.0
0.0
0.0
0.0
0.0
0.0
0.0
0.0
0.0
0.0
0.0
0.0
0.0
0.0
0.0
0.0
0.0
0.0
0.0
0.0
0.0
0.0
0.0
0.0
0.008607624736085088
0.0
0.0
0.0
0.0
0.0
0.008607624736085088
0.0
0.0
0.0
0.0
0.0
0.0
0.0
0.0
0.0
0.0
0.0
0.0
0.0
0.009999132156675014
0.0
0.0
0.0
0.0
0.05027649589683096
0.0
0.0
0.08372652325540521
0.0
0.006489745947744193
0.0
0.008188863305483766
0.0
0.0
0.0
0.0
0.0
0.0
0.0
0.0
0.0
0.0
0.0
0.0
0.0
0.0
0.0
0.0
0.0
0.0
0.0
0.0
0.0
0.0
0.0
0.0
0.0
0.0
0.0
0.0
0.0
0.016377726610967532
0.0
0.0
0.0
0.0
0.0
0.0
0.0
0.0
0.0
0.0
0.0
0.0
0.0
0.0
0.0
0.0
0.0
0.0
0.0
0.0
0.0
0.0
0.0
0.0
0.0
0.0
0.0
0.0
0.0
0.0
0.0
0.0
0.0
0.0
0.0
0.0
0.0
0.0
0.0
0.0
0.0
0.0
0.0
0.0
0.0
0.0
0.0
0.0
0.0
0.0
0.0
0.0
0.0
0.0
0.0
0.0
0.0
0.0
0.0
0.0
0.0
0.0
0.0
0.0
0.0
0.0
0.0
0.01614554030647294
0.0
0.0
0.0
0.0
0.0
0.0
0.0
0.0
0.0
0.019268241316908352
0.0
0.0
0.008702604872021813
0.007241075404764994
0.0
0.0
0.0
0.0
0.0
0.0
0.0
0.0
0.0
0.0
0.029468994191262393
0.0
0.0
0.0
0.0
0.0
0.0
0.0
0.0
0.0
0.0
0.0
0.0
0.0
0.0
0.0
0.0
0.0
0.0
0.0
0.0
0.00830001479893544
0.0
0.0
0.018102688511912487
0.0
0.0
0.0
0.0
0.0
0.0
0.009698609512597349
0.0
0.0
0.0
0.0
0.0
0.0
0.0
0.0
0.0
0.0
0.0
0.0
0.0
0.0
0.0
0.0
0.0
0.0
0.0
0.0
0.0
0.0
0.0
0.0
0.006489745947744193
0.0
0.019268241316908352
0.0
0.023069672579115647
0.0
0.0
0.0
0.0
0.0
0.0
0.0
0.0
0.0
0.0
0.0
0.0
0.015647703614525853
0.0
0.007823851807262926
0.0
0.0
0.0
0.0
0.0
0.0
0.0
0.0
0.0
0.0
0.0
0.0
0.0
0.02063865691968848
0.0
0.0
0.0
0.0
0.0
0.0
0.0
0.006489745947744193
0.0
0.00896842726337997
0.0
0.0
0.0
0.0
0.0
0.0
0.0
0.0
0.0
0.0
0.0
0.0
0.0
0.0
0.0
0.0
0.0
0.0
0.0
0.0
0.0
0.0
0.0
0.0
0.0
0.006262501302045221
0.0
0.0
0.0
0.0
0.03975637707500505
0.0
0.0
0.0
0.0
0.0
0.0
0.0
0.0
0.0
0.0
0.0
0.0
0.0
0.0
0.0
0.0
0.0
0.0
0.0
0.01011028365012669
0.0
0.0
0.006698790757461742
0.0
0.0
0.0
0.00754868534191464
0.0
0.0
0.0
0.0
0.0
0.0
0.0
0.0
0.0
0.0
0.0
0.0
0.0
0.0
0.0
0.0
0.0
0.0
0.0
0.0
0.0
0.0
0.0
0.0
0.0
0.0
0.0
0.0
0.0
0.0
0.0
0.0
0.0
0.0
0.0
0.0
0.0
0.008406628209760859
0.0
0.0
0.0
0.0
0.0
0.0
0.0
0.0
0.0
0.0
0.0
0.11564161095534368
0.0
0.0
0.0
0.0
0.0
0.0
0.0
0.0
0.0
0.00830001479893544
0.0
0.0
0.0
0.0
0.0
0.0
0.0
0.0
0.0
0.0
0.0
0.029095828537792048
0.0
0.0
0.0
0.0
0.0
0.0
0.0
0.0
0.0
0.0
0.0
0.0
0.0
0.0
0.0
0.0
0.0
0.0
0.0
0.0
0.0
0.0
0.0
0.0
0.0
0.0
0.020738151961993953
0.01793685452675994
0.0
0.0
0.0
0.0
0.0
0.0
0.0
0.0
0.007823851807262926
0.0
0.0
0.0
0.0
0.0
0.003620537702382497
0.0
0.0
0.0
0.0
0.0
0.0
0.019135998005646877
0.0
0.01900031942179293
0.0
0.1866433676579456
0.0
0.0
0.0
0.0
0.0
0.0
0.0
0.0
0.0
0.0
0.0
0.0
0.0
0.0
0.009131709547406918
0.0
0.0
0.0
0.0
0.0
0.041863261627702604
0.0
0.0
0.0
0.0
0.0
0.0
0.0
0.0
0.0
0.0
0.0
0.0
0.0
0.0
0.0
0.0
0.0
0.0
0.006013582956071678
0.0
0.0
0.0
0.0
0.0
0.0
0.0
0.0
0.0
0.0
0.03125368076182901
0.0
0.0
0.005430806553573745
0.0
0.0
0.0
0.0
0.0
0.0
0.0
0.0
0.0
0.0
0.0
0.003620537702382497
0.0
0.0
0.0
0.0
0.0
0.01660002959787088
0.0
0.0
0.0
0.0
0.0
0.0
0.0
0.0
0.0
0.0
0.0
0.0
0.0
0.0
0.0
0.0
0.0
0.0
0.0
0.0
0.0
0.0
0.0
0.0
0.0
0.0
0.0
0.0
0.0
0.0
0.0
0.0
0.0
0.0
0.0
0.0
0.005430806553573745
0.0
0.0
0.0
0.0
0.0
0.0
0.0
0.0
0.0
0.0
0.0
0.0
0.00830001479893544
0.03258483932144247
0.0
0.0
0.008188863305483766
0.0
0.0
0.0
0.0
0.0
0.0
0.0
0.0
0.0
0.027154032767868732
0.0
0.006892336020830564
0.0
0.0
0.0
0.0
0.0
0.0
0.008188863305483766
0.0
0.0
0.0
0.0070725223502421265
0.0
0.0
0.0
0.0
0.0
0.0
0.0
0.005430806553573745
0.0
0.0
0.0
0.0
0.0
0.0
0.0
0.0
0.0
0.0
0.0
0.0
0.0
0.0
0.0
0.0
0.0
0.0
0.0
0.0
0.0
0.0
0.0
0.0
0.0
0.0
0.0
0.0
0.0
0.006892336020830564
0.0
0.0
0.0
0.0
0.0
0.0
0.009567999002823438
0.0
0.0
0.0
0.0
0.0
0.0
0.0
0.01031932845984424
0.0
0.0
0.0
0.008406628209760859
0.0
0.006262501302045221
0.0
0.0
0.0
0.0
0.0
0.0
0.0
0.0
0.0
0.0
0.0
0.0
0.0
0.0070725223502421265
0.0
0.0
0.0
0.19606724073704057
0.0
0.0
0.0
0.0
0.006698790757461742
0.0
0.00807277015323647
0.0
0.0
0.0
0.0
0.0
0.0
0.0
0.0
0.0
0.0
0.0
0.0
0.0
0.0
0.0
0.007241075404764994
0.0
0.0
0.0
0.005738416490723391
0.0
0.0
0.0
0.0
0.0
0.0
0.0
0.0
0.0
0.0
0.0
0.0
0.0
0.0
0.0
0.007241075404764994
0.0
0.0
0.0
0.0
0.0
0.0
0.0
0.0
0.0
0.0
0.009285381274519746
0.0
0.0
0.0
0.029649117013283155
0.0
0.0
0.0
0.0
0.0
0.0
0.0
0.0
0.0
0.0
0.0
0.0
0.0
0.0
0.0
0.0
0.0
0.0
0.0
0.0
0.0
0.0
0.0
0.0
0.0
0.0
0.0
0.09461586350891756
0.0
0.0
0.0
0.0
0.0
0.0
0.0
0.0
0.0
0.0
0.0
0.03095798537953272
0.0
0.0
0.0
0.0
0.0
0.0
0.0
0.0
0.0
0.0
0.0
0.009358954193105888
0.0
0.0
0.0
0.0
0.0
0.0
0.0
0.009285381274519746
0.0
0.0
0.0
0.0
0.0
0.0
0.0
0.0
0.0
0.0
0.011476832981446783
0.0
0.0
0.0
0.0
0.0
0.0
0.0
0.0
0.0
0.0
0.0
0.0
0.0
0.009209675513108417
0.0
0.0
0.0
0.0
0.0
0.0
0.0
0.0
0.0
0.0
0.0
0.0
0.0
0.0
0.0
0.0
0.0
0.0
0.0
0.0
0.0
0.0
0.0
0.0
0.0
0.0
0.0
0.009209675513108417
0.0
0.006698790757461742
0.0
0.0
0.0
0.0
0.0
0.0
0.009209675513108417
0.0
0.0
0.0
0.008607624736085088
0.0
0.0
0.0
0.006013582956071678
0.0
0.0
0.0
0.0
0.0
0.0
0.0
0.0
0.0
0.0
0.0
0.0
0.0
0.0
0.0
0.0
0.0
0.0
0.0
0.0
0.0
0.0
0.0
0.0
0.0
0.0
0.0
0.00807277015323647
0.0
0.0
0.0
0.0
0.0
0.0
0.0
0.0
0.0
0.0
0.0
0.0
0.0
0.0
0.0
0.0
0.0
0.0073994066619171685
0.0
0.0
0.0
0.0
0.0
0.0
0.0
0.0
0.0
0.0
0.0
0.0
0.0
0.0
0.0
0.0
0.0
0.0
0.0
0.0
0.0
0.0
0.0
0.0
0.0
0.0
0.0
0.0042033141048804295
0.0
0.059994792940050085
0.0
0.0
0.0
0.0
0.0
0.0
0.0
0.0
0.0
0.0
0.0
0.0
0.0
0.0
0.0
0.0
0.0
0.0
0.04086758824380843
0.0
0.0
0.0
0.0
0.0
0.0
0.0
0.0
0.0
0.0
0.0
0.0
0.0
0.0
0.0
0.0
0.0
0.0
0.0
0.0
0.0
0.005738416490723391
0.0
0.0
0.0
0.0
0.0
0.0
0.0
0.0
0.0
0.0
0.0
0.0
0.0
0.0070725223502421265
0.0
0.0
0.0
0.0
0.0
0.0
0.0
0.018717908386211776
0.0
0.0
0.0
0.0
0.0
0.0
0.0
0.0
0.0
0.1366673584017698
0.0
0.0
0.0
0.0
0.0
0.009358954193105888
0.0
0.0
0.0
0.0
0.0
0.0
0.006698790757461742
0.0
0.0
0.0
0.0
0.0
0.0
0.0
0.0
0.0
0.0
0.0
0.0
0.0
0.0
0.0
0.0
0.12322337888734636
0.0
0.0
0.0
0.0
0.0
0.0
0.0
0.0
0.0
0.0
0.0
0.0
0.0
0.0
0.0
0.0
0.004679477096552944
0.0
0.0
0.0
0.0
0.0
0.0
0.0
0.0
0.0
0.0
0.0
0.0
0.0
0.0
0.031397446220776955
0.019268241316908352
0.0
0.0
0.0
0.0
0.0
0.0
0.0
0.0
0.0
0.03976692238241529
0.009358954193105888
0.0
0.0
0.0
0.0
0.0
0.0
0.0
0.0
0.0
0.0
0.0
0.0
0.0
0.0
0.00850905960865299
0.0
0.0
0.0
0.0
0.0
0.0
0.0
0.0
0.0
0.0050820671696393165
0.0
0.038794438050389395
0.0
0.0
0.0
0.008188863305483766
0.0
0.0
0.0
0.0
0.0
0.0
0.0
0.0
0.0
0.0
0.0
0.0
0.0
0.0
0.0
0.0
0.0
0.0
0.0
0.0
0.0
0.0
0.0
0.0
0.0
0.0
0.0
0.02552717882595897
0.0
0.007951275415001012
0.010164134339278633
0.0
0.0
0.0
0.0
0.0
0.0
0.0
0.0
0.0
0.0
0.0
0.0
0.0
0.0
0.0
0.0
0.0
0.0
0.0
0.010055299179366192
0.0
0.0
0.0
0.0
0.0
0.0
0.0
0.0
0.0
0.0
0.0
0.0
0.0
0.0
0.0
0.0
0.0
0.0
0.0
0.0
0.0
0.0
0.0
0.0
0.0
0.0
0.0
0.0
0.0
0.0
0.009430511159531503
0.0
0.0
0.0
0.0
0.0
0.0
0.0
0.0
0.0
0.0
0.0
0.0
0.0
0.0
0.0
0.0
0.0
0.01011028365012669
0.0
0.0
0.0
0.0
0.0
0.0
0.0
0.0
0.0
0.0
0.0
0.0
0.0
0.0
0.0
0.0
0.0
0.0
0.0
0.027629026539325252
0.0
0.020328268678557266
0.0
0.0
0.0
0.00850905960865299
0.0
0.0
0.0
0.03125368076182901
0.0
0.0
0.0
0.0
0.0
0.0
0.0
0.0
0.0
0.0
0.0
0.0
0.0
0.0
0.0
0.0
0.0
0.0
0.0
0.0
0.0
0.0
0.0
0.0
0.0
0.0
0.00850905960865299
0.0
0.0
0.003620537702382497
0.0
0.0050820671696393165
0.00754868534191464
0.0
0.0
0.0
0.0
0.0
0.0
0.0
0.0
0.0
0.0
0.0
0.0
0.0
0.005430806553573745
0.0
0.0
0.0
0.0
0.0
0.0
0.0
0.0
0.0
0.0
0.0
0.0
0.019135998005646877
0.0
0.0
0.0
0.0
0.018102688511912487
0.0
0.0
0.0
0.0
0.0
0.0
0.0
0.01776558240286675
0.0
0.0
0.0
0.0
0.0
0.0
0.0
0.0
0.0
0.0
0.0
0.0
0.0
0.0
0.0
0.0
0.0
0.0
0.009883039004427718
0.0
0.0
0.0
0.0
0.006698790757461742
0.006262501302045221
0.0
0.0
0.0
0.0
0.0
0.0
0.0
0.0
0.0
0.009209675513108417
0.0
0.07292525511093435
0.00896842726337997
0.0
0.0
0.0
0.008188863305483766
0.0
0.0
0.0
0.0
0.0
0.0
0.0
0.0
0.0
0.0
0.0
0.0
0.0
0.0
0.0
0.0
0.0
0.0
0.02690528179013991
0.041074459629115455
0.0
0.0
0.0
0.0
0.0
0.0
0.0
0.0
0.0
0.0
0.0
0.0
0.0
0.0
0.0
0.0
0.0
0.0
0.0
0.0
0.0
0.0
0.0
0.0
0.0
0.0
0.0
0.0
0.0
0.0
0.0
0.0
0.0
0.0
0.0
0.0
0.0
0.0
0.0
0.0
0.0
0.0
0.03016589753809858
0.0
0.019883461191207645
0.0
0.0
0.0
0.0
0.0
0.0
0.0
0.0
0.0
0.0
0.0
0.0
0.0
0.0
0.0
0.0
0.043971258375792535
0.0
0.0
0.0
0.0
0.0
0.0
0.0
0.018861022319063007
0.0
0.0
0.0
0.0
0.0
0.003620537702382497
0.0
0.0
0.0
0.0
0.0
0.0
0.0
0.0
0.0
0.0
0.0
0.0
0.0
0.0
0.0
0.0
0.0
0.0
0.0
0.0
0.0
0.0
0.0
0.0
0.009430511159531503
0.0
0.0
0.0
0.0
0.0
0.0
0.0
0.0
0.0
0.0
0.0
0.0
0.0
0.0
0.03080584472183659
0.0
0.0
0.0
0.0
0.0
0.0
0.0
0.0
0.0
0.0
0.0
0.0
0.0
0.0
0.0
0.0
0.0
0.0
0.0
0.0
0.0
0.0
0.0
0.0
0.0
0.0
0.0
0.0
0.0
0.006892336020830564
0.0
0.0
0.0
0.0
0.0
0.0
0.0
0.0
0.0
0.0
0.0
0.0
0.0
0.0
0.0
0.0
0.0
0.0
0.0
0.0
0.06833080986334583
0.0
0.0
0.005738416490723391
0.0
0.0
0.0
0.0
0.0
0.0
0.0
0.0
0.0
0.03125368076182901
0.0
0.0
0.0
0.0
0.0
0.0
0.0
0.0
0.0
0.0
0.0
0.0
0.0
0.0
0.0
0.0
0.0
0.0
0.0
0.0
0.0
0.0
0.0
0.0
0.009567999002823438
0.0
0.0
0.0
0.0
0.0
0.0
0.0
0.0
0.0
0.0
0.0
0.0
0.0
0.0
0.0
0.010465815406925651
0.0
0.0
0.0
0.0
0.018419351026216835
0.0
0.0
0.0
0.0
0.0
0.0
0.0
0.0
0.0
0.06191597075906544
0.0
0.0
0.0
0.0
0.0
0.0
0.0
0.0
0.0
0.0
0.0
0.0
0.0
0.0
0.0
0.0
0.009209675513108417
0.0
0.0
0.0
0.0
0.0
0.019998264313350028
0.0
0.0
0.0
0.0
0.006698790757461742
0.0
0.0
0.0
0.0
0.0
0.0
0.0
0.0
0.0
0.0
0.0
0.0
0.0
0.0
0.0
0.0
0.0
0.06066170190076014
0.0
0.14447059843781937
0.0
0.0
0.0
0.0
0.0
0.006698790757461742
0.0
0.0
0.008406628209760859
0.0
0.0
0.0
0.0
0.0
0.0
0.0
0.0
0.0
0.0
0.0
0.0042033141048804295
0.0
0.0
0.0
0.0
0.0
0.0
0.0
0.0
0.0
0.0
0.0
0.0
0.0
0.0
0.021025747446426126
0.0
0.009500159710896464
0.0
0.0
0.0
0.019397219025194697
0.0
0.010268614907278864
0.0
0.0
0.0
0.0
0.0
0.0
0.0
0.0
0.0
0.0
0.0
0.0
0.007823851807262926
0.0
0.018861022319063007
0.0
0.0
0.0
0.0
0.0
0.0
0.0
0.0
0.0
0.0
0.0
0.0
0.0
0.0
0.0
0.0
0.0
0.0
0.0
0.0
0.0
0.0
0.0
0.0
0.008607624736085088
0.0
0.0
0.0
0.0
0.0
0.0
0.0
0.0
0.028500479132689393
0.0
0.0
0.0
0.0
0.0042033141048804295
0.0
0.0
0.0
0.0
0.0
0.0
0.0
0.0
0.0
0.0
0.0
0.0
0.0
0.0
0.0
0.0
0.0
0.0
0.05256436861606532
0.0
0.0
0.031107227942990933
0.0
0.0
0.009358954193105888
0.0
0.0
0.0
0.0
0.0
0.0
0.0
0.0
0.0
0.0
0.0
0.0
0.0
0.0
0.0
0.0
0.0
0.0
0.0
0.0
0.0
0.0
0.0
0.0
0.0
0.020738151961993953
0.0
0.0
0.00896842726337997
0.0
0.0
0.009131709547406918
0.0
0.0
0.0
0.0
0.0
0.0
0.0
0.0
0.010268614907278864
0.0
0.0
0.0
0.0
0.0
0.2523089693571135
0.0
0.0
0.0
0.0
0.041671574349105345
0.0
0.0
0.0
0.0
0.0
0.0050820671696393165
0.0
0.0
0.0
0.0
0.0
0.0
0.0
0.0
0.0
0.0
0.0
0.004679477096552944
0.0
0.0
0.0
0.012525002604090441
0.05082067169639316
0.0
0.0
0.0
0.0
0.003620537702382497
0.0
0.0
0.0
0.0
0.0
0.0
0.0
0.0
0.0
0.0
0.0
0.0
0.0
0.0
0.0
0.0
0.0
0.0
0.0
0.0
0.0
0.0
0.0
0.0
0.0
0.0
0.0
0.0
0.0
0.006489745947744193
0.0
0.0
0.0
0.0
0.0
0.0
0.0070725223502421265
0.005738416490723391
0.0
0.0
0.0
0.0
0.0
0.0
0.0
0.0
0.0
0.0
0.0
0.0
0.0
0.0
0.0
0.0
0.0
0.0
0.0
0.0
0.0
0.0
0.008188863305483766
0.0
0.0
0.0
0.01964599612750826
0.0
0.0
0.0
0.0
0.0
0.0
0.0
0.0073994066619171685
0.0
0.006013582956071678
0.0
0.0
0.0
0.0
0.0
0.018263419094813837
0.0
0.0
0.0
0.0
0.0
0.0
0.0
0.0
0.0
0.005430806553573745
0.0
0.0
0.008188863305483766
0.0
0.0
0.0
0.0
0.0042033141048804295
0.0
0.0
0.0
0.017405209744043627
0.0
0.0
0.0
0.0
0.0
0.0
0.0
0.0
0.0
0.0
0.0
0.0
0.0
0.0
0.0
0.0
0.0
0.17871885329462206
0.0
0.0
0.0
0.0
0.0
0.0
0.0
0.0
0.0
0.0
0.0
0.0
0.0
0.0
0.0
0.0
0.0
0.0
0.0
0.0
0.0
0.0
0.0
0.0
0.0
0.0
0.0
0.0
0.0
0.0
0.0
0.0
0.0
0.0
0.005430806553573745
0.0
0.0
0.0
0.0
0.0
0.0
0.0
0.0
0.0
0.017405209744043627
0.0
0.003620537702382497
0.0
0.0
0.006262501302045221
0.0
0.0
0.0
0.0
0.0
0.0
0.0
0.0
0.0
0.0
0.0
0.0
0.0
0.0
0.0
0.0
0.0
0.0
0.0
0.0
0.0
0.0
0.0073994066619171685
0.0
0.0
0.0
0.0
0.0
0.0
0.0
0.0
0.0
0.0
0.0
0.0
0.0
0.0
0.0
0.0
0.0
0.0
0.0
0.0
0.0
0.0
0.0
0.0
0.0
0.0
0.0
0.0028692082453616956
0.0
0.0
0.0
0.0
0.0
0.0
0.0
0.0
0.0
0.0
0.0
0.0
0.009698609512597349
0.0
0.018717908386211776
0.013784672041661127
0.0
0.0
0.0
0.0
0.0
0.0
0.0
0.0
0.0
0.0
0.0
0.0
0.0
0.0
0.0
0.0
0.0
0.0
0.0
0.0
0.0
0.0
0.0
0.0
0.0
0.0
0.0
0.0
0.0042033141048804295
0.0
0.013784672041661127
0.0
0.02829153347859451
0.0
0.0
0.0
0.0
0.0
0.0
0.0
0.0
0.0
0.0
0.0
0.0
0.0
0.0
0.0
0.0
0.0
0.0
0.0
0.0
0.0
0.003620537702382497
0.0
0.0
0.0
0.0
0.0
0.0
0.0
0.0
0.0
0.0
0.0
0.0
0.0
0.0
0.0
0.0
0.0
0.0
0.0
0.0
0.0
0.0
0.0
0.0
0.0
0.0
0.0
0.03095798537953272
0.0
0.0
0.0
0.0
0.0
0.0
0.0
0.0
0.0
0.0
0.0
0.0
0.0
0.0
0.0
0.0
0.0
0.0
0.0
0.0
0.0
0.0
0.0
0.0
0.0
0.0
0.0
0.0
0.0
0.0
0.0
0.0
0.0
0.0
0.0
0.0
0.0
0.0
0.0
0.0
0.0
0.0
0.0
0.0
0.0
0.0
0.0
0.0
0.0
0.0
0.0
0.0
0.0
0.0
0.0
0.0
0.0
0.0
0.0
0.0
0.0
0.0
0.0
0.0
0.0
0.0
0.0
0.0
0.0
0.0
0.0
0.0
0.0073994066619171685
0.0
0.0
0.0
0.0
0.0
0.0
0.0
0.0
0.0
0.0
0.0
0.0
0.0
0.0
0.0
0.0
0.0
0.0
0.0
0.0
0.0
0.0
0.0
0.0
0.0
0.0
0.0
0.0
0.0
0.00807277015323647
0.007823851807262926
0.009567999002823438
0.0
0.0
0.0
0.0
0.0
0.0
0.0
0.0
0.0
0.0
0.0
0.0
0.0
0.0
0.0
0.0
0.0
0.0
0.0
0.0
0.0
0.0
0.0
0.0
0.0
0.0
0.0
0.0
0.0
0.0
0.0
0.0
0.0
0.0
0.0
0.0
0.0
0.0
0.0
0.0
0.0
0.0
0.0
0.0
0.0
0.0
0.0
0.0
0.0
0.041476303923987906
0.0
0.0
0.0
0.0
0.0
0.0
0.0
0.0
0.0073994066619171685
0.0
0.0
0.0
0.0
0.0
0.0
0.0
0.0
0.0
0.0
0.0
0.0
0.0042033141048804295
0.0
0.0
0.0
0.0
0.0
0.0
0.0
0.0
0.0
0.01900031942179293
0.0
0.0
0.0
0.0
0.0
0.0
0.0
0.0
0.0
0.0
0.0
0.0
0.0
0.0
0.007823851807262926
0.0
0.0
0.0
0.0
0.0
0.0
0.0
0.0
0.0
0.0
0.0
0.0
0.0
0.0
0.0
0.0
0.0
0.0
0.0
0.0
0.014798813323834337
0.0
0.0
0.0
0.0
0.0
0.03904617706476904
0.0
0.0
0.0
0.0
0.0
0.0
0.0
0.007823851807262926
0.0
0.0
0.0
0.0
0.0
0.0
0.0
0.0
0.0
0.01701811921730598
0.0
0.0
0.0
0.0
0.019397219025194697
0.0
0.0
0.0
0.0
0.0
0.0
0.0073994066619171685
0.0
0.0
0.0
0.0
0.0
0.0
0.0
0.0
0.0
0.0
0.0
0.0
0.0
0.0
0.0
0.0
0.0
0.0
0.0
0.0
0.0
0.0
0.0
0.0
0.0
0.0
0.0
0.0
0.0
0.0
0.0
0.0
0.0
0.0
0.0
0.0
0.0
0.0
0.0
0.0
0.0
0.0
0.0
0.0
0.0
0.0
0.0
0.0
0.0
0.0
0.0
0.0
0.0
0.0
0.0
0.0
0.0
0.0
0.0
0.0
0.0
0.0
0.0
0.0
0.028703997008470313
0.0
0.0
0.0
0.0
0.0
0.0
0.0
0.0
0.0
0.0
0.0
0.005430806553573745
0.0
0.0
0.0
0.0
0.0
0.0
0.0
0.0
0.0
0.0
0.0
0.0
0.0
0.0
0.0
0.0
0.0
0.0
0.0
0.0
0.0
0.0
0.0
0.0
0.0
0.0
0.0
0.0
0.010417893587276336
0.0
0.0
0.0
0.0
0.0
0.0
0.0
0.0
0.004679477096552944
0.0
0.0
0.0
0.0
0.003620537702382497
0.0
0.0
0.0
0.0
0.0
0.0
0.0
0.0
0.0
0.0
0.0
0.0
0.0
0.0
0.0
0.0
0.0
0.009131709547406918
0.0018102688511912484
0.0
0.0
0.0
0.009285381274519746
0.006489745947744193
0.0
0.0
0.0
0.0
0.0
0.0
0.0
0.0
0.0
0.0
0.0
0.0
0.005738416490723391
0.0
0.0
0.0
0.0
0.0
0.0
0.0
0.0
0.0
0.0
0.0
0.0
0.0
0.0
0.0
0.0
0.0
0.0042033141048804295
0.0
0.0
0.0
0.0
0.0
0.0
0.0
0.0
0.0
0.0
0.0
0.0
0.0
0.0
0.0
0.0
0.0
0.0
0.0
0.0
0.0
0.0
0.0
0.0
0.0
0.0
0.0
0.0070725223502421265
0.0
0.0
0.0
0.0
0.0
0.0
0.0
0.0
0.0
0.0
0.0
0.0
0.0
0.0
0.0
0.0
0.0
0.0
0.0
0.0
0.0
0.0
0.0
0.0
0.0
0.0
0.0
0.0
0.0
0.0
0.0
0.0
0.0
0.0
0.0
0.0
0.0
0.0
0.0
0.0
0.0
0.0
0.0
0.0
0.0
0.0
0.0
0.0
0.00896842726337997
0.0
0.0
0.0
0.0
0.0
0.0
0.0
0.0
0.0
0.0
0.026382755025475525
0.0
0.0
0.006489745947744193
0.0
0.005430806553573745
0.0
0.0
0.0
0.0
0.0
0.0
0.0
0.0
0.006698790757461742
0.0
0.0
0.0
0.01614554030647294
0.0
0.0
0.0
0.0
0.0
0.0
0.0
0.0
0.0
0.0
0.0
0.0
0.0
0.0
0.0
0.0
0.0
0.0
0.0
0.0
0.0
0.00754868534191464
0.0
0.0
0.0073994066619171685
0.0
0.005738416490723391
0.0
0.0
0.0
0.0
0.0
0.0
0.0
0.0
0.0
0.0
0.0
0.0
0.0
0.0
0.0
0.0
0.01793685452675994
0.0
0.0
0.0
0.0
0.0
0.0
0.0
0.0
0.0
0.06307724233927837
0.0
0.0
0.0
0.0
0.0
0.0
0.0
0.0
0.0
0.0
0.0
0.04044113460050676
0.0
0.0
0.0
0.0
0.0
0.0
0.0
0.0
0.0
0.0
0.015379781719410433
0.0
0.008794251675158508
0.028902361975362532
0.0
0.0
0.0
0.0
0.0
0.0
0.0
0.0
0.0
0.0
0.0
0.0
0.0
0.0
0.0
0.028500479132689393
0.0
0.0
0.0
0.03016589753809858
0.0
0.0
0.0
0.0
0.0
0.007241075404764994
0.0
0.0
0.0
0.0
0.0
0.0
0.0
0.0
0.0
0.0
0.03016589753809858
0.0
0.0
0.0
0.0
0.0
0.0
0.0
0.0
0.0
0.0
0.0
0.0
0.0
0.0
0.0
0.0
0.0
0.0
0.0
0.0
0.0
0.006489745947744193
0.0
0.0
0.007689890859705216
0.0
0.0
0.0
0.0
0.01952308853238452
0.0
0.0
0.0
0.008607624736085088
0.0
0.0
0.0
0.0
0.0
0.0
0.0
0.0
0.0
0.0050820671696393165
0.0
0.0
0.0
0.0
0.0
0.0
0.0
0.0
0.0
0.0
0.0
0.0
0.0
0.0
0.0
0.0
0.0
0.008882791201433374
0.0
0.0
0.0
0.0
0.0
0.0
0.0
0.0
0.0
0.0
0.0
0.0
0.0
0.0
0.004679477096552944
0.0
0.0
0.0
0.0
0.0
0.0
0.00850905960865299
0.0
0.007951275415001012
0.009051344255956243
0.0
0.0
0.0
0.0
0.0
0.0
0.0
0.0
0.0
0.0
0.0
0.0050820671696393165
0.0
0.0
0.0
0.0
0.0
0.0
0.0
0.0
0.0
0.0
0.0
0.0
0.0
0.0
0.0
0.0
0.0
0.0
0.0
0.0
0.14652141569695912
0.0
0.0
0.0
0.0
0.0
0.0
0.008188863305483766
0.0
0.0
0.0
0.0
0.0
0.0
0.0
0.0
0.0
0.0
0.0
0.0
0.0
0.0
0.00830001479893544
0.0
0.0
0.0
0.026382755025475525
0.0
0.0
0.0
0.0
0.0
0.0
0.0
0.0
0.007241075404764994
0.0
0.0
0.0
0.0
0.0
0.007241075404764994
0.0
0.0
0.0
0.0
0.0
0.0
0.0
0.0
0.0
0.0
0.00754868534191464
0.0
0.0
0.0
0.008406628209760859
0.0
0.0
0.0
0.01701811921730598
0.0
0.0
0.0
0.0
0.0
0.0
0.0
0.050551418250633445
0.0
0.009567999002823438
0.0
0.0
0.0
0.0
0.0
0.0
0.0050820671696393165
0.0
0.0
0.0
0.0
0.0
0.0
0.0
0.0
0.0
0.006262501302045221
0.0
0.0
0.006892336020830564
0.006262501302045221
0.0
0.0
0.0
0.0
0.0
0.0
0.0
0.0
0.0
0.0
0.0
0.0
0.0
0.0028692082453616956
0.0
0.0
0.0
0.0
0.0
0.0
0.0
0.0
0.009051344255956243
0.0
0.0
0.006698790757461742
0.0
0.0
0.0
0.0
0.0
0.0
0.0
0.0
0.0
0.0
0.0
0.0
0.05232907703462826
0.006262501302045221
0.0
0.0
0.0
0.0
0.0
0.0
0.0
0.0
0.0
0.0
0.0
0.0
0.0
0.0
0.0073994066619171685
0.0
0.0
0.0
0.009999132156675014
0.0
0.0
0.0
0.0
0.0
0.0
0.0
0.0
0.0
0.0
0.007823851807262926
0.0
0.0028692082453616956
0.0
0.0
0.0
0.0
0.0
0.0
0.0
0.007241075404764994
0.0
0.0
0.0042033141048804295
0.0
0.0
0.0
0.0
0.0
0.0
0.0
0.0
0.0
0.049114990318770646
0.0
0.0
0.0
0.0
0.02347155542178878
0.0
0.0
0.0
0.0
0.0
0.0
0.0
0.0
0.0
0.006262501302045221
0.0
0.0
0.0
0.0
0.0
0.0
0.0
0.0
0.0
0.0
0.0
0.0
0.0
0.0
0.0
0.0070725223502421265
0.0
0.0
0.0
0.0
0.0
0.0
0.0
0.0
0.0
0.0
0.0
0.0
0.0
0.0
0.0
0.0050820671696393165
0.0
0.0
0.0
0.0
0.0
0.0
0.0
0.0
0.0
0.0
0.0
0.0
0.0
0.0
0.0
0.0
0.0
0.0
0.009051344255956243
0.0
0.0
0.0
0.0
0.0
0.09419233866233087
0.0
0.0
0.0
0.0
0.003620537702382497
0.0
0.0
0.013397581514923484
0.0
0.0
0.0
0.0
0.0
0.0
0.0
0.0
0.0
0.014145044700484253
0.0
0.0
0.0
0.0
0.0
0.0
0.0
0.0
0.0
0.0
0.0
0.0
0.0
0.0
0.009941730595603823
0.0
0.0
0.0
0.0
0.0
0.0
0.0
0.0
0.0
0.0
0.0
0.0
0.0
0.0
0.0
0.0
0.0
0.027395128642220754
0.0
0.0
0.0
0.0
0.0
0.0
0.0
0.0
0.004679477096552944
0.0
0.0
0.0
0.019268241316908352
0.006892336020830564
0.0
0.0
0.0
0.0
0.0
0.0
0.0
0.0
0.0070725223502421265
0.0
0.0
0.0
0.0
0.0
0.0
0.0
0.0
0.0
0.0
0.0
0.0
0.0
0.0
0.00830001479893544
0.0
0.0
0.0
0.0
0.0
0.0
0.0
0.0
0.0
0.0
0.0
0.0
0.0
0.0
0.0
0.0
0.0
0.0
0.0
0.0
0.0
0.0050820671696393165
0.0
0.0
0.0
0.0
0.0
0.0
0.0
0.0070725223502421265
0.0
0.0
0.0
0.0
0.003620537702382497
0.0
0.0
0.0
0.0
0.0
0.0
0.0
0.0
0.020328268678557266
0.008188863305483766
0.0
0.0
0.0
0.0
0.0
0.0
0.0
0.008607624736085088
0.0
0.0
0.0
0.0
0.0
0.0
0.0
0.0
0.0
0.0
0.0
0.0
0.0
0.0
0.0
0.0
0.0
0.0
0.0
0.0
0.0
0.0
0.0
0.0
0.0
0.0
0.0
0.0
0.0
0.0
0.0
0.0
0.0
0.0
0.0
0.0
0.0
0.0
0.0
0.0
0.0
0.0
0.0
0.029825191786811464
0.0
0.0
0.0
0.041476303923987906
0.0
0.0
0.0
0.0
0.0
0.010268614907278864
0.0
0.0
0.03320005919574176
0.0
0.0
0.0
0.0
0.00850905960865299
0.0070725223502421265
0.0
0.0
0.0
0.0
0.0
0.0
0.0
0.0
0.0
0.0
0.0
0.0
0.0
0.0
0.0
0.029825191786811464
0.0
0.0
0.0
0.0
0.0
0.0
0.0
0.0
0.0
0.0
0.0
0.0
0.0
0.0
0.0
0.0
0.0
0.0
0.0
0.0
0.0
0.0
0.0
0.0
0.0
0.0
0.0
0.0
0.0
0.0
0.0
0.0
0.0
0.0
0.0
0.0
0.0
0.0
0.0
0.0
0.008406628209760859
0.0
0.0
0.0
0.0
0.0
0.0
0.009634120658454176
0.009051344255956243
0.0
0.0
0.0
0.0
0.0
0.0
0.0
0.0
0.02063865691968848
0.02022056730025338
0.0
0.0
0.0
0.23128322191068737
0.0
0.0
0.07326070784847956
0.0
0.06250736152365802
0.0
0.0
0.0
0.020328268678557266
0.0
0.0
0.020433794121904214
0.14516706373395769
0.0
0.04022119671746477
0.017405209744043627
0.0
0.0
0.0
0.0
0.0
0.17871885329462206
0.0
0.010369075980996977
0.0
0.0
0.0
0.0
0.0
0.0
0.0
0.0
0.0
0.009430511159531503
0.0
0.0
0.0
0.0
0.0
0.0
0.0
0.0
0.006013582956071678
0.0
0.0
0.0
0.0
0.0
0.0
0.0
0.0
0.0
0.010465815406925651
0.0
0.0
0.0
0.0
0.0
0.0
0.027569344083322254
0.0
0.0
0.0
0.05134307453639431
0.0
0.0
0.0
0.0
0.0
0.0
0.0
0.0
0.0
0.0
0.0
0.0
0.0
0.0
0.018419351026216835
0.0
0.0
0.0
0.0
0.0
0.0
0.0
0.0
0.0
0.0
0.0
0.0
0.0
0.0
0.0
0.0
0.0
0.0
0.0
0.0
0.0
0.0
0.0
0.0
0.0
0.0
0.0
0.0
0.0
0.0
0.0
0.0
0.0
0.04999566078337507
0.0
0.0
0.0
0.0
0.0
0.0
0.0
0.0
0.0
0.0
0.0
0.0
0.0
0.0
0.0
0.0
0.006489745947744193
0.0
0.0
0.0
0.0
0.0
0.0
0.0
0.0
0.0
0.0
0.0
0.0
0.006489745947744193
0.0
0.0
0.0
0.0
0.0
0.0
0.0
0.0
0.006698790757461742
0.0
0.0
0.0
0.0
0.0
0.0
0.0
0.0
0.0
0.0
0.0
0.0
0.017588503350317017
0.0
0.0
0.0
0.0
0.0028692082453616956
0.0
0.0
0.0
0.0
0.0
0.008188863305483766
0.0
0.010055299179366192
0.0
0.0
0.0
0.03443049894434035
0.0
0.0
0.0
0.0
0.0
0.0
0.006892336020830564
0.0
0.0
0.0
0.0
0.0
0.0
0.0
0.0050820671696393165
0.0
0.0
0.0
0.0
0.0
0.004679477096552944
0.0
0.0
0.0
0.008882791201433374
0.0
0.020931630813851302
0.0
0.0
0.0
0.0
0.0
0.0
0.0
0.0
0.0
0.0
0.0
0.0
0.0
0.0
0.0
0.0
0.0
0.0
0.0
0.0
0.0
0.020328268678557266
0.0
0.0
0.0
0.0
0.0
0.0
0.0050820671696393165
0.0
0.0
0.0
0.0
0.0
0.0
0.0
0.0
0.0
0.0
0.0
0.0
0.0
0.0
0.0
0.0
0.0
0.0
0.0
0.0
0.0
0.0
0.0
0.0
0.0
0.0
0.0
0.0
0.0
0.0
0.020537229814557727
0.0
0.0
0.0
0.0
0.0
0.0
0.0
0.0
0.007689890859705216
0.0
0.0
0.0
0.0
0.0
0.0
0.0
0.0
0.0
0.0
0.016813256419521718
0.0
0.0
0.0
0.0
0.0
0.0
0.0
0.0
0.0
0.0
0.0
0.0
0.0
0.003620537702382497
0.0
0.007241075404764994
0.0
0.0
0.0
0.0
0.0
0.0
0.00850905960865299
0.0
0.006489745947744193
0.0
0.0
0.0
0.0
0.0
0.0
0.0
0.0
0.0
0.0
0.01793685452675994
0.0
0.0
0.0
0.0
0.0
0.0
0.0
0.0
0.0
0.0
0.0
0.0
0.0
0.0
0.0
0.0
0.0
0.0
0.0
0.0
0.0
0.0
0.0
0.0
0.0
0.0
0.0
0.01952308853238452
0.0
0.0
0.0
0.0
0.0
0.0
0.006892336020830564
0.0
0.0
0.0
0.02928463279857678
0.004679477096552944
0.0
0.0
0.0
0.0
0.0
0.0
0.0
0.0
0.0
0.0
0.0
0.0
0.0
0.0
0.008188863305483766
0.0
0.0
0.0
0.0
0.0
0.0
0.0
0.0
0.0
0.0
0.0
0.0
0.00896842726337997
0.0
0.0
0.0
0.0
0.0
0.0
0.0
0.0
0.0
0.0
0.005430806553573745
0.0
0.0
0.0
0.0
0.0
0.0
0.0
0.00754868534191464
0.0
0.0
0.0
0.0
0.0
0.02928463279857678
0.0
0.026648373604300123
0.0
0.0
0.0
0.0
0.03095798537953272
0.0
0.0
0.008406628209760859
0.0
0.0
0.0
0.0
0.0
0.0
0.0
0.0
0.0
0.0
0.0
0.019268241316908352
0.0
0.08334314869821069
0.006489745947744193
0.0
0.0
0.0
0.0
0.0
0.0
0.0
0.0
0.0
0.0
0.0
0.0
0.0
0.0
0.0
0.0
0.0
0.019268241316908352
0.0
0.0
0.004679477096552944
0.0
0.004679477096552944
0.0
0.0
0.0
0.0
0.0
0.0
0.0
0.0
0.0
0.0
0.0
0.0
0.0
0.0
0.0
0.0
0.0
0.0
0.0
0.0
0.0
0.02552717882595897
0.024900044396806324
0.0
0.0
0.0
0.006262501302045221
0.0
0.0
0.0
0.0
0.0
0.0
0.0
0.0
0.008607624736085088
0.0
0.029825191786811464
0.0
0.0
0.0
0.0
0.0
0.010369075980996977
0.0
0.0
0.010216897060952107
0.0
0.009634120658454176
0.0
0.0
0.0
0.009698609512597349
0.018570762549039492
0.0
0.009358954193105888
0.0
0.0841029897857045
0.0
0.0
0.008882791201433374
0.0
0.0
0.0
0.009567999002823438
0.0
0.0
0.0
0.0
0.0
0.0
0.0
0.0
0.0
0.0
0.0
0.32589908541960494
0.0
0.0
0.0
0.0
0.0
0.019135998005646877
0.0
0.0
0.0
0.0
0.0
0.0
0.0
0.0
0.0
0.0
0.0
0.09461586350891756
0.0
0.0
0.0
0.0
0.0
0.0
0.0
0.0
0.0
0.0
0.019397219025194697
0.0
0.0
0.0028692082453616956
0.0
0.0
0.0
0.019766078008855437
0.02022056730025338
0.0
0.00976154426619226
0.0
0.01952308853238452
0.03080584472183659
0.0
0.0
0.0
0.0
0.0
0.0
0.0
0.0
0.0
0.01952308853238452
0.0
0.0
0.0
0.0
0.0
0.0
0.0
0.0
0.0073994066619171685
0.0
0.0
0.005738416490723391
0.0
0.0
0.0
0.0
0.0
0.0
0.0
0.0
0.08214891925823091
0.0
0.0
0.0
0.0
0.0
0.0
0.0
0.0
0.0
0.0
0.27211120058006694
0.009209675513108417
0.0
0.0
0.11295476398006751
0.0
0.0
0.0
0.0
0.0
0.0
0.0
0.0
0.0
0.0
