0.07956738230763119
0.008520022405708257
0
0
0
0
0
0
0
0
0
0
0
0
0
0
0
0
0
0.008520022405708257
0
0
0
0
0
0.0
0
0.08520022405708258
0.019271093679421872
0
0
0
0
0
0.0
0
0
0.005375535636856807
0
0
0
0
0
0
0.013895558042565065
0
0
0
0
0.043004285094854454
0
0.010751071273713613
0
0
0
0
0
0
0
0
0
0
0
0
0
0
0
0
0
0
0
0
0.005375535636856807
0
0
0
0
0
0.0
0.0
0
0
0
0
0
0
0
0
0
0
0
0
0
0
0
0
0
0
0
0
0
0
0
0
0
0
0
0.0
0
0
0
0
0
0
0
0
0
0
0
0
0
0
0
0
0
0.01248160722028605
0
0
0
0
0
0.038542187358843745
0
0
0
0
0.010751071273713613
0
0
0
0
0
0
0
0
0
0
0
0.0
0
0
0
0
0
0
0
0
0.017040044811416515
0
0
0.015091036428826015
0
0
0
0
0
0
0
0
0
0
0
0
0
0.0249632144405721
0
0
0
0
0
0
0
0.013895558042565065
0
0
0
0
0
0.0
0
0
0
0.0
0
0.02046657206568282
0
0
0
0
0
0
0
0.0
0
0
0
0
0
0
0
0.008520022405708257
0
0
0
0.022834885731300516
0.04863313700062832
0
0
0
0
0
0
0
0
0
0
0
0
0
0
0
0.019891845576907798
0
0
0
0
0
0
0
0
0.017857142857142856
0
0
0.038542187358843745
0
0.005375535636856807
0
0
0
0
0
0
0
0
0
0
0
0
0
0
0.005375535636856807
0
0
0
0.0985865172651147
0
0
0
0
0
0
0
0
0
0
0
0
0
0
0.008520022405708257
0
0
0
0
0
0
0
0
0.019891845576907798
0
0
0
0
0
0
0
0
0
0
0
0
0
0
0
0
0
0
0
0
0
0.005375535636856807
0
0
0
0
0
0
0
0
0
0
0
0
0
0
0
0
0
0.013895558042565065
0
0
0
0
0
0
0
0
0
0
0
0.018596297949254017
0
0
0
0
0
0
0
0
0
0
0
0
0.4310689674001973
0
0
0
0
0
0
0
0.037192595898508034
0
0.013895558042565065
0
0
0.017040044811416515
0
0
0
0
0
0
0
0
0
0
0.02100162962599431
0
0
0
0.02779111608513013
0
0.0
0
0
0
0
0
0
0
0
0
0
0
0
0
0
0.05558223217026026
0
0
0.0249632144405721
0
0
0
0
0
0
0.12600977775596586
0
0
0
0.018596297949254017
0
0
0
0
0
0
0
0
0
0
0
0
0
0.05721642826171295
0
0
0
0
0
0
0
0
0
0
0
0
0
0
0
0
0
0
0
0
0
0
0
0
0
0
0
0
0
0
0
0
0
0
0
0
0
0
0
0
0
0
0
0.24271000061943124
0
0
0
0.4310689674001973
0.14001801107741027
0
0
0
0
0
0
0
0
0
0.0985865172651147
0
0.01248160722028605
0.019271093679421872
0
0
0
0
0
0
0
0
0
0
0
0.04093314413136564
0
0
0
0.13449348268963993
0
0
0
0
0
0
0
0
0
0
0
0
0.022834885731300516
0
0
0
0
0
0
0.021502142547427227
0
0
0.03107790516954007
0
0
0
0
0
0
0.0998528577622884
0.026631458818469154
0.008520022405708257
0
0
0
0.05275433052570223
0.2497411467151715
0.03107790516954007
0
0
0
0
0
0
0.27970114652586064
0
0
0
0
0
0
0
0
0
0
0
0
0
0
0.013895558042565065
0.04394460433493835
0
0.0
0.008520022405708257
0
0
0
0
0.0885649560951077
0
0.09298148974627009
0
0
0
0
0
0
0.057599423454276266
0.125
0.02046657206568282
0.054232640709924555
0.17474250108400471
0
0.03408008962283303
0
0.0
0
0
0
0
0
0
0
0
0
0
0
0
0.5975089958302978
0
0
0
0
0
0
0
0
0
0
0
0
0
0
0
0
0
0
0
0
0
0.07438519179701607
0
0
0
0.021502142547427227
0.041686674127695195
0
0
0
0
0
0
0
0.027347837804325984
0
0
0
0
0
0
0
0
0
0
0.005375535636856807
0.015091036428826015
0
0
0.0
0
0
0
0
0
0
0
0.026114249962481358
0.017857142857142856
0
0
0
0.0
0
0
0
0
0
0
0.05375535636856807
0
0
0
0
0
0.0
0
0
0
0
0
0
0
0
0
0
0
0
0
0
0
0
0
0
0
0
0
0
0
0
0
0
0.33349339302156156
0
0
0
0
0
0
0
0
0.019271093679421872
0
0
0
0
0
0
0.03744482166085815
0
0
0
0
0
0
0
0.07913149578855334
0
0
0
0
0
0.6098464914635486
0
0
0
0
0
0
0.1971730345302294
0
0
0
0
0
0
0
0
0
0
0
0
0
0
0
0.09133954292520206
0
0
0
0
0
0
0
0
0
0
0
0
0
0.005375535636856807
0
0.038542187358843745
0
0
0
0
0
0
0
0
0
0.0
0
0
0
0.09298148974627009
0
0.0
0
0
0
0
1.144328565234259
0.0985865172651147
0
0.013895558042565065
0
0
0
0
0.24748482283185266
0.12135500030971562
0.0
0
0
0
0
0
0.005375535636856807
0
0
0
0.022834885731300516
0
0.1144328565234259
0
0
0
0.32847595577893984
0
0.015091036428826015
0
0
0
0
0
0
0
0.04260011202854129
0
0
0
0
0
0
0
0
0.0
0
0
0
0.0
0
0
0
0.1022402688684991
0
0
0
0
0.17391956682834647
0.023971833586110824
0.018596297949254017
0
0
0
0.0
0
0
0.45692052913282866
0.047222117669068545
0.026631458818469154
0
0.028210421368157323
0.413589654736681
0
0
0
0
0
0
0
0
0
0
0
0
0
0
0
0
0
0
0
0
0
0
0
0
0
0
0
0
0
0
0
0
0
0.0
0.013895558042565065
0
0
0
0
0
0
0.008520022405708257
0
0
0
0
0
0
0.005375535636856807
0
0
0.0
0
0
0
0
0
0
0
0
0
0
0
0
0
0
0
0
0.20290616129973757
0
0
0
0
0
0
0.005375535636856807
0
0
0
0
0
0
0
0
0
0
0
0.01248160722028605
0
0.0
0.010751071273713613
0
0.021502142547427227
0
0
0
0
0
0
0.024646629316278677
0
0
0
0
0
0
0
0
0
0.09444423533813709
0
0
0
0
0
0
0
0
0
0
0.0
0.35830668384336806
0.05578889384776205
0
0
0
0.005375535636856807
0
0
0
0
0
0.010751071273713613
0
0
0
0
0
0
0
0
0
0
0.0
0
0
0.022834885731300516
0
0.0
0
0
0.3281740536519118
0
0.24559886478819382
0.09635546839710936
0.0
0
0
0
0
0
0
0
0
0
0
0
0
0.017040044811416515
0.029692104137170966
0
0
0
0
0
1.5920998103092183
0
0
0.04260011202854129
0.6243528667879288
0
0.027347837804325984
0
0
0
0
0.15668549977488816
0.10652583527387662
0
0.06450642764228168
0
0
0.05833815912784238
0
0
0
0
0
0
0
0.005375535636856807
0.04093314413136564
0
0.021972302167469177
0
0
0
0
0
0
0
0
0
0
0
0
0.0
0.15690906313791325
0
0.017040044811416515
0.13673918902162993
0
0
0.017040044811416515
0
0
0
0
0
0
0
0
0
0
0
0
0
0.023232678493999664
0
0
0
0
0
0
0
0
0
0
0
0
0
0
0
0
0
0
0
0
0
0
0
0
0
0
0
0
0
0
0
0
0
0
0.02898659447139108
0
0
0
0
0
0.01612660691057042
0
0.0
0
0
0
0
0
0
0
0
0
0.05168421540507926
0
0
0
0
0
0
0
0
0.039783691153815595
0.018596297949254017
0.0
0
0.008520022405708257
0
0
0
0
0
0
0
0
0
0
0
0
0
0
0
0.05375535636856807
0
0
0
0
0
0
0
0
0.0
0
0
0
0
0.6488396914676184
0
0
0.05904330406340513
0
0
0
0
0
0
0
0
0
0
0
0
0
0
0.0
0
0
0
0.0
0
0
0
0
0.05971778064056134
0
0
0
0
0
0
0
0
0
0
0
0
0
0
0
0
0
0
0
0
0
0.005375535636856807
0
0
0
0
0
0
0
0
0.03079064052858552
0
0.022415580448273322
0
0
0
0
0
0
0
0.043004285094854454
0
0
0
0
0
0
0
0
0
0
0
0
0
0
0
0
0
0
0
0
0
0
0
0
0
0
0
0
0
0
0
0
0
0
0
0
0
0
0
0
0
0
0.333726250851718
0
0
0
0
0.07294970550094247
0
0
0
0
0
0
0
0
0
0
0
0
0.1654358618946724
0
0
0
0
0
0
0
0
0
0.13895558042565065
0
0.010751071273713613
0
0
0
0
0.02779111608513013
0.01612660691057042
0
0
0.01248160722028605
0
0
0
0
0
0
0
0
0
0.013895558042565065
0
0
0
0
0
0
0
0
0
0
0
0
0
0
0
0.005375535636856807
0
0
0
0
0
0
0
0
0
0
0.0
0
0
0
0
0
0
0
0
0
0
0
0
0
0
0
0
0
0
0
0
0
0
0
0
0.0
0
0
0
0
0
0
0
0
0
0
0
0
0
0
0
0
0
0
0
0
0
0
0
0
0
0
0
0
0
0
0
0
0
0
0
0
0
0
0
0
0
0
0
0
0
0
0
0
0
0
0
0
0
0
0
0.010751071273713613
0.02046657206568282
0
0
0.02584210770253963
0.051120134434249544
0
0
0
0.019271093679421872
0
0
0.0
0
0
0.0
0
0.0
0
0
0
0
0
0
0.12780033608562388
0
0
0
0
0
0
0
0
0
0.026631458818469154
0
0
0.07989437645540746
0
0.1760842153378058
0.044831160896546644
0
0
0
0
0
0
0
0.9634150602557421
0
0.0249632144405721
0
0
0.039783691153815595
0
0
0
0
0
0
0
0
0
0.0
0
0
0.0
0
0
0
0.022415580448273322
0
0
0
0
0
0
0
0
0
0
0.02916907956392119
0
0
0
0
0
0.023611058834534272
0
0
0
0
0
0
0
0
0
0
0
0
0
0
0
0.0
0
0
0
0
0
0
0
0
0
0
0
0
0
0
0
0
0.038542187358843745
0
0
0
0
0
0.11029057459644827
0
0
0
0
0
0
0
0
0.16926252820894394
0.037192595898508034
0
0
0
0
0
0
0
0
0
0
0
0
0
0.0
0
0
0
0
0
0
0
0
0
0.3049232457317743
0
0
0
0
0.03225321382114084
0
0
0
0.35830668384336806
0
0
0.0
0
0
0
0
0
0
0.09726627400125663
0
0
0
0
0
0
0
0
0
0
0
0
0.01248160722028605
0
0
0
0
0
0
0
0
0
0
0
0
0
0
0
0
0
0
0.017040044811416515
0
0
0
0
0
0
0
0
0
0
0
0
0
0
0
0
0
0
0
0
0
0
0
0
0
0
0
0
0
0
0
0
0
0
0
0
0
0
0
0
0
0
0
0
0
0
0
0
0
0
0
0
0
0
0
0
0
0
0
0
0
0
0
0
0
0
0
0
0
0
0
0
0
0
0
0
0
0
0
0
0
0
0
0
0
0
0
0
0
0
0
0
0
0
0
0
0
0
0
0
0
0
0
0
0
0
0
0
0
0
0
0
0
0
0.01248160722028605
0
0
0
0.025560067217124775
0
0.018596297949254017
0
0
0.010751071273713613
0
0
0
0
0
0
0
0
0
0
0
0
0
0
0
0
0.0
0
0.0
0
0
0
0
0
0
0
0
0
0
0
0
0
0
0.23968312936622238
0.15690906313791325
0
0
0.019271093679421872
0.04863313700062832
0
0
0
0
0
0
0
0
0
0
0
0
0
0
0
0
0
0
0
0
0
0
0
0
0
0
0
0
0
0
0
0
0
0.0
0.16802161329289234
0.0249632144405721
0
0
0
0
0
0
0
0
0
0
0
0
0
0
0
0
0
0
0
0
0
0
0
0
0
0
0.005375535636856807
0
0
0
0
0
0
0
0
0
0
0
0
0
0
0
0
0
0
0
0
0
0
0
0
0
0
0
0
0
0
0
0
0
0
0
0
0
0
0
0.039783691153815595
0
0
0
0
0.1215828425015708
0.12323314658139338
0.005375535636856807
0.29575955179534413
0
0.09006649485940646
0
0.01248160722028605
0
0
0
0
1.420343129098163
0
0.12921053851269815
0
0
0
0.10445699984992543
0
0.0
0.11201440886192822
0
0
0
0
0
0
0
0
0.06004432990627097
0
0
0
0
0
0
0.017040044811416515
0
0
0
0
0
0
0.025560067217124775
0
0
0
0
0
0
0
0
0
0
0
0
0
0
0
0
0.026377165262851113
0
0
0
0
0.0
0.015091036428826015
0
0
0.023232678493999664
0
0
0
0
0
0.03018207285765203
0
0
0
0.02431656850031416
0
0
0
0
0.06450642764228168
0
0
0
0
0
0
0
0.10336843081015852
0
0
0.0
0
0.0249632144405721
0
0.0
0
0
0
0
0.10751071273713615
0
0
0
0
0
0
0
0
0
0
0
0
0
0
0
0
0
0
0
0
0
0.044831160896546644
0
0.05168421540507926
0
0
0
0
0
0
0
0
0
0
0
0
0
0
0
0.0985865172651147
0
0
0
0
0
0
0
0
0
0
0
0
0
0
0
0
0
0
0
0
0
0
0
0.03408008962283303
0
0
0
0
0
0
0
0
0
0
0
0
0
0
0
0
0
0
0.09006649485940646
0
0
0
0
0
0
0
0
0
0
0
0.07393988794883603
0
0
0
0
0
0
0
0
0
0
0.0
0
0
0
0
0
0
0
0.024646629316278677
0
0
0
0
0
0
0
0
0
0
0
0
0
0
0
0
0
0
0
0
0
0
0
0
0
0
0.017040044811416515
0.0
0
0
0
0
0
0
0
0
0
0.125
0
0
0
0
0
0
0.010751071273713613
0
0
0
0
0.01248160722028605
0
0
0
0
0
0
0
0
0.017040044811416515
0
0
0
0
0
0
0
0
0
0
0
0.0
0.4453815620575645
0
0
0
0.0
0.2090122322419647
0
0
0.15538952584770035
0.19891845576907796
0
0
0.1215828425015708
0
0
0
0
0
0
0
0
0
0.04566977146260103
0
0
0
0.008520022405708257
0
0
0
0
0
0
0
0
0
0
0
0
0
0
0
0.02431656850031416
0
0
0
0.017040044811416515
0
0
0
0
0
0
0
0
0
0
0.005375535636856807
0
0
0.021502142547427227
0.010751071273713613
0
0
0
0
0
0
0
0
0
0
0
0
0
0
0
0
0
0
0
0
0
0
0
0
0
0
0
0
0
0.010751071273713613
0
0
0
0
0
0
0
0
0
0
0
0
0
0
0
0
0
0
0
0
0
0
0
0.05326291763693831
0
0.026114249962481358
0
0
0
0
0
0
0
0
0
0
0
0.015091036428826015
0
0
0
0
0
0.20418355694744833
0
0
0
0
0
0
0
0
0
0
0
0
0.005375535636856807
0.017040044811416515
0
0
0
0
0.051120134434249544
0
0.04929325863255735
0
0
0
0
0
0
0
0
0
0
0
0
0
0
0
0
0
0.0
0.018596297949254017
0
0
0
0
0
0
0
0.04566977146260103
0
0
0
0
0
0
0
0
0
0
0
0
0
0
0
0.0
0
0.005375535636856807
0
0
0
0
0.04794366717222165
0
0.04646535698799933
0
0.11616339246999832
0
0.013895558042565065
0.01248160722028605
0
0
0
0
0
0
0
0
0.021502142547427227
0
0.030642916850621416
0
0
0
0
0
0.09444423533813709
0
0
0
0
0
0
0
0
0
0
0
0
0
0
0
0
0.01248160722028605
0
0
0
0.015091036428826015
0
0
0
0
0
0
0
0
0
0
0
0
0.02779111608513013
0
0
0
0
0
0
0
0
0.0
0
0.005375535636856807
0
0
0
0.05275433052570223
0
0
0
0
0.2231555753910482
0.06004432990627097
0
0
0
0
0
0
0
0
0
0
0
0
0
0
0.0
0
0
0
0
0
0
0
0
0
0
0
0
0
0.06724674134481996
0
0
0.0
0
0
0
0
0
0.01248160722028605
0
0
0.03744482166085815
0.017040044811416515
0
0
0.1248160722028605
0
0
0
0
0
0
0
0.1343883909214202
0
0
0
0.7180057968061181
0
0
0
0
0
0.02046657206568282
0
0.07438519179701607
0
0
0
0
0
0
0
0
0
0
0
0
0
0
0
0
0
0.005375535636856807
0
0
0
0
0
0
0
0.015091036428826015
0
0.12780033608562388
0
0
0
0
0
0
0.01612660691057042
0
0.013895558042565065
0
0
0
0.769766013214638
0.10652583527387662
0
0
0
0
0
0
0.16126606910570424
0
0
0
0
0
0
0
0
0
0
0
0
0
0
0.22729494386092844
0
0.028210421368157323
0
1.3547881832577628
0
0
0
0
0.010751071273713613
0.044831160896546644
0.05375535636856807
0.5682373596523211
0
0
0
0
0
0.0
0.5965590478091701
0.021502142547427227
0.013895558042565065
0
0
0
0.06215581033908014
0.0
0
0
0
0
0
0
0
0
0
0
0
0
0.005375535636856807
0
0
0
0
0
0
0
0
0
0
0
0
0
0
0
1.1755529084513001
0
0.08337334825539039
0
0
0.0
0
0
0
0
0
0
0
0
0
0
0
0.01248160722028605
0
0.019271093679421872
0
0.04929325863255735
0
0
0
0
0
0
0
0
0
0
0
0.01248160722028605
0.0
0
0
0.01248160722028605
0
0
0
0
0
0
0
0
0.05558223217026026
0
0
0
0
0
0
0
0.05967553673072339
0
0
0
0.01612660691057042
0
0
0
0
0
0
0
0
0
0
0
0
0
0
0
0
0
0
0
0
0
0
0
0
0
0
0.32253213821140847
0.04200325925198862
0.061399716197048454
0.015091036428826015
0
0
0
0
0
0.02431656850031416
0
0
0
0
0
0
0
0
0
0
0
0
0
0
0
0.02779111608513013
0
0
0
0
1.3170062310299178
0.041686674127695195
0
0
0.0
0
0
0
0
0.11417442865650258
0.08186628826273128
0
0
0
0
0
0
0
0
0
0
0
0
0
0
0
0.021502142547427227
0
0.05682373596523211
0
0
0
0
0
0
0
0.24514333480497133
0
0
0
0
0
0
0
0
0
0.017040044811416515
0
0
0
0
0
0.0499264288811442
0
0
0.051120134434249544
0
0
0
0
0
0.08186628826273128
0
0
0.010751071273713613
0
0
0
0
0
0.02779111608513013
0.037192595898508034
0
0
0
0
0
0
0
0
0
0
0
0
0
0
0
0
0.0249632144405721
0
0
0
0
0
0
0
0
0
0
0.05357142857142857
0
0
0
0
0
0
0
0
0
0
0
0.0748896433217163
0
0.021502142547427227
0.027572643649112067
0
0
0
0.4695579075674821
0
0
0
0
0
0
0
0
0
0
0
0
0
0
0.0
0.02431656850031416
0
0
0
0
0
0
0
0.015091036428826015
0
0.0
0
6.087440451182306
0
0
0.05967553673072339
0
0
0
0
0
0
0
0
0.49028666960994266
0
0
0
0
0
0
0
0
0
0.2231555753910482
0
0.02779111608513013
0
0
0
0
1.036133281972836
0
0
0
0
0
0
0.047222117669068545
0
0
0
0
0.05797318894278216
0
0
0
0
0
0
0
0
0
0
0
0
0
0
0
0.027347837804325984
0
0
0
0
0
0.04527310928647804
0
0
0
0
0
0
0
0
0
0
0
0
0.01612660691057042
0
0.021502142547427227
0
0
0
0
0
0
0
0
0
0
0
0
0
0
0.0
0.027347837804325984
0
0
0
0.025560067217124775
0
0
0
0
0
0
0
0
0
0
0
0
0
0
0
0.0
0
0
0
0
0
0
0
0
0
0
0
0
0
0
0
0.0958873343444433
0
0
0
0
0
0
0
0
0
0
0
0
0
0
0
0
0
0
0
0
0
0
0
0
0
0.026114249962481358
0
0
0
0
0
0
0
0
0
0
0
0
0
0
0
0.0
0
0
0
0
0
0.29692104137170966
0.013895558042565065
0.017040044811416515
0.0
0
0
0
0
0
0
0
0
0
0
0
0
0
0
0
0.27304875069686013
0
0
0
0
0
0
0
0
0
0
0
0
0
0
0
0
0
0
0
0
0
0
0
0.01612660691057042
0
0
0
0
0
0
0
0.17252640521395074
0
0.25267381213764606
0
0
0
0
0
0
0.10550866105140445
0
0
0.02779111608513013
0
0
0.0
0
0
0.03018207285765203
0
0
0
4.99482293430343
0
0
0
0
0
0.25012004476617117
0
0
0
0
0
0
0
0.041686674127695195
0
0.0
0
0
0
0
0
0
0
0
0
0
0
0
0
0.701323465183081
0
0
0
0
0
0
0
0
0
0
0
0
0
0.010751071273713613
0
0
0
0
0
0
0
0
0
0
0
0
0
0
0.0
0
0
0.4972464827126411
0
0
0
0.0
0
0
0
0
0
0
0.05904330406340513
0
0
0
0
0
0.03018207285765203
0.005375535636856807
0
0
0.010751071273713613
0
0
0.0249632144405721
0
0.017857142857142856
0.07580214364129381
0.07438519179701607
0
0
0
0
0
0
0
0
0
0
1.3823861629026304
0
0
0
0
0
0
0
0
0
0
0.013895558042565065
0
0
0
0.05781328103826562
0
0
0
0
0.01248160722028605
0
0
0.02046657206568282
0
0
0
0
0
0
0
0
0.05053476242752921
0
0.023611058834534272
0.18109243714591217
0
0
0
0.013895558042565065
0
0.005375535636856807
0
0
0
0.0
0
0.010751071273713613
0.0249632144405721
0
0
0
0
0.008520022405708257
0
0
0
0
0
0
0
0
0
0
0.0
0
0
0.02431656850031416
0.04566977146260103
0.3305548236834798
0.023971833586110824
0
0
0.025560067217124772
0
0
0
0.06724674134481996
0
0
0
0.044831160896546644
0
0
0
0
0.05600720443096411
0.010751071273713613
0
0
0
0
0
0
0
0
0
0
0
0
0
0
0
0
0.12008865981254194
0
0
0.02431656850031416
0
0
0
0
0
0.008520022405708257
0
0
0
0
0
0
0
0
0
0
0.05469567560865197
0
0.12072829143060812
0
0.0
0.018596297949254017
0
0
0
0
0.6496476599336133
0
0
0
0
0
0
0
0
0
0
0
0
0
0
0
0
0
0
0
0.008520022405708257
0
0.017040044811416515
0.037192595898508034
0
0
0
0.4295454806339983
0.008520022405708257
0.03225321382114084
0
0
0
0.13449348268963993
0.019891845576907798
0.005375535636856807
0
0
0
0
0
0
0
0.055145287298224134
0
0
0.26722893723453867
0.03225321382114084
0
0
0
0
0
0
0
0
0.010751071273713613
0
0.017040044811416515
0
0.05682373596523211
0.21502142547427228
0
0
0
0.32253213821140847
0
0
0
0
0
0
0.04929325863255735
0
0
0
0
0
0
0
0
0
0
0
0
0
0
0
0
0
0.010751071273713613
0
0.11738947689187053
0
0
0
0
0
0
0
0
0
0
0.01248160722028605
0
0
0
0
0
0
0.742454468495558
0.13315729409234578
0
0
0
0.04863313700062832
0
0
0
0
0
0
0
0
0.025560067217124772
0
0
0
0
0
0
0
0.0
0.025560067217124772
0.07989437645540746
0.1829539474390646
0
0
0
0
0
0
0
0
0
0.005375535636856807
0
0.038542187358843745
0
0
0
0
0
0
0
0
0
0
0.028411867982616055
0
0
0
0
0
0
0
0
0
0
0
0
0
0.02046657206568282
0.06450642764228168
0
0
0
0
0.9256255999287007
0
0.11808660812681027
0
0
0
0
0
0
0
0
0
0
0
0.010751071273713613
0.018596297949254017
0
0.013895558042565065
0
0
0
0.02046657206568282
0.010751071273713613
0.5426842617533323
0
0
0
0
0
0
0
0
0
0
0
0
0
0
0
0
0
0
0
0
0
0
0
0
0
0
0
0.3204061811116228
0
0
0
0
0
0
0.14001801107741027
0
0
0.0249632144405721
0
0
0
0
0
0.0
0.3146903554394212
0
0
0
0
0.12196929829270974
0
0
0
0.0
0.04837982073171126
0
0
0
0
0
0
0
0
0
0
0
0
0.01612660691057042
0
0
0
0
0
0
0
0
0
0
0
0
0
0
0
0
0
0
0
0
0
0
0
0
0
0.0
0
0
0
0.02046657206568282
0
0
0.40581232259947514
0
0
0
0
0.02100162962599431
0
0
0
0.008520022405708257
0
0.005375535636856807
0
0.21654921997787108
0
0.018596297949254017
0
0
0
0.11808660812681027
0
0
0
0
0
0
0
0
0
0
0.019891845576907798
0
0
0
0
0
0.08063303455285209
0
0.3125305478087766
0
0
0
0
0
0
0
0
0
0.0
0
0
0
0
0
0.7769476292385017
0.01612660691057042
0
0
0
0
0
0
0.005375535636856807
0
0
0
0
0
0
0.09192875055186425
0
0
0
0
0
0
0
0
0
0
0
0
0
0
0
0
0
0
0
0
0
0
0.9501473323894709
0
0
0
0.021502142547427227
0
0
0.03571428571428571
0
0
0.013895558042565065
0.01248160722028605
0.026877678184284035
0
0
0
0
0.051120134434249544
0
0
0
0
0
0.27019948457821935
0.0
0.1838575011037285
0
0
0
0
0
0.05967553673072339
0.013895558042565065
0
0.0998528577622884
0
0.1961834735747382
0
0
0
0
0
0
0
0
0.19642857142857142
0
0
0
0
0.01248160722028605
0
0
0
0
0.0
0
0
0
0
0
1.3111410202546503
0
0.19747294957710126
0
0
0
0
0
0.9757543863416779
0
0
0
0.06450642764228168
0.27794119335141065
0
0
0.0
0
0
0
0
0
0.1449329723569554
0.16802161329289234
0
0
0
0.010751071273713613
0
0
0
0.010751071273713613
0
0
0
0
0
0
0
0
0
0
0
0
0
0.0
0
0
0.12780033608562388
0
0
0
0
0
0
0
0
0.1128416854726293
0
0
0.0
0
0
0
0
0
0
0.04527310928647804
0
0.09298148974627009
0.015091036428826015
0
0
0.13188582631425558
0
0
0
0
0
0
0
0.8428763701637039
0
0
0.09237192158575656
0
0
0
0
0
0
0
0
0
0.02779111608513013
0
0
0
0
0
0.015091036428826015
0
0
0.04527310928647804
0
0
0
0
0
0
0
0
0
0.2771157647572697
0
0
0.026631458818469154
0
0
0
0
0
0
0
0
0
0
0
0.3354155703049518
0
0
0.01612660691057042
0
0
1.8106233136849934
0
0.0
0
0
0.24748482283185266
0
0
0
0
0
0
0
0
0
0
0
0
0
0
0
0
0
0
0
0
0
0
0.7243697485836487
0
0
0
0
0
0
0
0
0
0.0
0
0
0
0
0
0
0
0
0
0
0
0
0
0
0
0.03571428571428571
0
0.053755356368568076
0
0
0
0
0
0
0
0
0
0
0
0
0
0.02100162962599431
0
0
0
0
0
0
0
0
0
0
0
0
0
0
0
0
0
0
0
0
0
0
0
0
0
0
0
0.05833815912784238
0
0
0.021502142547427227
0
0
0
0
0
0
0
0
0
0
0
0
0.027116320354962278
0
0.0
0.0
0
0
0
0
0.010751071273713613
0
0.01612660691057042
0
0
0
0
0.008520022405708257
0
0
0
0
0.13558160177481138
0
0.02584210770253963
0
0
0
0
0
0
0
0
0
0
0
0
0
0.021502142547427227
0
0
0
1.716970383666804
0.017857142857142856
0.10939135121730394
0
0
0
0
0
0
0
0
0
0
0
0
0
0
0
0
0
0
0
0
0.20891399969985086
0
0
0
0
0
0
0
0
0
0
0
0
0
0.0
0
0
0
0
0
0
0
0
0
0
0
0
0
0
0
0
0
0
0
0
0
0
0
0
0
0
0
0
0.26377165262851116
0
0
0
0
0
0.09006649485940646
0.021972302167469177
0
0
0
0.05578889384776205
0
0
0
0
0.06969803548199899
0
0
0.03018207285765203
0
0
0
0.043004285094854454
0
0
0
0
0
0
0
0
0
0
0
0
0
0.04794366717222165
0
0
0
0
0
0
0
0
0
0
0.057599423454276266
0
0.1945378125959109
0
0
0
0
0
0
0
0
0
0
0
0.0
0.01612660691057042
0
0
0.019271093679421872
0
0
0
0
0.013895558042565065
0.01612660691057042
0
0
0
0.0
0.021502142547427227
0
0.0
0
0
0
0
0
0
0
0
0
0
0
0
0
0
0
0
0
0
0
0
0
0
0
0
0
0
0
0
0
0
0.008520022405708257
0
0
0
0
0
0
0
0
0
0
0
0
0
0
0
0
0
0
0
0
0
0
0
0.3370720853568356
0
0
0
0
0
0
0
0
0
0
0
0
0
0
0
0
0
0
0
0
0
0.019891845576907798
0
0
0
0
0
0
0
0
0
0
0
0
0.037192595898508034
0
0.052228499924962715
0
0
0.06947779021282532
0.3133709995497763
0
0
0
0
0
0
0
0.019891845576907798
0
0
0
0.07083317650360282
0
0
0
0
0
0
0
0
0
0
0
0
0
0.02431656850031416
0
0
0.02100162962599431
0
0
0.021972302167469177
0.017040044811416515
0
0
0
0
0
0
0
0
0
0
0
0
0.01612660691057042
0
0
0
0
0
0
0
0
0
0
0
0
0
0
0
0
0
0.08523560394784817
0
0
0.017857142857142856
0
0
0
0
0
0
0.11207790224136661
0
0
0
0
0
0
0
0
0
0
0
0.028411867982616055
0
0
0
0
0
0
0
0
0
0
0.0
0
0
0
0
0
0
0
0
0
0
0
0
0
0
0
0.017040044811416515
0.12316256211434208
0.010751071273713613
0
0
0
0.005375535636856807
0
0
0
0
0.010751071273713613
0.0
0.1023328603284141
0
0
0
0.018596297949254017
0
0
0
0
0.005375535636856807
0
0
0
0
0
0.043004285094854454
0
0
0
0
0
0
0
0
0
0
0
0
0
0
0
0
0
0
0
0
0
0
0
0
0.01248160722028605
0
0
0
0
0
0
0
0
0
0
0
0
0.01248160722028605
0
0
0.0878892086698767
0
0
0
0
0
2.231967774297113
0
0
0
0
0.021972302167469177
0
0.017040044811416515
0
0.16269792212977366
0
0
0
0
0
0
0.34252328596950776
0
0.10106952485505842
0
0
0
0
0.0863991351814144
0.04200325925198862
0
0
0
0
0
0
0
0
0.07142857142857142
0
0
0
0
0
0
0
0
0
0
0
0
0.0
0
0
0
0
0
0
0
0
0
0
0
0
0
0
0
0.023232678493999664
0
0
0
0
0
0
0.0
0
0
0
0
0
0
0
0
0
0
0
0
0
0
0
0
0
0
0
0
0
0
0
0
0
0
0
0
0
0
0
0
0
0
0
0
0
0
0
0
0
0
0
0
0
0
0
0
0
0
0
0
0
0
0
0
0
0
0
0
0
0
0
0
0
0
0.030935602853981583
0
0.0827179309473362
0
0
0
0
0
0
0
0
0
0
0.023611058834534272
0
0
0
0
0
0
0
0
0
0
0
0
0
0
0
0
0
0
0.054232640709924555
0
0
0
0
0.027572643649112067
0.019271093679421872
0
0
0
0
0
0.03225321382114084
0
0.041686674127695195
0
0
0
0
0
0.010751071273713613
0
0
0
0
0.023611058834534272
0
0
0
0
0
0
0
0
0
0
0
0
0
0
0
0
0
0
0
0
0
0
0
0
0
0
0
0.013895558042565065
0
0
0
0
0
0
0
0.021502142547427227
0
0
0
0
0
0
0
0
0
0
0
0
0
0
0
0
0
0
0
0
0
0
0
0
0
0.0249632144405721
0
0
0
0
0
0
0
0
0
0
0
0
0
0
0
0
0
0
0
0
0
0
0
0
0.005375535636856807
0
0.13315729409234578
0
0
0
0
0.04200325925198862
0
0
0
0
0
0
0
0.5704211341095742
0
0
0
0
0
0
0.0
0.017857142857142856
0.0
0.023971833586110824
0
0
0
0
0
0.07191550075833247
0.0
0
0
0
0
0
0
0
0
0
0
0
0
0
0
0
0
0
0
0
0
0
0
0.008520022405708257
0.021972302167469177
0
0
0
0
0
0
0
0.008520022405708257
0.0
0
0
0
0
0
0
0
0.17892047051987342
0
0.23968312936622238
0
0
0
0
0
0.023232678493999664
0
0
0
3.839770130745762
0
0
0
0
0
0
0
0
0
0.008520022405708257
0
0
0
0
0
0
0
0.9801260775418719
0
0
0
0
0
0
0
0
0
0.02046657206568282
0
0
0
0
0
0
0
0
0
0
0.09298148974627009
0
0
0.1128416854726293
0
0
0.08186628826273128
0.8360489289678588
0.1215828425015708
0
0
0
0
0
0
0
0
0.0
0
0
0
0
0
0
0.05971778064056134
0
0
0
0
0
0
0
0
0
0
0
0
0
0
0
0
0
0
0
0
0
0.038542187358843745
0
0
0.06850465719390154
0
0
0.05168421540507926
0
0.02898659447139108
0
0
0
0
0
0
0
0.05904330406340513
0.05053476242752921
0
0
0
0
0
0
0
0
0.028003602215482055
0
0
0
0
0
0
0
0.03571428571428571
0.01612660691057042
0
0
0
0
0.2110173221028089
0.07545518214413008
0.008520022405708257
0
0.044831160896546644
0
0
0.039783691153815595
0
0
0
0
0
0
0
0
0
0
0
0.017857142857142856
0
0
0
0
0
0.08063303455285212
0
0
0.02100162962599431
0
0
0
0
0
0
0
0
0
0
0
0
0
0
0
0
0
0
0
0
0
0
0
0
0
0
0
0
0
0.12431162067816028
0
0
0
0
0
0
0.04863313700062832
0
0
0
0.010751071273713613
0
0
0
0
0.019891845576907798
0
0
0
0
0
0
0.05642084273631465
0
0
0
0
0
0
0
0
0
0
0
0
0
0
0
0
0
0.021502142547427227
0
0
0
0
0
0
0.01612660691057042
0.008520022405708257
0
0
0
0
0
0
0
0
0
0
0.025267381213764605
0
0
0
0
0
0.0
0
0.06004432990627097
0
0
0
0
0
0
0
0.051120134434249544
0.015091036428826015
0
0
0
0
0
0
0
0
0
0
0
0
0
0
0
0
0
0
0
0
0
0
0
0
0
0
0
0
0
0
0
0
0
0
0
0
0.08063303455285212
0
0
0.039783691153815595
0.01612660691057042
0.010751071273713613
0
0
0
0
0
0
0
0
0
0
1.5228173533074634
0
0
0
0.05357142857142857
0
0
0
0
0
0
0.017857142857142856
0.04093314413136564
0
0
0
0
0
0
0
0.20784472896019676
0.15091036428826016
0
0
0
0
0.06850465719390154
0.01612660691057042
0
0
0
0.09293071397599866
0.010751071273713613
0
0
0.008520022405708257
0.0499264288811442
0.017040044811416515
0
0.005375535636856807
0
0
0.03571428571428571
0.005375535636856807
0
0
0
0
0
0
0
0.021502142547427227
0.023232678493999664
0
0.08750723869176358
0
0
0
0
0.09293071397599866
0
0
0.02046657206568282
0.02100162962599431
0
0.0499264288811442
0.0
0
0
0
0.017040044811416515
0
0
0
0
0
0
0
0
0
0
0
0
0
0
0
0
0
0
0
0
0
0
0
0
0
0
0
0
0
0
0
0
0
0
0
0
0
0
0
0
0
0
0
0
0
0
0
0
0.026877678184284038
0.053755356368568076
0
0
0
0
0
0.21754533618678049
0
0.06816017924566606
0
0
0.010751071273713613
0
0
0
0
0
0
0
0
0
0
0
0
0
0
0
0
0
0
0
0
0.021972302167469177
0.0
0
0
0
0
0
0.1771299121902154
0
0
0
0
0.09635546839710936
0
0
0
0
0
0
0
0
0
0
0
0
0.054232640709924555
0.02046657206568282
0.008520022405708257
0
0
0
0
0
0
0
0
0
0
0.028608214130856475
0.061399716197048454
0.010751071273713613
0.015091036428826015
0
0
0
0
0
0
0
0
0
0
0
0.017040044811416515
0.06450642764228168
0.0249632144405721
0
0
0
0.0
0
0
0
0
0
0
0
0
0
0
0
0
0
0
0
0
0
0
0.021502142547427227
0.06816017924566606
0
0
0.010751071273713613
0
0
0
0
0
0
0
0
0.013895558042565065
0.005375535636856807
0
0
0
0.005375535636856807
0
0
0
0
0
0
0
0
0
0
0.09054621857295608
0
0
0
0
0.0249632144405721
0
0
0
0
0.023232678493999664
0
0
0
0
0
0.005375535636856807
0
0
0
0
0
0
0
0
0
0
0
0
0
0
0
0.0
0
0
0
0.0
0
0
0
0
0
0
0
0
0
0
0
0
0
0
0.02584210770253963
0
0
0
0
0
2.8635295691584535
0.01248160722028605
0
0
0
0
0.45738486859766153
0.021972302167469177
0
0.0985865172651147
0
0
0.03744482166085815
0
0.10106952485505842
0.04200325925198862
0
0
0
0
0
0
0
0
0.0
0
0
0.02779111608513013
0
0
0
0.11808660812681027
0
0
0
0
0
0
0
0
0.01248160722028605
0
0
0
0
0
0
0
0
0
0
0
0
0.03744482166085815
0.26369016944721907
0.02779111608513013
0
0
0
0
0.02431656850031416
0
0
0
0.025560067217124772
0
0
0
0
0.04794366717222165
0.008520022405708257
0
0.0998528577622884
0
0.0
0
0
0
0
0.028608214130856475
0.026877678184284038
0
0
0
0
0
0
0
0
0.4290008359086998
0.27019948457821935
0
0
0.01612660691057042
4.308034780836708
0
0
0.4040127672040209
0
0.8352612770575027
0
0.021972302167469177
0.20665156422191797
0.6036414571530406
0
0.005375535636856807
0.4247425010840047
4.864921203516512
0
0.4777422451244907
0.38763161553809444
0.07438519179701607
0.12901285528456335
0
0
0
1.0926175168788754
0
0.12316256211434208
0
0.1115777876955241
0.19602521550837437
0
0
0
0
0
0
0.05600720443096411
0
0
0
0.017040044811416515
0
0.06004432990627097
0
0.017040044811416515
0
0
0
0
0
0
0
0
0.008520022405708257
0
0.37293486203448084
0
0
0
0
0
0
0.061399716197048454
0
0
0.05904330406340513
0.0914769737195323
0
0
0.0
0.039783691153815595
0
0
0
0
0
0
0.005375535636856807
0
0
0
0.05469567560865197
0.07191550075833247
0
0
0
0
0
0
0
0
0
0
0
0.07393988794883603
0
0.06969803548199899
0
0
0.019891845576907798
0.008520022405708257
0
0
0
0
0
0
0.01612660691057042
0
0
0
0
0
0
0.0
0.23753683309736773
0.0
0
0
0
0
0
0
0
0
0
0
0
0
0
0
0.0
0
0.005375535636856807
0
0
0
0
0
0
0
0
0
0
0
0
0
0
0
0
0
0
0
0
0
0
0
0
0.04646535698799933
0
0
0
0
0
0
0
0
0.2350282496623322
0
0
0
0
0
0
0
0.02779111608513013
0
0.03408008962283303
0.07294970550094247
0.07708437471768749
1.701956748255998
0
0
0
0.05112013443424955
0
0
0
0
0
0
0
0
0
0
0
0.026377165262851113
0
0.021972302167469177
0
0
0
0
0
0
0
0
0
0
0.2110173221028089
0
0.901259249916662
0
0
0
0
0
0
0
0.008520022405708257
0
0
0
0.01612660691057042
0
0
0
0
0
0
0
0
0
0.03018207285765203
0
0
0
0.04566977146260103
0
0
0
0
0
0
0
0
0
0
0
0.017040044811416515
0
0
0
0
0
0
0
0
0
0
0
0
0
0
0
0
0
0.021502142547427227
0
0
0
0.1829539474390646
0
0
0
0
0
0
0
0
0
0
0
0.017040044811416515
0
0
0
0
0
0
0
0
0
0
0
0
0
0
0
0.0
0
0
0
0
0
0
0
0.043004285094854454
0
0
0
0
0
0
0
0
0
0
0.017040044811416515
0
0
0
0
0
0
0
0.07580214364129381
0.10652583527387662
0
0.0
0
0.07956738230763119
0
0
0
0
0
0
0
0
0
0
0
0
0
0
0.005375535636856807
0
0
0
0.005375535636856807
0.008520022405708257
0
0
0
0.2898659447139108
0
0
0.017040044811416515
0
0
0.0
0
0
0
0
0.8406112396703413
0
0.06591690650240753
0
0
0
0
0
0.008520022405708257
0
0.017040044811416515
0
0
0
0
0
0.07294970550094247
0
0
0
0
0
0
0
0
0
0
0
0
0
0
0
0
0
0
0.03225321382114084
0
0
0
0
0
0
0
0
0
0
0
0
0
0
0
0
0
0
0.05797318894278216
0
0
0
0
0
0
0.9192875055186425
0
0
0
0.02779111608513013
0
0
0
0
0
0
0
0
0
0
0.17164928478513886
0
0.6496476599336133
0.15416874943537498
0
0.02584210770253963
0
0
0
0
0
0
0
0
0
0
0
0
0
0
0
0.08582464239256943
0.03408008962283303
0
0.02779111608513013
0
0
0
0
0.039783691153815595
0.01248160722028605
0
0
0
0
0
0
0
0
0.23887112256224535
0
0.013895558042565065
0
0
0
0.0
0
0
0.025267381213764605
0
0.06724674134481996
0
0.0
0
0
0.12780033608562388
0
0
0
0
0
0
0.23004060495412298
0.022834885731300516
0.14760826015851283
0.02046657206568282
0
0
0
0
0.8929285753289801
0.017040044811416515
0
0.4247425010840047
0.0
0.08582464239256943
0
0
0
0.028799711727138133
0.027572643649112067
0
0.02779111608513013
0
0.2809587900545679
0.0
0.008520022405708257
0
0
0
0
0
0
0
0
0
0
0
0
0
0
0
0
0.998964586860686
0
0
0
0
0
0
0
0
0
0
0
0
0
0
0
0
0
0.9053116568424967
0
0
0
0.044831160896546644
0.04646535698799933
0
0
0
0
0
0.028799711727138133
0.17687166849635225
0
0
0.11207790224136661
0
0
0.058694738445935264
0.2101551546719484
0.017040044811416515
0
0
0.05797318894278216
0.5183695177440164
0
0
0
0
0.0249632144405721
0
0.04929325863255735
0.08737125054200236
0
0.5217587004850395
0.09945922788453898
0
0.03225321382114084
0
0.010751071273713613
0
0
0
0.06591690650240753
0
0
0.017040044811416515
0
0
0
0
0
0
0
0.04260011202854129
0.3049232457317743
0
0
0
0
0
0.01612660691057042
0.20551397158170465
0.04394460433493835
0.02584210770253963
0.0775263231076189
3.2010242324626272
0.05469567560865197
0
0
0.15246162286588716
0
0.008520022405708257
0
0
0
0.0748896433217163
0
0
0
0
