0.0
0.0
0.0043579921560606295
0.0
0.0
0.0
0.0
0.0
0.0
0.0
0.0
0.0
0.0
0.0
0.0
0.0
0.0
0.0
0.0
0.0021789960780303147
0.004566965014607464
0.0
0.0
0.0
0.0
0.0
0.0
0.0043579921560606295
0.0
0.0
0.0
0.0
0.0021789960780303147
0.0
0.0
0.0
0.0
0.0
0.0
0.0
0.0
0.0
0.0
0.0
0.0
0.0
0.0
0.0
0.0
0.0
0.0
0.0
0.0
0.0
0.0
0.0
0.0
0.0
0.0
0.00508734031823988
0.0
0.0
0.0
0.0
0.0
0.0
0.0
0.0
0.0
0.0
0.0
0.0
0.0
0.0
0.0
0.0
0.0
0.0
0.0
0.0
0.0
0.0
0.012924267553569438
0.0
0.0
0.0
0.0
0.0
0.0027495869170896777
0.0
0.0
0.004566965014607464
0.0
0.0
0.0
0.0
0.0
0.0
0.0
0.0
0.0
0.0
0.00475600395958574
0.0
0.0
0.0
0.0
0.0
0.0
0.005840022957854884
0.0
0.0
0.0
0.0
0.0
0.0
0.0
0.0
0.0
0.0
0.0
0.0
0.0
0.0
0.0
0.0
0.0
0.0
0.0
0.0
0.0
0.0
0.0
0.0
0.0
0.0
0.0
0.0
0.0
0.0
0.0
0.0
0.0
0.0
0.0
0.0
0.0
0.0
0.0
0.0
0.0
0.0
0.0
0.0
0.0
0.0
0.0
0.0
0.0
0.0
0.0
0.0
0.0
0.0
0.0
0.0
0.0
0.0
0.0
0.0
0.0
0.0
0.0
0.0
0.003192171556062626
0.0
0.0
0.0
0.0
0.0
0.0
0.0
0.0
0.0
0.0
0.0
0.0
0.0
0.0
0.0
0.0
0.0
0.0
0.0
0.0
0.0
0.0
0.0
0.0
0.0
0.0
0.0
0.0
0.0
0.0
0.0
0.0
0.0
0.0
0.0
0.0
0.0
0.006462133776784719
0.0
0.01752006887356465
0.006218963386509477
0.0
0.0
0.0
0.0
0.0
0.0
0.0
0.0
0.0
0.0
0.0
0.006678720493836532
0.0
0.0
0.0
0.0
0.0
0.0
0.0
0.0
0.0
0.0
0.0
0.0
0.018267860058429855
0.006609120099748128
0.0
0.0
0.0027495869170896777
0.0
0.0
0.0
0.0
0.0
0.0
0.0
0.0
0.005499173834179355
0.0
0.0
0.0
0.0
0.0
0.0
0.0
0.0
0.0
0.0
0.0
0.0
0.0
0.0
0.0
0.0
0.0
0.0
0.0
0.0
0.0
0.0
0.0
0.0013747934585448388
0.0
0.0
0.0
0.0
0.0
0.0
0.0
0.0
0.0
0.0
0.0
0.0
0.0
0.0
0.0
0.0
0.0
0.0
0.0
0.0
0.0
0.0
0.0
0.0
0.0
0.0
0.00475600395958574
0.0
0.0
0.0
0.0
0.0
0.0
0.0
0.0
0.0
0.0
0.0
0.0
0.0
0.0
0.0
0.0
0.0
0.0
0.0
0.0
0.0
0.0
0.020621901878172585
0.0035537895365751536
0.0
0.0
0.0
0.0
0.0
0.0
0.0
0.0
0.0
0.0
0.0
0.0
0.0
0.0
0.0
0.0
0.0
0.0
0.0
0.0
0.0
0.0
0.0
0.0
0.047248245431992
0.005371167634092941
0.0035537895365751536
0.0
0.0
0.0
0.0
0.0
0.0
0.0
0.0
0.0
0.0
0.0
0.0
0.0
0.0
0.0
0.013218240199496255
0.0
0.013988421269481813
0.0
0.0
0.0
0.010742335268185882
0.0
0.0
0.004124380375634516
0.0
0.0
0.0
0.0
0.0
0.0
0.0
0.0
0.0
0.0
0.0
0.0
0.0
0.0
0.0
0.0
0.0
0.007107579073150307
0.0
0.0
0.0
0.0
0.0
0.0
0.0
0.0
0.0
0.005371167634092941
0.0
0.0
0.0
0.0
0.0
0.0
0.0
0.0
0.0
0.0
0.0
0.0
0.0
0.0
0.0
0.0
0.0
0.014633103863394286
0.0
0.0
0.0
0.0
0.0
0.0
0.0
0.0
0.0
0.0
0.0
0.0
0.0
0.0
0.0
0.0
0.0
0.0
0.0
0.0
0.0
0.0
0.0
0.0
0.0
0.0
0.0
0.0
0.0
0.0
0.0
0.0
0.0
0.0
0.0
0.0
0.0
0.0
0.005619417176196067
0.0
0.0
0.0
0.027976842538963625
0.007759136570670089
0.0
0.0
0.0
0.039373537859993334
0.01432384481932215
0.0
0.0
0.0
0.006810996679866852
0.0
0.0
0.0
0.0
0.0
0.006303376453664831
0.0
0.0
0.004928582995119992
0.0
0.0
0.0
0.0
0.0
0.0
0.0
0.0
0.0
0.0
0.0
0.0
0.0
0.0
0.0
0.005732785614605469
0.0
0.0
0.0
0.0
0.0
0.0
0.0
0.0
0.0
0.0
0.0
0.0
0.0
0.006038529260688765
0.0
0.0
0.0
0.0
0.0
0.005499173834179355
0.0
0.0
0.015896351031296732
0.0
0.0
0.0
0.0
0.0
0.0
0.006384343112125252
0.0
0.0
0.0
0.0
0.0
0.013491922185275559
0.08782304914122263
0.23844526546945097
0.0
0.0
0.0
0.0052343266412032885
0.0
0.0
0.023844526546945098
0.0
0.0
0.0
0.0013747934585448388
0.0
0.0
0.0
0.0
0.0
0.0
0.0
0.0
0.0
0.0
0.0
0.0
0.0
0.0
0.0
0.0
0.0
0.0
0.0
0.007550163712123256
0.0
0.0
0.0
0.0
0.0
0.0
0.0
0.0
0.0
0.0
0.0
0.0
0.03192171556062626
0.0
0.0
0.0
0.0
0.0
0.0
0.0
0.0
0.0
0.0
0.0
0.0
0.0
0.0
0.0
0.0
0.0
0.0
0.0
0.0
0.0
0.0
0.0
0.0
0.007051704738721076
0.0
0.0
0.0
0.0
0.0
0.0
0.0
0.0
0.0035537895365751536
0.004124380375634516
0.0
0.0
0.0
0.0
0.0
0.0
0.0
0.0
0.0
0.0
0.0
0.0
0.0
0.0
0.0
0.0
0.0
0.0
0.0
0.0
0.0
0.0
0.0
0.0
0.005732785614605469
0.007107579073150307
0.0
0.0
0.0
0.0
0.0
0.0
0.0
0.0
0.0
0.0
0.0
0.0
0.0
0.006678720493836532
0.0
0.0
0.0
0.0
0.0
0.0
0.0
0.0
0.0
0.0
0.0
0.0
0.0
0.0
0.0
0.0021789960780303147
0.0
0.0
0.0
0.0
0.0
0.0
0.0
0.0
0.0
0.0
0.0
0.0
0.0
0.0
0.0
0.0
0.0
0.0
0.0
0.0
0.0
0.0
0.0
0.0
0.0
0.0
0.0
0.0
0.0
0.0
0.0
0.0
0.0
0.0
0.0
0.0
0.0
0.0
0.0
0.004124380375634516
0.0
0.0
0.0013747934585448388
0.0
0.0
0.0
0.0
0.0
0.0021789960780303147
0.0
0.0
0.0
0.026983844370551117
0.0
0.0
0.0
0.0
0.0
0.031193653016905527
0.0
0.0
0.0
0.0
0.0
0.0
0.0
0.0
0.005499173834179355
0.0
0.0
0.0
0.0
0.0
0.0
0.004928582995119992
0.0
0.0
0.0
0.0
0.0
0.0
0.005840022957854884
0.0
0.0
0.0
0.0
0.0
0.0
0.0
0.0
0.0
0.0
0.0
0.0
0.0
0.0
0.0
0.0
0.0
0.0
0.0
0.0
0.0
0.0
0.0
0.0
0.0
0.0
0.0
0.0
0.0
0.0
0.0
0.0
0.005619417176196067
0.0
0.0
0.0
0.02194965579509143
0.0
0.0
0.0
0.0
0.0
0.0
0.0
0.055382471848450486
0.015518273141340178
0.0
0.0
0.0
0.0
0.0
0.0
0.0
0.0
0.0
0.0
0.005840022957854884
0.0
0.014633103863394286
0.0
0.006218963386509477
0.0
0.025848535107138877
0.0
0.0
0.0
0.0
0.0
0.0
0.0
0.0
0.0
0.0
0.0
0.0
0.0
0.0
0.0
0.0
0.0
0.0
0.0
0.0
0.0
0.0
0.0
0.0
0.0
0.0
0.0
0.0
0.0
0.0
0.0
0.014826645438467208
0.018392392254391734
0.0
0.0
0.0
0.0
0.0
0.0
0.0
0.020621901878172585
0.006038529260688765
0.006810996679866852
0.0
0.03607408208199862
0.0
0.0
0.0
0.0
0.0
0.0
0.0
0.0
0.0
0.0
0.0
0.0
0.0
0.0
0.0
0.0
0.0
0.0
0.0
0.0
0.0
0.005732785614605469
0.0
0.0
0.0
0.0013747934585448388
0.006218963386509477
0.0
0.0
0.0
0.0
0.0
0.0
0.0
0.0
0.0
0.0
0.0
0.0
0.0
0.0
0.0
0.0
0.0
0.0
0.0
0.0
0.0013747934585448388
0.0
0.0
0.0
0.0
0.0
0.0
0.0
0.0
0.0
0.0
0.0
0.0
0.0
0.0
0.0
0.0
0.0
0.0
0.0
0.0
0.0
0.014826645438467208
0.0
0.0
0.0
0.0
0.0
0.0
0.0
0.0
0.0
0.005840022957854884
0.0
0.0
0.0
0.0
0.0
0.0
0.0
0.0
0.0
0.0
0.0
0.0
0.0
0.0
0.0
0.0
0.0
0.0
0.0
0.0
0.0
0.004124380375634516
0.0
0.0
0.0
0.0
0.0
0.0
0.0
0.0
0.01207705852137753
0.0
0.0
0.0
0.0
0.0
0.0
0.0
0.0
0.0
0.0
0.0
0.04581847450915503
0.0
0.0
0.0
0.0
0.0
0.0
0.0
0.0
0.0
0.0
0.0
0.0
0.0
0.0
0.0
0.0
0.0
0.0
0.0
0.0
0.0
0.0
0.0
0.0
0.0
0.0
0.0
0.0
0.0
0.0
0.0
0.0
0.0
0.0
0.0
0.0
0.0
0.0
0.0
0.0
0.0
0.0
0.0
0.0
0.0
0.0
0.0
0.007593756845054316
0.0
0.0
0.0
0.0
0.0
0.0239517406748789
0.0
0.0
0.0
0.0479034813497578
0.0
0.013988421269481813
0.0
0.0
0.0
0.0
0.013357440987673065
0.013621993359733704
0.0035537895365751536
0.0
0.0
0.0
0.02983997315638744
0.0013747934585448388
0.0
0.0
0.0
0.0
0.0
0.0
0.0
0.0
0.0
0.0
0.0
0.0
0.0
0.0
0.0
0.0
0.0
0.0
0.0
0.0
0.0
0.0
0.0
0.022931142458421875
0.0
0.0
0.0
0.0
0.0
0.0
0.0
0.0
0.0
0.0
0.0
0.00508734031823988
0.0
0.0
0.0
0.0
0.0
0.0
0.0
0.0
0.0
0.0
0.0
0.0
0.0
0.0
0.0
0.00508734031823988
0.0
0.004124380375634516
0.0
0.0
0.0
0.0
0.0
0.0
0.0
0.0
0.004124380375634516
0.0
0.0
0.0
0.0
0.0
0.0
0.0
0.0
0.0
0.0
0.0
0.0
0.0
0.0
0.0
0.0
0.0
0.0
0.0
0.0
0.0
0.0
0.0
0.0
0.0
0.0
0.0
0.0
0.0
0.0
0.0
0.0
0.0
0.03304560049874064
0.0308762654612676
0.0
0.0
0.0
0.0
0.0
0.0
0.0
0.0
0.0
0.0
0.0
0.0
0.0
0.0
0.0
0.0
0.0
0.0
0.0
0.0
0.0
0.0
0.0
0.004566965014607464
0.0
0.0
0.0
0.0
0.0
0.0
0.0
0.0
0.0
0.0
0.0
0.0
0.0
0.0
0.0
0.015100327424246511
0.005732785614605469
0.007214816416399723
0.0
0.0
0.007550163712123256
0.0
0.0
0.0
0.0
0.0
0.0
0.0
0.0
0.0
0.0
0.0
0.0
0.0
0.0
0.0
0.0
0.0
0.0
0.0
0.0
0.0
0.022650491136369768
0.0
0.015272824836385007
0.0
0.0
0.0
0.0
0.0
0.0
0.0
0.0
0.0
0.0
0.0
0.0
0.0
0.03339360246918266
0.0
0.0
0.0
0.0
0.0
0.0
0.0
0.0
0.0
0.0
0.0
0.0
0.0
0.0
0.0013747934585448388
0.0
0.3386124255959427
0.0
0.005732785614605469
0.0
0.0
0.0
0.0
0.0
0.00508734031823988
0.0
0.0
0.0
0.0
0.0
0.0
0.0
0.0
0.0
0.0
0.0
0.0
0.0
0.0
0.0
0.0
0.0
0.0
0.0
0.0
0.0
0.0
0.0021789960780303147
0.0
0.0
0.0
0.0
0.0
0.0
0.0
0.0
0.00385953318265845
0.0
0.0
0.0
0.0
0.0
0.0
0.0
0.0
0.0
0.0
0.0
0.0
0.031036546282680356
0.0
0.0
0.0
0.0
0.006218963386509477
0.0
0.0027495869170896777
0.0
0.0
0.0
0.0
0.0
0.0
0.0
0.0
0.0
0.0
0.0
0.0
0.0
0.0
0.0
0.0
0.0
0.046069019473258026
0.0
0.0
0.014215158146300614
0.0
0.0
0.0
0.0
0.0
0.0
0.0
0.0
0.0
0.0
0.0
0.003192171556062626
0.0
0.0
0.0
0.0
0.0
0.0
0.0
0.0
0.0
0.0
0.0
0.0
0.0
0.0
0.0
0.0
0.0
0.0
0.0
0.0
0.0
0.0
0.0
0.0
0.0
0.0
0.0
0.0
0.0
0.0
0.0
0.0
0.0
0.0
0.0
0.0
0.0
0.0
0.0
0.0
0.0
0.0
0.0
0.0
0.0
0.0
0.0
0.0
0.0
0.0
0.0
0.0
0.0
0.0
0.0
0.0
0.0
0.0
0.0
0.0
0.0
0.007214816416399723
0.006462133776784719
0.0
0.0
0.0
0.0
0.0
0.0
0.0
0.0
0.0
0.0
0.0
0.0
0.0
0.0
0.0
0.0
0.0
0.0
0.0
0.0
0.0
0.0
0.0
0.0
0.0
0.0
0.006873967292724195
0.0
0.0
0.0
0.0
0.0
0.0
0.0
0.0
0.0
0.0
0.0
0.0
0.0
0.0
0.0
0.0
0.0
0.0
0.0
0.0
0.0
0.0
0.0
0.0
0.0
0.0
0.0
0.0052343266412032885
0.0
0.0
0.02643648039899251
0.0
0.0
0.0
0.0
0.0
0.0
0.0
0.0
0.0
0.0
0.0
0.0
0.0
0.0
0.0
0.0
0.0
0.0
0.0
0.0
0.0
0.0
0.0
0.0043579921560606295
0.010468653282406577
0.0
0.0
0.0
0.0
0.020432990039600557
0.0
0.026983844370551117
0.013621993359733704
0.0
0.0075055908766754175
0.005732785614605469
0.0
0.0
0.0
0.0
0.0
0.0
0.0
0.11922263273472548
0.0043579921560606295
0.0
0.0
0.0
0.0
0.006609120099748128
0.0
0.0
0.0
0.0
0.0
0.0
0.0
0.0
0.0
0.0
0.0
0.0
0.0
0.0
0.0
0.0
0.0
0.0
0.0
0.0
0.0
0.0
0.0
0.0
0.0
0.0
0.00745999328909686
0.0
0.006810996679866852
0.0
0.0
0.0
0.0
0.0
0.0
0.0
0.0
0.0
0.0
0.0013747934585448388
0.0
0.0
0.0
0.0
0.0
0.0
0.0
0.0
0.0
0.0
0.0
0.0
0.0
0.0
0.0
0.003192171556062626
0.0
0.0
0.0
0.0
0.0
0.0
0.0
0.0
0.0
0.0
0.0
0.0
0.0
0.0
0.0
0.007051704738721076
0.0027495869170896777
0.0
0.0
0.0
0.0
0.0
0.0
0.0
0.02885926566559889
0.0
0.0
0.0
0.0
0.0
0.0
0.0
0.0
0.0
0.005941758473152303
0.0
0.0
0.0
0.0
0.0
0.0
0.0
0.0
0.0
0.0
0.0
0.0
0.0
0.0
0.03899206627113191
0.0
0.0
0.0
0.0
0.0
0.0
0.0
0.0
0.08400053660011754
0.0
0.0
0.0
0.0
0.0
0.0
0.0
0.0
0.0
0.0
0.0
0.012261594836261156
0.0
0.0
0.0
0.0
0.0
0.0
0.0
0.0
0.0
0.0
0.0
0.0
0.0
0.0
0.0
0.005840022957854884
0.0
0.0
0.0
0.0
0.0
0.0
0.0
0.0
0.0
0.0
0.0
0.0
0.0
0.0
0.0
0.0
0.0
0.0
0.0
0.0
0.0
0.0
0.0
0.0
0.006873967292724195
0.0
0.0
0.0
0.0
0.0
0.0
0.0
0.0
0.0
0.025213505814659323
0.0
0.0
0.0
0.0
0.0
0.0
0.0
0.0
0.0
0.0
0.0
0.0
0.0
0.0
0.0
0.0
0.0
0.006038529260688765
0.0
0.0
0.0
0.0
0.0
0.0
0.0
0.013218240199496255
0.0
0.0
0.00385953318265845
0.0
0.0
0.0
0.0
0.0
0.0
0.006384343112125252
0.0
0.0
0.0
0.0
0.0
0.0
0.0
0.0
0.0
0.0
0.0
0.0
0.0
0.007107579073150307
0.0
0.0
0.0
0.0
0.006303376453664831
0.005499173834179355
0.0
0.0
0.0
0.0
0.0
0.0
0.0
0.0
0.0
0.0
0.0
0.0
0.0
0.0
0.0
0.0
0.0
0.0
0.0
0.0
0.0
0.0
0.0
0.0
0.0
0.0
0.0
0.0
0.0
0.0
0.0
0.0
0.0
0.0
0.0
0.0
0.0
0.0
0.0
0.0
0.0
0.006536988234090945
0.0
0.0
0.0
0.0
0.0
0.0
0.0
0.0
0.0
0.0
0.0
0.0
0.0
0.0
0.0
0.0
0.0
0.0
0.0
0.01902401583834296
0.0
0.0
0.0
0.0
0.0
0.0
0.0
0.0
0.0
0.0
0.0
0.0
0.0
0.0
0.0
0.0
0.0
0.0
0.006810996679866852
0.0
0.0
0.0
0.0
0.0
0.0
0.0
0.0
0.0
0.0
0.0
0.0
0.0
0.0
0.0
0.0
0.0
0.0
0.0
0.0
0.0
0.0
0.0
0.0
0.0
0.0
0.0
0.0
0.0
0.0
0.0
0.0
0.0
0.0
0.0
0.0
0.0
0.0
0.0
0.01432384481932215
0.012768686224250503
0.0
0.0
0.0
0.0
0.0
0.0
0.0
0.0
0.0
0.0
0.0
0.0
0.0
0.0
0.0
0.0
0.0
0.0
0.0
0.0
0.0
0.0
0.0
0.0
0.0
0.0
0.0
0.0
0.0
0.0
0.0
0.0
0.0
0.0
0.0
0.0
0.0
0.0
0.0
0.0
0.0
0.0
0.0
0.0
0.0
0.0
0.0
0.0
0.0
0.0043579921560606295
0.0
0.0
0.0
0.0
0.0
0.0
0.0
0.0
0.0
0.0
0.0
0.0
0.0
0.0
0.0
0.0
0.0
0.0
0.0
0.0
0.0
0.012437926773018955
0.018910129360994492
0.0
0.0
0.0
0.00767816991220967
0.0
0.0
0.0
0.0
0.0
0.0
0.029653290876934416
0.0
0.006609120099748128
0.0027495869170896777
0.014215158146300614
0.00385953318265845
0.013357440987673065
0.0
0.0
0.06445730168694967
0.0
0.0
0.0
0.0
0.0
0.0
0.0
0.0
0.023034509736629013
0.0
0.0
0.0
0.0
0.0
0.0
0.0
0.0
0.0
0.0
0.0
0.0
0.0
0.006536988234090945
0.00475600395958574
0.0
0.0
0.0
0.0
0.006384343112125252
0.0
0.0
0.0
0.0
0.0
0.0
0.0
0.0
0.0
0.0
0.0
0.0035537895365751536
0.0027495869170896777
0.0
0.0
0.0
0.0
0.0
0.0
0.0
0.0
0.0
0.0
0.0
0.0
0.0
0.0
0.0
0.0
0.0
0.0
0.0
0.0
0.0
0.0
0.0
0.0
0.0
0.0
0.0
0.0
0.0
0.0
0.0
0.00475600395958574
0.0
0.014633103863394286
0.003192171556062626
0.0
0.0
0.0
0.0021789960780303147
0.0
0.0
0.006873967292724195
0.0
0.0027495869170896777
0.0
0.0
0.0
0.0
0.0
0.0
0.0
0.0
0.004928582995119992
0.0
0.0
0.0
0.0
0.0
0.0
0.0
0.0
0.0
0.0
0.0
0.0
0.013218240199496255
0.0
0.0
0.0
0.0
0.0
0.0
0.006462133776784719
0.0021789960780303147
0.0
0.0
0.0
0.0
0.0
0.0
0.0
0.0
0.0
0.0
0.021799009188810586
0.0
0.0
0.0
0.0
0.0
0.0
0.0
0.0
0.0
0.0
0.0
0.0
0.0
0.003192171556062626
0.0
0.0
0.0
0.0
0.0
0.0
0.0
0.0
0.0
0.0
0.0
0.0
0.0
0.0
0.0
0.0
0.0
0.0
0.0
0.0
0.0
0.0
0.0
0.0
0.0
0.01535633982441934
0.0
0.0
0.0
0.0
0.0
0.0
0.0
0.0
0.0
0.0
0.0
0.006303376453664831
0.02946210979905092
0.0
0.0
0.006935000037616055
0.0
0.0
0.0
0.0
0.0
0.0
0.0
0.0
0.0
0.0
0.0
0.0
0.0
0.0
0.012606752907329662
0.0
0.0
0.0
0.0
0.0
0.0
0.0
0.0
0.0
0.0
0.0
0.0
0.0
0.0
0.0
0.0
0.0
0.0
0.0
0.0
0.003192171556062626
0.004124380375634516
0.0
0.0
0.0
0.0
0.0
0.0
0.0
0.0
0.0
0.0
0.0
0.0
0.0
0.0
0.0
0.0
0.0
0.0
0.0
0.0
0.0
0.0
0.0
0.0
0.0
0.0
0.0
0.0
0.0
0.006536988234090945
0.0
0.0
0.0
0.0
0.0
0.01307397646818189
0.0
0.0
0.0
0.0
0.0
0.0
0.0
0.0
0.0
0.0
0.0
0.0
0.0
0.015187513690108631
0.0
0.0
0.0
0.0
0.04581847450915503
0.0
0.0
0.05563722860953856
0.0
0.0
0.006536988234090945
0.012437926773018955
0.0
0.0
0.0
0.0
0.0
0.0
0.0
0.0
0.0
0.0
0.0
0.0
0.0
0.0
0.0
0.0
0.0
0.00385953318265845
0.0
0.0
0.0
0.0
0.0
0.0
0.0
0.0
0.0
0.0
0.0
0.006218963386509477
0.0
0.0
0.0
0.0
0.0
0.0
0.0
0.0
0.0
0.0
0.0
0.0
0.0
0.0
0.0
0.0
0.0
0.0
0.0
0.0
0.0
0.0
0.0
0.0
0.0
0.0
0.0
0.0
0.0
0.0
0.0
0.0
0.0
0.0
0.0
0.0
0.0
0.0043579921560606295
0.0
0.0
0.0
0.0
0.0
0.0
0.0
0.0
0.0
0.0
0.0
0.0
0.0
0.0
0.0
0.0
0.0
0.0
0.0
0.0
0.0
0.0
0.0
0.0
0.0
0.0
0.0
0.0
0.0
0.018392392254391734
0.0
0.0
0.0
0.0
0.0
0.0
0.0
0.0
0.0
0.0
0.006536988234090945
0.0
0.006609120099748128
0.005499173834179355
0.0
0.0
0.0
0.0
0.0
0.0
0.0
0.0
0.0
0.0
0.01491998657819372
0.0
0.0
0.0
0.0
0.0
0.0
0.0
0.0
0.0
0.0
0.0
0.0
0.0
0.0
0.0
0.0
0.0
0.0
0.0
0.0
0.006303376453664831
0.0
0.0
0.01374793458544839
0.0
0.0
0.0
0.0
0.0
0.0
0.00736552744976273
0.0
0.0
0.0
0.0
0.0
0.0
0.0027495869170896777
0.0
0.0
0.0
0.0
0.0
0.0
0.0
0.0
0.0
0.0
0.0
0.0
0.0
0.0
0.0
0.0
0.0
0.004928582995119992
0.0
0.02194965579509143
0.0
0.011680045915709768
0.0
0.0
0.0
0.0
0.0
0.0
0.0
0.0043579921560606295
0.0
0.0
0.0
0.0
0.005941758473152303
0.003192171556062626
0.0
0.0
0.0
0.0
0.0
0.0
0.0
0.0
0.0027495869170896777
0.0
0.0
0.0
0.0
0.0
0.015673854470659117
0.0
0.0
0.0
0.0
0.0
0.01207705852137753
0.006536988234090945
0.0
0.0
0.006810996679866852
0.0
0.0
0.0
0.0
0.0
0.0
0.0
0.0
0.0
0.007107579073150307
0.0
0.0
0.0
0.0
0.0
0.0
0.0
0.0
0.0
0.0
0.0
0.0
0.0
0.0
0.0
0.0
0.0
0.0
0.0
0.0
0.030192646303443822
0.0
0.0
0.0
0.0
0.0
0.0
0.0
0.0
0.0
0.0
0.0
0.0
0.0
0.0
0.0
0.0
0.0
0.0
0.00475600395958574
0.01535633982441934
0.0
0.0
0.00508734031823988
0.0
0.0
0.0
0.005732785614605469
0.0
0.0
0.0
0.0
0.0
0.0
0.0
0.0
0.0
0.0
0.0
0.0
0.0
0.0
0.0
0.0
0.0
0.018910129360994492
0.0
0.0
0.0
0.0
0.0
0.0
0.0
0.0
0.0
0.0
0.0
0.0
0.0
0.0
0.0
0.0
0.0
0.0
0.0
0.0
0.0
0.00508734031823988
0.0
0.0
0.0
0.0
0.0
0.0
0.0
0.0
0.0
0.0479034813497578
0.0
0.0
0.0
0.0013747934585448388
0.0
0.0
0.0
0.0
0.0
0.006303376453664831
0.0
0.0
0.0
0.0
0.0
0.0
0.0
0.0
0.0
0.0
0.0
0.00736552744976273
0.0
0.0
0.0
0.0
0.0
0.0
0.0
0.0
0.012261594836261156
0.0
0.0
0.0
0.0
0.0
0.0
0.0
0.0
0.0
0.0
0.0
0.0
0.0
0.0
0.0
0.0
0.0
0.015749415143997334
0.020432990039600557
0.0
0.0
0.0
0.0
0.0
0.0
0.006873967292724195
0.0
0.005941758473152303
0.0
0.0
0.0
0.015702979923609865
0.0
0.0027495869170896777
0.0
0.0
0.0
0.0
0.0
0.0
0.0
0.0
0.014429632832799445
0.0
0.15749415143997333
0.0
0.0035537895365751536
0.0
0.0
0.0
0.0
0.0
0.007266336396270195
0.0
0.0
0.0
0.0
0.0
0.0
0.01387000007523211
0.0
0.0
0.0
0.0
0.0
0.023844526546945098
0.0
0.0
0.0
0.0
0.0
0.0
0.0
0.0
0.0
0.0
0.0
0.0
0.0
0.0
0.0
0.0
0.0
0.0
0.009133930029214928
0.0
0.0
0.0
0.0
0.0
0.0
0.0
0.0
0.0
0.0
0.023735345077907352
0.0
0.0
0.0
0.0
0.0
0.0
0.0
0.0
0.0
0.00385953318265845
0.0
0.0
0.0
0.0
0.0027495869170896777
0.0
0.0
0.0
0.0
0.0
0.012606752907329662
0.0
0.0
0.0
0.0
0.0
0.0
0.0
0.0
0.0
0.0
0.0
0.0
0.0
0.0
0.0
0.0
0.0
0.0
0.0
0.0
0.0
0.0
0.0
0.0
0.0
0.0
0.0
0.0
0.0
0.0
0.0
0.0
0.0
0.0
0.0
0.0
0.004124380375634516
0.0
0.0
0.0
0.0
0.0
0.0
0.0
0.006130797418130578
0.0
0.0
0.0
0.0
0.006303376453664831
0.004124380375634516
0.0
0.0
0.006218963386509477
0.0
0.0
0.0
0.0
0.0
0.0
0.0
0.0
0.0
0.020621901878172585
0.0
0.0052343266412032885
0.0
0.0
0.0
0.0
0.0
0.0
0.012437926773018955
0.0
0.0
0.0
0.005371167634092941
0.0
0.0
0.0
0.0
0.0
0.0
0.0
0.0
0.0
0.0
0.0
0.0
0.0
0.0
0.0
0.0
0.0
0.0
0.0
0.0
0.0
0.0
0.0
0.0
0.0
0.0
0.0
0.0
0.0
0.0
0.0
0.0
0.0
0.0
0.0
0.0
0.0
0.0052343266412032885
0.0
0.0
0.0
0.0
0.0
0.0
0.007266336396270195
0.0
0.0
0.0
0.0
0.0
0.0
0.0
0.039184636176647795
0.0
0.0
0.0
0.0
0.0
0.00475600395958574
0.0
0.0
0.0
0.0
0.0
0.0
0.0
0.0
0.0
0.0
0.0
0.0
0.0
0.005371167634092941
0.0
0.0
0.0
0.27429245323653456
0.0
0.0
0.0
0.0
0.00508734031823988
0.0
0.0
0.0
0.0
0.0
0.0
0.004124380375634516
0.0
0.0
0.0
0.0
0.0
0.0
0.0
0.0
0.0
0.0
0.0
0.0
0.0
0.0
0.0
0.0
0.0
0.0
0.0
0.0
0.0
0.0
0.0
0.0
0.0
0.0
0.0
0.0
0.0
0.0
0.005499173834179355
0.0
0.0
0.0035537895365751536
0.0
0.0
0.0
0.0
0.0
0.0
0.0
0.007051704738721076
0.0
0.0
0.0
0.03752795438337709
0.0
0.0
0.0
0.0
0.0
0.0
0.0
0.0
0.0
0.0
0.0
0.0
0.0
0.0
0.0
0.0
0.0
0.0
0.0
0.0
0.0
0.004928582995119992
0.0
0.0077190663653169
0.0
0.0
0.0
0.0958069626995156
0.0
0.0
0.0
0.0
0.0
0.0
0.0
0.0
0.0
0.0
0.0
0.05485849064730691
0.0
0.0
0.0
0.0
0.0
0.0
0.0
0.0
0.0
0.0
0.0
0.007107579073150307
0.0
0.0
0.0
0.0
0.0
0.0
0.0
0.02115511421616323
0.0
0.0
0.0
0.0
0.0
0.0
0.0
0.0
0.007413322719233604
0.0
0.013073976468181888
0.003192171556062626
0.0
0.0
0.0
0.0
0.0
0.0
0.0
0.0
0.0
0.0
0.0021789960780303147
0.0
0.0
0.0
0.0
0.0
0.0
0.0
0.0
0.0
0.0
0.0
0.0
0.0
0.0
0.0
0.0
0.0
0.0
0.0
0.0
0.0
0.0
0.0
0.0
0.0
0.0
0.0
0.0
0.0
0.0
0.0
0.0
0.0
0.0
0.0035537895365751536
0.0
0.0
0.0
0.006994210634740906
0.0
0.0
0.0
0.0
0.0
0.0
0.0
0.0
0.0
0.0
0.0
0.0
0.0
0.0
0.0
0.0
0.0043579921560606295
0.0
0.0
0.0
0.0
0.0
0.0
0.0
0.0
0.0
0.0
0.0
0.0
0.0
0.0
0.0
0.0
0.0
0.0
0.0
0.0
0.0
0.0
0.0
0.0
0.0
0.0
0.0
0.0
0.0
0.0
0.0
0.0
0.0
0.0
0.0
0.0
0.011238834352392134
0.0
0.0
0.0
0.0
0.0
0.0
0.0
0.0
0.0
0.003192171556062626
0.0
0.0
0.0
0.0
0.0
0.0
0.0
0.0
0.0
0.0
0.0
0.0
0.0
0.0
0.0
0.0
0.0
0.0
0.0
0.060750054760434526
0.0
0.0
0.0
0.0
0.0
0.0
0.0
0.006536988234090944
0.0
0.0
0.0
0.0
0.0
0.0
0.0
0.0
0.0
0.0
0.031036546282680356
0.0
0.0
0.0
0.0
0.0
0.0
0.0
0.0
0.0
0.0
0.0
0.0
0.0
0.0
0.0
0.0
0.0
0.0
0.0
0.0
0.0
0.0043579921560606295
0.0
0.0
0.0
0.0
0.0
0.00508734031823988
0.0
0.0
0.0
0.012606752907329662
0.0013747934585448388
0.0
0.0
0.005371167634092941
0.0
0.0
0.0
0.0
0.0
0.0
0.0
0.007107579073150307
0.0
0.0
0.0
0.0
0.0
0.0
0.0
0.006303376453664831
0.0
0.22354957963220307
0.0
0.0
0.0
0.004928582995119992
0.0
0.007107579073150307
0.0
0.0
0.0
0.0
0.0
0.0
0.0
0.0
0.0
0.0
0.0
0.0
0.0
0.0
0.0
0.0
0.0
0.0
0.0
0.0
0.0
0.0
0.0
0.20275874460988594
0.0
0.0
0.0
0.0
0.0
0.0
0.0
0.0
0.0
0.0
0.0
0.0
0.0
0.0
0.0
0.0
0.0
0.0
0.0
0.0
0.0
0.0
0.0
0.0
0.0
0.0
0.0
0.0
0.0
0.0
0.0
0.06358540412518693
0.02194965579509143
0.0
0.0
0.0
0.0
0.0
0.0
0.0
0.0
0.0
0.03775081856061628
0.0
0.0
0.0
0.0
0.0
0.0
0.0
0.0
0.0
0.0
0.0
0.0
0.0
0.0
0.0
0.012924267553569438
0.0
0.0
0.0
0.0
0.0
0.0
0.0
0.0
0.0
0.0
0.0
0.02946210979905092
0.0
0.0
0.0
0.006218963386509477
0.027495869170896775
0.0
0.0
0.0
0.0
0.0
0.0
0.0
0.0
0.0
0.0
0.0
0.0
0.0
0.0
0.0
0.0
0.0
0.0
0.0
0.0
0.0
0.0
0.0
0.0
0.0
0.0
0.012924267553569438
0.0
0.0
0.0077190663653169
0.0
0.0
0.0
0.0
0.0
0.0
0.0
0.0
0.0
0.0
0.0
0.0
0.0
0.0
0.0
0.0
0.0
0.0
0.0
0.015272824836385007
0.0
0.0
0.0
0.0
0.0
0.0
0.0
0.0
0.0
0.0
0.0
0.006218963386509477
0.0
0.018115587782066296
0.0
0.0
0.0
0.0
0.0
0.0
0.0
0.005732785614605469
0.0
0.0
0.005499173834179355
0.0
0.0
0.0
0.0
0.0
0.01432384481932215
0.0
0.00508734031823988
0.0
0.0
0.0
0.0
0.0
0.0
0.0
0.0
0.0
0.0
0.0
0.0
0.0
0.0
0.0
0.01535633982441934
0.0
0.0
0.0
0.0
0.0
0.0
0.0
0.0
0.0
0.0
0.0
0.0
0.0
0.0
0.0
0.0
0.0
0.0
0.0
0.02098263190422272
0.011883516946304606
0.0077190663653169
0.0
0.0
0.0
0.0
0.0
0.00385953318265845
0.0
0.031647126770543134
0.0
0.0
0.0
0.0
0.0
0.0
0.0
0.0
0.0
0.0
0.00385953318265845
0.0
0.0
0.0
0.0
0.0
0.0
0.0
0.0
0.0
0.0
0.0
0.0
0.0
0.0
0.006536988234090945
0.006462133776784719
0.0
0.0
0.008248760751269032
0.0
0.0077190663653169
0.017198356843816404
0.0
0.0
0.0
0.0
0.0
0.0
0.0
0.0
0.0
0.02115511421616323
0.0
0.0
0.022781270535162948
0.004124380375634516
0.0
0.0
0.0
0.0
0.0
0.0
0.0
0.0
0.0
0.0
0.0043579921560606295
0.0
0.02906534558508078
0.0
0.0
0.0
0.0
0.0
0.0
0.0
0.0
0.0
0.0
0.0
0.0
0.006745961092637779
0.0
0.0
0.0
0.0
0.0
0.0
0.0
0.0
0.0
0.0
0.0
0.0
0.0
0.0
0.0
0.0
0.0
0.0
0.03002236350670167
0.0
0.0
0.0
0.0
0.0
0.00475600395958574
0.0
0.0
0.0
0.0
0.0
0.0
0.0
0.0
0.0
0.0
0.0
0.055382471848450486
0.006810996679866852
0.0
0.0
0.0
0.006218963386509477
0.0
0.0
0.0
0.0
0.0
0.0
0.0
0.0
0.0
0.0
0.0
0.0
0.0
0.0
0.0
0.0
0.0
0.0
0.027243986719467407
0.03899206627113191
0.0
0.0
0.0
0.0
0.0
0.0
0.0
0.0
0.0
0.0
0.0
0.0
0.0
0.0
0.0
0.0
0.0
0.0
0.0
0.0
0.0
0.0
0.0
0.0
0.0
0.0
0.0
0.0
0.0
0.0
0.0
0.0
0.0
0.0
0.005371167634092941
0.0
0.0
0.0
0.0
0.0
0.0
0.0027495869170896777
0.007636412418192504
0.0
0.007550163712123256
0.0
0.0
0.0
0.0
0.0
0.0
0.0
0.0
0.0
0.0
0.0
0.0
0.0
0.0
0.0
0.0
0.03339360246918266
0.0
0.0
0.0
0.006609120099748128
0.0
0.0
0.0
0.01432384481932215
0.0
0.0
0.0
0.0
0.0
0.0027495869170896777
0.0
0.0
0.0
0.0
0.0
0.0
0.0
0.0
0.0
0.0
0.0
0.0
0.0
0.0
0.0
0.0
0.0
0.018910129360994492
0.0
0.0
0.07122276445535833
0.0
0.0
0.0
0.021485767228983228
0.0
0.0
0.0
0.0
0.0
0.0
0.0
0.0
0.0
0.007316551931697143
0.0
0.0
0.0
0.0
0.03899206627113191
0.0
0.0
0.0
0.0
0.0
0.0027495869170896777
0.0
0.0
0.0
0.0
0.0
0.0
0.0
0.0
0.0
0.0
0.0
0.0
0.0
0.0
0.0
0.0
0.0
0.0
0.0
0.0
0.0
0.0
0.0035537895365751536
0.0052343266412032885
0.0
0.0
0.0
0.0
0.0
0.0
0.0
0.0
0.0
0.0
0.0
0.0
0.0
0.0
0.0
0.0
0.0
0.0
0.0
0.0
0.05930658175386883
0.0
0.0
0.0043579921560606295
0.0
0.0
0.0
0.0
0.0
0.0
0.0
0.0
0.0
0.055382471848450486
0.0
0.0
0.0
0.0
0.0
0.007550163712123256
0.0
0.0
0.0
0.0
0.0
0.0
0.0
0.0
0.0
0.0
0.0
0.0
0.006038529260688765
0.0
0.005499173834179355
0.0
0.0
0.0
0.007266336396270195
0.0
0.0
0.0
0.0
0.0
0.0
0.0
0.0
0.0
0.0
0.0
0.0
0.0
0.0
0.0
0.015896351031296732
0.0
0.0
0.0
0.0
0.02098263190422272
0.0
0.0
0.0
0.0
0.0
0.0
0.0
0.0
0.0
0.039184636176647795
0.0
0.0
0.0
0.0
0.0
0.0
0.0
0.0
0.0
0.0
0.0
0.0
0.0
0.0
0.0
0.0
0.013988421269481813
0.0
0.0
0.0
0.0
0.0
0.015187513690108631
0.0
0.0
0.0
0.0
0.00508734031823988
0.0
0.0
0.0
0.0
0.0
0.0
0.0
0.0
0.005499173834179355
0.0
0.0
0.0
0.0
0.0
0.0
0.0
0.0
0.046069019473258026
0.0
0.031347708941318234
0.0
0.0
0.0
0.0
0.0
0.00508734031823988
0.0
0.0
0.0
0.0
0.0
0.0
0.0
0.0
0.0
0.0
0.0
0.0
0.0
0.0
0.003192171556062626
0.0
0.0
0.0
0.0
0.0
0.0
0.0
0.0
0.0
0.0
0.0
0.0
0.006038529260688765
0.0
0.06387130846634373
0.0
0.007214816416399723
0.0
0.0
0.0
0.02209658234928819
0.0
0.015596826508452764
0.0
0.0
0.0
0.0
0.006462133776784719
0.0
0.0
0.0
0.0
0.0
0.0
0.0
0.005941758473152303
0.014826645438467208
0.01432384481932215
0.0
0.0
0.0
0.0
0.0
0.0
0.0
0.0
0.0
0.0
0.0
0.0
0.0
0.0
0.0
0.0
0.00385953318265845
0.0
0.0
0.0
0.0
0.0
0.0
0.0
0.006536988234090945
0.0
0.0
0.0
0.0
0.0
0.0
0.0
0.0
0.021644449249199168
0.0
0.0
0.0
0.0
0.0
0.0
0.0
0.0
0.0
0.0
0.0
0.0
0.0
0.0
0.0
0.0
0.0
0.0
0.0
0.0
0.0
0.0
0.0
0.0958069626995156
0.0
0.0
0.03149883028799467
0.0
0.0
0.007107579073150307
0.0
0.0
0.0
0.0
0.0
0.0
0.0
0.0
0.0
0.0
0.0
0.0
0.00385953318265845
0.0
0.0
0.0
0.0
0.0
0.0
0.0
0.0
0.0
0.0
0.0
0.0
0.023624122715996
0.0
0.0
0.0
0.0
0.0
0.0
0.0
0.0
0.0
0.0
0.0
0.0
0.0
0.0
0.015596826508452764
0.0
0.0
0.0
0.0
0.0
0.13572653049098043
0.0
0.0
0.0
0.0
0.039558908463178916
0.0
0.0
0.0
0.0
0.0
0.0
0.0
0.0
0.0
0.0
0.0
0.0
0.0
0.0
0.0
0.0
0.0
0.0035537895365751536
0.0
0.0
0.0
0.00951200791917148
0.0231571990959507
0.0
0.0
0.0
0.0
0.0
0.0
0.0
0.0
0.0
0.0
0.0
0.0
0.0
0.0
0.0
0.006130797418130578
0.0
0.0
0.0
0.0
0.0
0.0
0.0
0.0
0.0
0.0
0.0
0.0
0.0
0.0
0.0
0.0
0.0
0.0
0.004928582995119992
0.0
0.0
0.0
0.0
0.0
0.0
0.016113502902278823
0.0043579921560606295
0.0
0.0
0.0
0.0
0.0
0.0
0.0
0.0
0.0
0.0
0.0
0.0
0.0
0.0
0.0
0.0
0.0
0.0
0.0
0.0
0.0
0.0
0.0
0.0
0.0
0.0
0.01491998657819372
0.0
0.0
0.0
0.0
0.0
0.0
0.0
0.005619417176196067
0.012261594836261156
0.009133930029214928
0.0
0.006536988234090944
0.0
0.0
0.0
0.0
0.0
0.0
0.0
0.0
0.0
0.0
0.0
0.0
0.0
0.004124380375634516
0.0
0.0
0.006218963386509477
0.0
0.0
0.0
0.0
0.0
0.0
0.020805000112848165
0.0
0.013218240199496255
0.0
0.0
0.0
0.0
0.0
0.0
0.0
0.0
0.0
0.0
0.0
0.0
0.0
0.005499173834179355
0.0
0.0
0.0
0.0958069626995156
0.0
0.006994210634740906
0.0
0.0
0.0
0.0
0.0
0.0
0.0
0.0
0.0
0.0
0.0
0.0
0.0
0.0
0.0
0.0
0.0
0.0
0.0
0.0
0.006678720493836532
0.0
0.0
0.0
0.0
0.0
0.0
0.0
0.0
0.0
0.0
0.0
0.0
0.0
0.0
0.0
0.0
0.0
0.0
0.0
0.0
0.0
0.006609120099748128
0.0
0.0
0.0
0.0
0.0
0.0
0.0
0.0
0.0
0.0
0.0
0.0
0.0
0.0
0.0
0.0
0.0
0.0
0.0
0.0
0.006745961092637779
0.0
0.0
0.0
0.0
0.0
0.0
0.005619417176196067
0.0
0.0
0.0027495869170896777
0.0
0.0
0.0
0.0
0.0
0.0
0.0
0.0
0.0
0.0
0.0
0.0
0.0
0.0
0.004928582995119992
0.0035537895365751536
0.0
0.0
0.0
0.0
0.0
0.0
0.0
0.0
0.0
0.0
0.0
0.0
0.0
0.0
0.0
0.0
0.006303376453664831
0.0
0.0
0.022516772630026254
0.0
0.01473105489952546
0.0
0.014215158146300614
0.010468653282406577
0.0
0.0
0.0
0.0
0.0
0.005732785614605469
0.0
0.0
0.0
0.0
0.0
0.0
0.0
0.0
0.0
0.0
0.0
0.0
0.0
0.0
0.0
0.0
0.0
0.0
0.0
0.0
0.0
0.0
0.0
0.0
0.0
0.007107579073150307
0.0286476896386443
0.0
0.005499173834179355
0.0
0.0
0.0
0.0
0.0
0.0
0.0
0.0013747934585448388
0.0
0.0
0.0
0.0
0.0
0.0
0.0
0.0
0.0
0.0
0.0
0.0027495869170896777
0.0
0.0
0.0
0.0
0.0
0.0
0.0
0.0
0.0
0.0
0.0
0.0
0.0
0.0
0.0
0.0
0.0
0.0
0.0
0.0
0.0
0.0
0.0
0.0
0.0
0.0
0.0
0.039184636176647795
0.0
0.0
0.0
0.0
0.0
0.0027495869170896777
0.0
0.0
0.0
0.0
0.0
0.0
0.0
0.0
0.0
0.0
0.0
0.0
0.0
0.0
0.0
0.0
0.0
0.0
0.0
0.0
0.0
0.0
0.0
0.0
0.0
0.0
0.0
0.0
0.0
0.0
0.0
0.0
0.0
0.0
0.006678720493836532
0.0
0.0
0.0
0.0
0.0
0.0
0.0
0.0
0.0
0.0
0.0043579921560606295
0.006038529260688765
0.00508734031823988
0.0
0.0
0.0
0.0
0.0
0.0
0.0
0.0
0.0
0.0
0.0
0.0
0.006218963386509477
0.0
0.0
0.0
0.0
0.0
0.011238834352392134
0.0
0.0
0.0
0.0
0.0
0.0
0.0
0.0
0.0
0.0
0.0
0.0
0.0
0.0
0.0
0.0
0.0
0.0
0.0
0.0
0.0
0.0
0.0
0.0
0.0
0.0
0.0
0.0
0.0
0.012261594836261156
0.0
0.01453267279254039
0.0
0.013700895043822393
0.0
0.0
0.0
0.0
0.0
0.0
0.0
0.0
0.0
0.0
0.0
0.0
0.0
0.0
0.0
0.0
0.0
0.0
0.0
0.0
0.0
0.0
0.0
0.0
0.0
0.0
0.0
0.0
0.0
0.0
0.0
0.0
0.0
0.0
0.0
0.0
0.0
0.0
0.0
0.0
0.0
0.0
0.0
0.0
0.0
0.005499173834179355
0.0
0.03149883028799467
0.0
0.0
0.0
0.0
0.0
0.0
0.0
0.0
0.0
0.0
0.0
0.010468653282406577
0.0
0.0
0.0
0.0
0.0
0.0
0.0
0.0
0.0
0.0
0.0
0.0
0.0
0.0
0.0
0.0
0.0
0.0
0.0
0.007214816416399723
0.0
0.0
0.0
0.0
0.0027495869170896777
0.0
0.0
0.0
0.0
0.00385953318265845
0.0
0.0
0.0
0.0013747934585448388
0.0
0.0
0.0
0.0
0.0
0.0
0.0
0.0
0.0
0.0
0.0
0.0021789960780303147
0.0
0.0
0.0
0.0
0.0
0.0
0.0
0.0
0.0
0.0
0.0
0.0
0.0
0.0
0.0
0.029653290876934416
0.0
0.0
0.0
0.0
0.0
0.0
0.0
0.005941758473152303
0.0
0.0
0.0
0.0
0.0
0.0
0.0
0.0
0.0
0.012924267553569438
0.0
0.0
0.0
0.0
0.03682763724881365
0.0
0.0
0.0
0.0
0.0
0.0
0.005619417176196067
0.0
0.0
0.0
0.0
0.0
0.0
0.0
0.0
0.0
0.0
0.0
0.0
0.0
0.0
0.0
0.0
0.0
0.0
0.0
0.0
0.0
0.0
0.0
0.0
0.0
0.0
0.0
0.0
0.0
0.0
0.0
0.0
0.0
0.0
0.0
0.0
0.0
0.0
0.0
0.0
0.0
0.0
0.0
0.0
0.0
0.0
0.0
0.0
0.0
0.0
0.0
0.0
0.0
0.0
0.0
0.0
0.0
0.0
0.0
0.0
0.0
0.0
0.0
0.0
0.021799009188810586
0.0
0.0
0.0
0.0
0.0
0.0
0.0
0.00475600395958574
0.0
0.0
0.0
0.004124380375634516
0.0
0.0
0.0
0.0
0.0
0.0
0.0
0.006130797418130578
0.0
0.0
0.0
0.0
0.0
0.0
0.0
0.0
0.0
0.0
0.0
0.0
0.0
0.0
0.0
0.0
0.0
0.0
0.0
0.0
0.007911781692635783
0.0
0.014103409477442153
0.0
0.0
0.0
0.0
0.0
0.0
0.0
0.0
0.0
0.0
0.0
0.0027495869170896777
0.0
0.0
0.0
0.0
0.0
0.0
0.0
0.0
0.0
0.0
0.0
0.0
0.0
0.0
0.0
0.0
0.0
0.006935000037616055
0.0013747934585448388
0.0
0.0
0.0
0.007051704738721076
0.004928582995119992
0.0
0.0
0.0
0.0
0.0
0.0
0.0
0.0
0.0
0.0
0.00951200791917148
0.0
0.0
0.0
0.0
0.0
0.0
0.0
0.0
0.0
0.0
0.0
0.0
0.0
0.0
0.0
0.0
0.0
0.0
0.0
0.0
0.0
0.0
0.0
0.0
0.0
0.0035537895365751536
0.0
0.0
0.0
0.0
0.0
0.0
0.0
0.0
0.0
0.0
0.0
0.0
0.0
0.0
0.0
0.0
0.0
0.0
0.0
0.0
0.0
0.0
0.0
0.0
0.0
0.0
0.0
0.0
0.0
0.01099834766835871
0.0
0.0
0.0
0.0
0.0
0.0
0.0
0.0
0.0
0.0
0.0
0.0
0.0
0.006384343112125252
0.0
0.0
0.0
0.0
0.0
0.0
0.0
0.0
0.0
0.0
0.0
0.0
0.0
0.0
0.0
0.0
0.0
0.0
0.0
0.0
0.0
0.0
0.0
0.0
0.0
0.0
0.013621993359733704
0.0
0.0
0.0
0.0
0.0
0.0
0.0
0.0
0.0
0.0
0.013357440987673065
0.0
0.01535633982441934
0.004928582995119992
0.0
0.004124380375634516
0.0
0.0
0.0
0.0
0.004566965014607464
0.0
0.0
0.0
0.0
0.0
0.0
0.0
0.018392392254391734
0.0
0.0
0.0
0.0
0.0
0.0
0.0
0.0
0.0
0.0
0.0
0.0
0.0
0.0
0.0
0.0
0.0
0.0
0.0
0.0
0.0
0.005732785614605469
0.0
0.0
0.0
0.0
0.0043579921560606295
0.0
0.0
0.0
0.0
0.0
0.0
0.0
0.0
0.0
0.0
0.0
0.0
0.0
0.0
0.0
0.0
0.020432990039600557
0.0
0.0
0.0
0.0
0.0
0.0
0.0
0.0
0.0
0.11975870337439451
0.0
0.0
0.0
0.0
0.0
0.0
0.0
0.0
0.0
0.0
0.0
0.01535633982441934
0.0
0.0
0.0
0.0
0.0
0.01432384481932215
0.0
0.0
0.0
0.0
0.011680045915709768
0.0
0.006678720493836532
0.03658275965848572
0.0
0.0
0.004566965014607464
0.0
0.0
0.0
0.0
0.0
0.0
0.0
0.0
0.0
0.0
0.0
0.0
0.014429632832799445
0.0
0.0
0.0
0.022909237254577514
0.006218963386509477
0.0
0.0
0.0
0.0
0.005499173834179355
0.0
0.0
0.0
0.0
0.0
0.0
0.0
0.0
0.0
0.0
0.03818206209096252
0.0
0.0
0.0
0.0
0.0
0.0
0.0
0.0
0.0
0.0
0.0
0.0
0.0
0.0
0.0
0.0
0.0
0.0
0.0
0.0
0.0
0.004928582995119992
0.0
0.0
0.011680045915709768
0.0
0.0
0.0
0.0
0.02223996815770081
0.0
0.0
0.0
0.006536988234090945
0.0
0.0
0.0
0.0
0.0
0.0
0.0
0.0
0.0
0.00385953318265845
0.0
0.0
0.0
0.0
0.0
0.0
0.0
0.0
0.0
0.0
0.0
0.0
0.0
0.0
0.0
0.0
0.0
0.006745961092637779
0.0
0.0
0.0
0.0
0.0
0.0
0.0
0.0
0.0
0.0027495869170896777
0.0
0.0
0.0
0.0
0.0
0.0
0.0
0.0
0.0
0.0
0.0
0.006462133776784719
0.0
0.006038529260688765
0.0
0.0
0.0
0.0
0.0
0.0
0.0
0.0
0.0
0.0
0.0
0.0
0.00385953318265845
0.0
0.0
0.0
0.0
0.0
0.0
0.0
0.0
0.0
0.0
0.0
0.0
0.0
0.005941758473152303
0.0
0.0
0.0
0.0
0.0
0.0
0.19075621237556079
0.0
0.0
0.0
0.0
0.0
0.0
0.012437926773018955
0.0
0.0
0.0
0.0
0.0
0.0
0.0
0.0
0.0
0.0
0.0
0.0
0.0
0.0
0.0
0.0
0.0
0.0
0.0200361614815096
0.0
0.0
0.0
0.0
0.0
0.0
0.0
0.0
0.005499173834179355
0.0
0.0
0.0
0.0
0.0
0.0
0.0
0.0
0.0
0.0
0.0
0.0
0.0
0.0
0.0
0.0
0.005732785614605469
0.0
0.0
0.0
0.0
0.0
0.0
0.0
0.012924267553569438
0.0
0.0
0.0
0.0
0.0
0.0
0.0
0.023034509736629013
0.0
0.007266336396270195
0.0
0.0
0.0
0.0
0.0
0.0
0.0
0.0
0.0
0.0
0.0
0.0
0.0
0.0
0.0
0.0
0.00475600395958574
0.0
0.0
0.0052343266412032885
0.00475600395958574
0.0
0.0
0.0
0.0
0.0
0.0
0.0
0.0
0.0
0.0
0.0
0.0
0.0
0.0021789960780303147
0.0
0.0
0.0
0.0
0.0
0.0
0.0
0.0
0.006873967292724195
0.0
0.0
0.00508734031823988
0.0
0.0
0.0
0.0
0.0
0.0
0.0
0.0
0.0
0.0
0.0
0.0
0.06358540412518693
0.00475600395958574
0.0
0.0
0.0
0.0
0.005619417176196067
0.0
0.0
0.0
0.0
0.004566965014607464
0.0
0.0
0.0
0.0
0.0
0.0
0.0
0.0
0.007593756845054316
0.0
0.0
0.0
0.004566965014607464
0.0
0.005840022957854884
0.0
0.0
0.0
0.0
0.005941758473152303
0.0
0.0
0.0
0.0
0.0
0.0
0.0
0.0
0.0
0.005499173834179355
0.004566965014607464
0.0
0.003192171556062626
0.003192171556062626
0.0
0.0
0.0
0.0
0.0
0.0
0.0
0.0
0.05221995302367802
0.0
0.0
0.0
0.0
0.029708792365761516
0.0
0.0
0.0
0.0
0.0
0.0
0.0
0.0
0.0
0.00475600395958574
0.0
0.0
0.0
0.0
0.0
0.0
0.0
0.0
0.0
0.0
0.0
0.0
0.0
0.0
0.0
0.0
0.0
0.0
0.0
0.0
0.0
0.0
0.0
0.0
0.0
0.0
0.0
0.0
0.0
0.0
0.0
0.00385953318265845
0.0
0.0
0.0
0.0
0.0
0.0
0.0
0.0
0.0
0.0
0.0
0.0
0.00475600395958574
0.0
0.0
0.0
0.0
0.0
0.006873967292724195
0.0
0.0
0.0
0.0
0.0
0.08742993067213202
0.0
0.0
0.0
0.0
0.0
0.0
0.0
0.00508734031823988
0.0
0.0
0.0
0.0
0.0
0.0
0.0
0.0
0.0
0.010742335268185882
0.0
0.0
0.0
0.0
0.0
0.0
0.0
0.0
0.0
0.0
0.0027495869170896777
0.0
0.0
0.0
0.007550163712123256
0.0
0.0
0.0
0.0
0.0
0.0
0.0
0.0
0.0
0.0
0.0
0.0
0.0
0.0
0.0
0.0
0.0
0.02774000015046422
0.0
0.0
0.0
0.0
0.0
0.0
0.0
0.0
0.0035537895365751536
0.00385953318265845
0.0
0.0
0.014633103863394286
0.0052343266412032885
0.0
0.0
0.0
0.0
0.0
0.0
0.0
0.0
0.0
0.0
0.0
0.0
0.0
0.0
0.0
0.0
0.0
0.0
0.0
0.0
0.0
0.0
0.0
0.006303376453664831
0.0
0.0
0.0
0.0
0.0
0.0
0.0
0.0
0.0
0.0
0.0013747934585448388
0.0
0.0
0.0
0.0
0.0
0.0
0.0
0.0
0.0
0.0
0.0
0.0
0.0
0.0
0.0
0.0
0.0
0.0
0.005371167634092941
0.0
0.0
0.0
0.0
0.0027495869170896777
0.0
0.0
0.0
0.0
0.0
0.0
0.0
0.0
0.0308762654612676
0.012437926773018955
0.0
0.0
0.0
0.0
0.0
0.0
0.0
0.006536988234090945
0.0
0.0
0.0
0.0
0.0
0.0
0.0
0.0
0.0
0.0
0.0035537895365751536
0.0
0.0
0.0
0.0
0.0
0.0
0.0
0.0
0.0
0.0
0.0
0.0
0.0
0.0
0.0
0.0
0.0
0.0
0.0
0.0
0.0
0.0
0.0
0.0
0.0
0.0
0.0
0.0
0.0
0.0
0.0
0.0
0.022650491136369768
0.0
0.0
0.0
0.070872368147988
0.0
0.0
0.0
0.0
0.0
0.015596826508452764
0.0
0.0
0.025213505814659323
0.0
0.0
0.0
0.0
0.006462133776784719
0.016113502902278823
0.0
0.0
0.0
0.0
0.0
0.0
0.0
0.0
0.0
0.0
0.0
0.0
0.0
0.0
0.0
0.015100327424246511
0.0
0.0
0.0
0.0
0.0
0.0
0.0
0.0
0.0
0.0
0.0
0.0
0.0
0.0
0.0
0.0
0.0
0.0
0.0
0.0
0.0
0.0
0.012261594836261156
0.0
0.0
0.0
0.0
0.0
0.006218963386509477
0.0
0.0
0.0
0.0
0.0
0.0
0.0
0.0
0.0
0.0
0.0
0.006384343112125252
0.0
0.0
0.0
0.0
0.0
0.0
0.0
0.006873967292724195
0.0
0.0021789960780303147
0.0
0.0
0.0
0.0
0.0
0.0
0.031347708941318234
0.00767816991220967
0.0
0.0
0.0
0.21556566607391012
0.0
0.011238834352392134
0.07948175515648366
0.0
0.047470690155814704
0.0
0.0
0.0
0.0231571990959507
0.0
0.0
0.03879568285335045
0.141744736295976
0.0
0.030545649672770014
0.006609120099748128
0.0
0.0
0.0
0.0
0.0
0.15967827116585934
0.0
0.007874707571998667
0.0
0.0
0.0
0.0
0.0
0.0
0.0
0.0
0.0
0.007161922409661075
0.0
0.0
0.0
0.0
0.0
0.00767816991220967
0.0
0.0
0.0
0.0
0.0
0.0
0.0
0.0
0.0
0.0
0.0
0.0
0.031792702062593464
0.0
0.0
0.0
0.0
0.0
0.0
0.015702979923609865
0.0
0.0
0.03775081856061628
0.03899206627113191
0.0
0.0
0.0
0.0
0.0
0.0
0.0
0.0
0.0
0.0
0.0
0.00475600395958574
0.0
0.0
0.013988421269481813
0.0
0.0
0.006218963386509477
0.0
0.0
0.0
0.0
0.0
0.0
0.0
0.0
0.0
0.0
0.0
0.0
0.0
0.0
0.0
0.0
0.0
0.0
0.0
0.0
0.0
0.0
0.0
0.0
0.0
0.0
0.0
0.04280403563627166
0.0
0.0
0.045562541070325896
0.0
0.0
0.0
0.0
0.0
0.0
0.0
0.0
0.0
0.0
0.0
0.0
0.0
0.0
0.0
0.0
0.004928582995119992
0.0
0.0
0.0
0.0
0.0
0.0
0.0
0.0
0.0
0.00508734031823988
0.0
0.0
0.004928582995119992
0.0
0.0
0.0
0.0
0.0
0.0
0.0
0.0
0.00508734031823988
0.0
0.0
0.0
0.0
0.0
0.0
0.0
0.0
0.0
0.0
0.0
0.0
0.0
0.0
0.0
0.0
0.0
0.0021789960780303147
0.0
0.0
0.0
0.0
0.0
0.006218963386509477
0.0
0.015272824836385007
0.0
0.0
0.0
0.019610964702272835
0.0
0.0
0.0
0.0
0.0
0.0
0.0052343266412032885
0.0
0.0
0.0
0.0
0.0
0.0
0.0
0.00385953318265845
0.0
0.0
0.0
0.0
0.0
0.0035537895365751536
0.0
0.0
0.0
0.013491922185275559
0.0
0.047689053093890196
0.0
0.0
0.0
0.0013747934585448388
0.0
0.0
0.0
0.0
0.0
0.0
0.0
0.0
0.0
0.0
0.0
0.0
0.0
0.0
0.0
0.0
0.0
0.0154381327306338
0.0
0.0
0.0
0.0
0.0
0.0
0.0
0.0
0.0
0.0
0.0
0.0
0.0
0.0
0.0
0.0
0.0
0.0
0.0
0.0
0.0
0.0
0.0
0.0
0.0
0.0
0.0
0.0
0.0
0.0
0.0
0.0
0.0
0.0
0.0
0.0
0.0
0.031193653016905527
0.0
0.0
0.0
0.0
0.0
0.0
0.0
0.0
0.005840022957854884
0.0
0.0
0.0
0.0
0.0
0.0
0.0
0.0
0.0
0.0
0.012768686224250503
0.0
0.0
0.0
0.0
0.0
0.0
0.0
0.0
0.0
0.0
0.0
0.0
0.0
0.0
0.0
0.005499173834179355
0.0
0.0
0.0
0.0
0.0
0.0
0.006462133776784719
0.0
0.004928582995119992
0.0
0.0
0.0
0.0
0.0
0.0
0.0
0.0
0.0
0.0
0.020432990039600557
0.0
0.0
0.0
0.0
0.0
0.0
0.0
0.0
0.0
0.0
0.0
0.0
0.0
0.0
0.0
0.0
0.0
0.0
0.0
0.0
0.0
0.0
0.0
0.0
0.0
0.0
0.0
0.007413322719233604
0.0
0.0
0.0
0.0
0.0
0.0
0.0052343266412032885
0.0
0.0
0.0
0.007413322719233604
0.0035537895365751536
0.0
0.0
0.0
0.0
0.0
0.0
0.0
0.0
0.0
0.0
0.0
0.0
0.0
0.0
0.006218963386509477
0.0
0.0
0.0
0.0
0.0
0.0
0.0
0.0
0.0
0.0
0.0
0.0
0.0
0.0
0.0
0.0
0.0
0.0
0.0
0.0
0.0
0.0
0.0
0.0
0.0
0.0
0.0
0.0
0.0
0.0
0.0
0.0
0.0
0.0
0.0
0.0
0.0
0.029653290876934416
0.0
0.006745961092637779
0.006038529260688765
0.0
0.0
0.0
0.015673854470659117
0.0
0.0
0.006384343112125252
0.0
0.0
0.0
0.0
0.0
0.0
0.0
0.0
0.0
0.0
0.0
0.03658275965848572
0.0
0.06329425354108627
0.0
0.0
0.0
0.0
0.0
0.0
0.0
0.0
0.0
0.0
0.0
0.0
0.0
0.0
0.0
0.0
0.0
0.0
0.02194965579509143
0.0
0.0
0.0
0.0
0.0035537895365751536
0.0
0.0
0.0
0.0
0.0
0.009857165990239985
0.0
0.0
0.0
0.0
0.0
0.0
0.015272824836385007
0.0
0.0
0.0
0.0
0.0
0.0
0.0
0.0
0.012924267553569438
0.018910129360994492
0.0
0.0
0.0
0.00475600395958574
0.0
0.006536988234090945
0.0
0.0
0.0
0.0
0.0
0.0
0.0
0.005840022957854884
0.060401309696986046
0.0
0.0
0.0
0.0
0.0
0.023624122715996
0.0043579921560606295
0.0
0.03879568285335045
0.0
0.0
0.0
0.0
0.0
0.01473105489952546
0.007051704738721076
0.0
0.007107579073150307
0.0
0.11975870337439451
0.0
0.0
0.006745961092637779
0.0
0.0
0.005732785614605469
0.01453267279254039
0.0
0.0
0.0
0.0
0.0
0.0
0.0
0.0
0.0
0.0
0.0
0.3033887152151327
0.0
0.0
0.0
0.0
0.0
0.01453267279254039
0.0
0.0
0.0
0.0
0.0
0.0
0.0
0.0035537895365751536
0.0
0.0
0.0035537895365751536
0.07185522202463669
0.0
0.0
0.0
0.0
0.0
0.0
0.0
0.0
0.0
0.0
0.01473105489952546
0.0
0.0
0.0021789960780303147
0.0
0.0
0.0
0.015011181753350835
0.01535633982441934
0.0
0.014826645438467208
0.003192171556062626
0.007413322719233604
0.015596826508452764
0.0
0.0
0.0
0.0
0.0
0.0
0.0
0.0
0.0
0.007413322719233604
0.0
0.0
0.0
0.0
0.0
0.0
0.0
0.0
0.0
0.0
0.0
0.0043579921560606295
0.0027495869170896777
0.0
0.0
0.0
0.0
0.0
0.0
0.0
0.03899206627113191
0.0
0.0
0.0
0.0
0.0
0.0
0.0
0.0
0.0
0.0
0.2781861430476928
0.006994210634740906
0.0
0.0
0.10917778555916935
0.0
0.0
0.0
0.0
0.0
0.0
0.0
0.0
0.0
0.0
