0.0
0.0
0.0
0.0
0.0
0.0
0.0
0.0
0.0
0.0
0.0
0.0
0.0
0.0
0.0
0.0
0.0
0.0
0.0
0.0
0.0
0.0
0.0
0.0
0.0
0.0
0.0
0.0
0.0
0.0
0.0
0.0
0.0
0.0
0.0
0.0
0.0
0.0
0.0
0.0
0.0
0.0
0.0
0.0
0.0
0.0
0.0
0.0
0.0
0.0
0.0
0.0
0.0
0.0
0.0
0.0
0.0
0.0
0.0
0.0
0.0
0.0
0.0
0.0
0.0
0.0
0.0
0.0
0.0
0.0
0.0
0.0
0.0
0.0
0.0
0.0
0.0
0.0
0.0
0.0
0.0
0.0
0.0
0.0
0.0
0.0
0.0
0.0
0.0
0.0
0.0
0.0
0.0
0.0
0.0
0.0
0.0
0.0
0.0
0.0
0.0
0.0
0.0
0.0
0.0
0.0
0.0
0.0
0.0
0.0
0.0
0.0
0.0
0.0
0.0
0.0
0.0
0.0
0.0
0.0
0.0
0.0
0.0
0.0
0.0
0.0
0.0
0.0
0.0
0.0
0.0
0.0
0.0
0.0
0.0
0.0
0.0
0.0
0.0
0.0
0.0
0.0
0.0
0.0
0.0
0.0
0.0
0.0
0.0
0.0
0.0
0.0
0.0
0.0
0.0
0.019924778915839724
0.0
0.0
0.0
0.0
0.0
0.0
0.0
0.0
0.0
0.0
0.0
0.0
0.0
0.0
0.0
0.0
0.0
0.0
0.0
0.0
0.0
0.0
0.0
0.0
0.0
0.0
0.0
0.0
0.0
0.0
0.0
0.0
0.0
0.0
0.0
0.0
0.0
0.0
0.0
0.0
0.0
0.0
0.0
0.0
0.0
0.0
0.0
0.0
0.0
0.0
0.0
0.0
0.0
0.0
0.0
0.0
0.010083777184725492
0.0
0.0
0.009704324186976143
0.0
0.0
0.007421462611997622
0.0
0.0
0.0
0.0
0.0
0.0
0.0
0.0
0.0
0.0
0.0
0.0
0.0
0.0
0.0
0.0
0.0
0.0
0.0
0.0
0.0
0.0
0.0
0.0
0.0
0.0
0.0
0.0
0.0
0.0
0.0
0.0
0.0
0.0
0.0
0.006800388755857975
0.0
0.0
0.0
0.0
0.0
0.0
0.0
0.0
0.0
0.0
0.0
0.0
0.0
0.0
0.0
0.0
0.0
0.0
0.0
0.0
0.0
0.0
0.0
0.0
0.0
0.0
0.0
0.0
0.0
0.0
0.007421462611997622
0.0
0.0
0.015876986767527402
0.0
0.0
0.0
0.0
0.0
0.0
0.0
0.0
0.0
0.0
0.0
0.0
0.0
0.0
0.0
0.0
0.0
0.0
0.0
0.0
0.0
0.0
0.0
0.0
0.0
0.0
0.0
0.0
0.0
0.0
0.0
0.0
0.0
0.0
0.0
0.0
0.0
0.0
0.010726419004808958
0.0
0.0
0.0
0.0
0.0
0.0
0.0
0.0
0.0
0.0
0.0
0.0
0.0
0.0
0.0
0.0
0.0
0.0
0.0
0.0
0.0
0.0
0.0
0.0
0.0
0.024576029928744265
0.008381389106888919
0.0
0.0
0.0
0.0
0.0
0.0
0.0
0.0
0.0
0.0
0.0
0.0
0.0
0.0
0.0
0.0
0.010313140639764113
0.0
0.010914051621329402
0.0
0.0
0.0
0.0
0.0
0.00602257303784053
0.0
0.005545478178890779
0.0
0.0
0.0
0.0
0.0
0.0
0.0
0.0
0.0
0.0
0.0
0.0
0.0
0.0
0.0
0.0
0.011090956357781559
0.0
0.0
0.0
0.0
0.0
0.0
0.0
0.0
0.0
0.0
0.0
0.0
0.0
0.0
0.0
0.0
0.0
0.0
0.0
0.0
0.0
0.0
0.0
0.0
0.0
0.0
0.0
0.0
0.0
0.0
0.0
0.00602257303784053
0.0
0.0
0.0
0.0
0.0
0.0
0.0
0.0
0.0
0.0
0.0
0.0
0.0
0.0
0.0
0.0
0.0
0.0
0.0
0.0
0.0
0.0
0.0
0.0
0.0
0.0
0.0
0.0
0.0
0.0
0.0
0.0
0.0
0.0
0.008768767820367611
0.0
0.0
0.0
0.04365620648531761
0.012107673258881653
0.0
0.0042905676019235825
0.0
0.0368640448931164
0.01117575591714967
0.008945672556819766
0.0
0.0
0.010628157091457638
0.0
0.0
0.0
0.0
0.0
0.0
0.0
0.0
0.0
0.0
0.0
0.0
0.0
0.0
0.0
0.0
0.0
0.0
0.0
0.0
0.0
0.0
0.0
0.0
0.008945672556819766
0.0
0.0
0.0
0.0
0.0
0.0
0.0
0.0
0.0
0.0
0.0
0.0
0.0
0.0
0.0
0.0
0.0
0.0
0.007126478529921722
0.0
0.0
0.0
0.07441594404574534
0.0
0.0
0.0
0.0
0.0
0.0
0.0
0.03188447127437291
0.0
0.0
0.0
0.0
0.01052667290785071
0.08720897108508133
0.3596770628877691
0.0
0.0
0.0
0.01633571367760464
0.0
0.0
0.012402657340957555
0.0
0.0
0.0
0.0
0.0
0.0
0.0
0.0
0.0
0.0
0.0
0.0
0.0
0.0
0.0
0.0
0.0
0.0
0.0
0.0
0.0
0.0
0.0
0.05890791742408954
0.0
0.0
0.0
0.0
0.0
0.0
0.0
0.0
0.0
0.0
0.0
0.0
0.0
0.0
0.0
0.0
0.0
0.0
0.0
0.0
0.0
0.0
0.0
0.0
0.0
0.0
0.0
0.0
0.0
0.0
0.0
0.0
0.0
0.0
0.0
0.0
0.0
0.011003767766800463
0.0
0.0
0.0
0.0
0.0
0.0
0.0
0.0
0.0
0.0
0.0
0.0
0.0
0.0
0.0
0.0
0.0
0.0
0.0
0.0
0.0
0.0
0.0
0.0
0.0
0.0
0.0
0.0
0.0
0.0
0.0
0.0
0.0
0.0
0.01789134511363953
0.0
0.0
0.0
0.0
0.0
0.0
0.0
0.0
0.0
0.0
0.0
0.0
0.0
0.0
0.010421747934227423
0.0
0.0
0.0
0.0
0.0
0.0
0.0
0.0
0.0
0.0
0.0
0.0
0.0
0.0
0.0
0.0
0.0
0.0
0.0
0.0
0.0
0.0
0.0
0.0
0.0
0.0
0.0
0.0
0.0
0.0
0.0
0.009566746412959414
0.0
0.0
0.0
0.0
0.0
0.0
0.0
0.0
0.0
0.004981194728959931
0.0
0.0
0.0
0.0
0.0
0.0
0.0
0.0
0.0
0.0
0.0
0.0
0.0
0.0
0.0
0.0
0.0
0.0
0.0
0.0
0.0
0.0
0.0
0.0
0.0
0.0
0.0
0.0
0.0
0.0
0.0
0.0
0.012168962198296598
0.0
0.0
0.0
0.0
0.01913349282591883
0.0
0.0
0.0
0.0
0.0
0.0
0.0
0.0
0.0
0.0
0.0
0.0
0.0
0.0
0.0
0.0
0.0
0.0
0.0
0.0
0.0
0.0
0.0042905676019235825
0.0
0.0
0.0
0.0
0.0
0.0
0.0
0.0
0.0
0.0
0.0
0.0
0.0
0.0
0.0
0.0
0.0
0.0
0.0
0.0
0.0
0.0
0.0
0.0
0.0
0.0
0.0
0.008768767820367611
0.0
0.0
0.0
0.0
0.0
0.0
0.0
0.0
0.0
0.0
0.0
0.037037600804246264
0.0
0.0
0.0
0.010726419004808958
0.009836045780814361
0.0
0.0
0.0
0.0
0.0
0.0
0.009113010082250425
0.0
0.0
0.0
0.0
0.0
0.0
0.0
0.0
0.0
0.0
0.0
0.0
0.0
0.0
0.0
0.0
0.0
0.0
0.0
0.0
0.009836045780814361
0.0
0.0
0.0
0.0
0.0
0.0
0.0
0.0
0.0
0.0
0.0
0.0
0.0
0.0
0.0
0.0
0.01156805121673131
0.0
0.0
0.0
0.0
0.0
0.0
0.0
0.0
0.0
0.0
0.0
0.0
0.011258293883212216
0.0
0.0
0.0034001943779289876
0.0
0.0
0.0
0.0
0.0
0.008945672556819766
0.00602257303784053
0.0
0.0
0.0
0.0
0.0
0.0
0.0
0.0
0.0
0.0
0.0
0.0
0.0
0.0
0.0
0.0
0.009704324186976143
0.0
0.0
0.0
0.0
0.0
0.0
0.0
0.0
0.0
0.0
0.0
0.0
0.0
0.0
0.0
0.0
0.0
0.0
0.0
0.005545478178890779
0.0
0.0
0.0
0.0
0.0
0.0
0.0
0.0
0.0
0.0
0.0
0.0
0.0
0.0
0.0
0.006800388755857975
0.0
0.0
0.0
0.0
0.0
0.0
0.02313610243346262
0.0
0.0
0.0
0.0
0.0
0.0
0.0
0.0
0.0
0.0
0.0
0.0
0.0
0.0
0.0
0.0
0.0
0.0
0.0
0.0
0.0
0.0
0.0
0.0
0.0
0.0
0.0
0.0
0.0
0.0
0.019672091561628722
0.0
0.0
0.0
0.0
0.0
0.0
0.0
0.0
0.0
0.009422767415769518
0.0
0.0
0.0
0.0
0.0
0.0
0.0
0.0
0.0
0.0
0.0
0.023832338969013985
0.0
0.0
0.0
0.0
0.0
0.0
0.0
0.0
0.0
0.0
0.0
0.0
0.0
0.0
0.0
0.0
0.0
0.0
0.0
0.0
0.0
0.0
0.0
0.0
0.0
0.0
0.0
0.0
0.0
0.021828103242658804
0.0
0.0
0.0
0.0
0.0
0.0
0.0
0.0
0.0
0.0
0.0
0.0
0.0
0.0
0.0
0.0
0.0
0.011849607987937934
0.0
0.0
0.0
0.0
0.0
0.04983369776290362
0.0
0.0
0.0
0.04983369776290362
0.0
0.0
0.0
0.0
0.0
0.0
0.010421747934227423
0.0
0.0
0.008581135203847165
0.0
0.0
0.01164087787799232
0.0
0.0042905676019235825
0.0
0.0
0.0
0.0042905676019235825
0.0
0.0
0.0
0.0
0.0
0.0
0.0
0.0
0.0
0.0
0.0
0.0
0.0
0.0
0.0
0.0
0.0
0.0
0.008945672556819766
0.0
0.0
0.010914051621329402
0.0
0.0
0.0
0.0
0.0
0.0
0.0
0.0
0.0
0.004981194728959931
0.0
0.0
0.0
0.0
0.0
0.0
0.0
0.0
0.0
0.0
0.0
0.0
0.0
0.0
0.0
0.006435851402885373
0.0
0.0
0.0
0.0
0.0
0.0
0.0
0.0
0.0
0.0
0.0
0.0
0.0
0.0
0.0
0.0
0.0
0.0
0.0
0.0
0.0
0.0
0.0
0.0
0.0
0.01156805121673131
0.005545478178890779
0.0
0.007938493383763701
0.0
0.0
0.0
0.0
0.0
0.0
0.0
0.0
0.0
0.0
0.0
0.0
0.0
0.0
0.0
0.0
0.0
0.0
0.0
0.0
0.0
0.0
0.0
0.0
0.0
0.0
0.0
0.0
0.0
0.0
0.0
0.0
0.0
0.0
0.0
0.0
0.0
0.0
0.0
0.0
0.0
0.0
0.0
0.0
0.0
0.0
0.0
0.0
0.0
0.0
0.0
0.0
0.0
0.009566746412959414
0.0
0.07068950090890744
0.008945672556819766
0.011258293883212216
0.0
0.0
0.023563166969635816
0.0
0.0
0.0076907619798525706
0.0
0.0
0.0
0.0
0.0
0.0
0.0
0.0
0.0
0.0
0.0
0.0
0.0
0.0
0.0
0.0
0.0
0.0
0.03534475045445372
0.0
0.059580847422534965
0.0
0.0
0.0
0.0
0.0
0.0
0.0
0.0
0.0
0.0
0.0
0.0
0.0
0.0
0.0
0.008381389106888919
0.0
0.0
0.0
0.0
0.0
0.0
0.0
0.0
0.0
0.0
0.0
0.0
0.0
0.0
0.04915205985748853
0.0
0.0
0.0
0.0
0.0
0.0
0.0
0.007938493383763701
0.0
0.0
0.0
0.0
0.0
0.0
0.0
0.0
0.0
0.0
0.0
0.0
0.0
0.0
0.0
0.0
0.0
0.0
0.0
0.0
0.0
0.0
0.0
0.0
0.0
0.0
0.0
0.0
0.0
0.0
0.0
0.0
0.0
0.0
0.0
0.0
0.0
0.0
0.0
0.0
0.0
0.0
0.0
0.0
0.060538366294408265
0.0
0.0
0.0
0.0
0.009704324186976143
0.0
0.0
0.0
0.006800388755857975
0.0
0.0
0.0
0.0
0.0
0.0
0.0
0.0
0.0
0.0
0.0
0.0
0.0
0.0
0.0021452838009617912
0.03594398874532846
0.0
0.0
0.0
0.0
0.0
0.0
0.0
0.0
0.0
0.0
0.0
0.0
0.0
0.0
0.0
0.0
0.0
0.0
0.0
0.0
0.0
0.0
0.007126478529921722
0.0
0.0
0.0
0.0
0.0
0.0
0.0
0.0
0.0
0.0
0.0
0.0
0.0
0.0
0.0
0.0
0.0
0.0
0.00602257303784053
0.0
0.0
0.0021452838009617912
0.0
0.0
0.0
0.0
0.0
0.0
0.0
0.0
0.0
0.0
0.0
0.0
0.0
0.0
0.0
0.0
0.0
0.0
0.0
0.0
0.0
0.0
0.0
0.0
0.0
0.0
0.0
0.0
0.0
0.0
0.0
0.03377488164963665
0.0
0.0
0.0
0.0
0.0
0.0
0.0
0.0
0.0
0.0
0.0
0.0
0.0
0.0
0.0
0.0
0.0
0.0
0.0
0.0
0.0
0.0
0.0
0.0
0.0
0.0
0.0
0.010726419004808958
0.0
0.0
0.0
0.0
0.0
0.0
0.0
0.0
0.0
0.0
0.0
0.0
0.0
0.0
0.0
0.0
0.0
0.0
0.0
0.0
0.0
0.0
0.0
0.0
0.0
0.0
0.0
0.0
0.0
0.0
0.010313140639764113
0.0
0.0
0.0
0.0
0.0
0.0
0.0
0.0
0.0
0.0
0.0
0.0
0.0
0.0
0.0
0.0
0.0
0.007126478529921722
0.0
0.0
0.0
0.0
0.0
0.0
0.0
0.0
0.0
0.0
0.0
0.0
0.0
0.0
0.0
0.0
0.011712030213921205
0.0
0.004981194728959931
0.0
0.0
0.0
0.0
0.0
0.0
0.12402657340957556
0.0
0.0
0.0
0.0
0.0
0.010313140639764113
0.0
0.0
0.0
0.0
0.0
0.0
0.0
0.0
0.0
0.0
0.0
0.0
0.0
0.0
0.021256314182915275
0.01789134511363953
0.0
0.0
0.0
0.0
0.0
0.0
0.0
0.0
0.0
0.0
0.02328175575598464
0.0
0.0
0.0
0.0
0.0
0.0
0.0
0.0
0.0
0.0
0.0
0.0
0.0
0.0
0.0
0.0
0.0
0.0
0.0
0.0
0.0
0.0
0.0
0.0
0.0
0.0
0.0
0.0
0.0
0.0
0.0
0.0
0.0
0.0
0.0042905676019235825
0.0
0.0
0.0
0.0
0.0
0.0
0.0
0.0
0.0
0.0
0.0
0.0
0.0
0.0
0.0
0.0
0.0
0.0
0.0
0.007421462611997622
0.0
0.0
0.0
0.0
0.0
0.0
0.0
0.0
0.0
0.0
0.0
0.0
0.0
0.0
0.0
0.0
0.0
0.0
0.0
0.0
0.0
0.0
0.0
0.03650688659488979
0.0
0.0
0.0
0.0
0.0
0.0
0.0
0.0
0.07149701690704197
0.0
0.0
0.0
0.0
0.0
0.0
0.0
0.0
0.0
0.0
0.0
0.0
0.0
0.0
0.0
0.0
0.0
0.0
0.0
0.005545478178890779
0.0
0.0
0.0
0.0
0.0
0.0
0.0
0.0
0.0
0.0
0.0
0.0
0.0
0.0
0.0
0.0
0.0
0.0
0.0
0.0
0.0
0.0
0.0
0.0
0.0
0.0
0.0
0.0
0.0
0.0
0.0
0.0
0.0
0.0
0.0
0.0
0.0
0.0
0.0
0.0
0.0
0.0
0.0
0.0
0.0
0.0
0.0
0.0
0.0
0.0
0.0
0.0
0.0
0.0
0.0
0.0
0.0
0.0
0.0
0.005545478178890779
0.0
0.0
0.0
0.0
0.0
0.0
0.0
0.0
0.020626281279528227
0.007421462611997622
0.0
0.01204514607568106
0.0
0.0
0.0
0.0
0.0
0.0
0.009962389457919862
0.01822602016450085
0.0
0.0
0.0
0.0
0.0
0.0
0.0
0.0
0.0
0.0
0.0
0.0
0.0
0.0
0.0
0.0
0.0
0.009836045780814361
0.008581135203847165
0.0
0.0
0.0
0.0
0.0
0.0
0.0
0.0
0.0
0.0
0.0
0.0
0.0
0.0
0.0
0.0
0.0
0.0
0.0
0.0
0.0
0.0
0.0
0.0
0.0
0.0
0.0
0.0
0.0
0.0
0.0
0.0
0.0
0.0
0.0
0.0
0.0
0.0
0.0
0.0
0.009704324186976143
0.0
0.0
0.0
0.0
0.0
0.0042905676019235825
0.0
0.0
0.0
0.0
0.0
0.0
0.0
0.0
0.0
0.0
0.0
0.0
0.0
0.0
0.0
0.0
0.0
0.0
0.0
0.0
0.0
0.0
0.0
0.0
0.0
0.0
0.0
0.0
0.0
0.0
0.0
0.0
0.0
0.0
0.0
0.0
0.0
0.0
0.0
0.0
0.0
0.0
0.0
0.0
0.0
0.0
0.0
0.0
0.0
0.0
0.0
0.0
0.0
0.0
0.0
0.0
0.0
0.0
0.0
0.0
0.0
0.0
0.0
0.0
0.007938493383763701
0.0
0.0
0.0
0.0
0.0
0.0
0.0
0.0
0.02235151183429934
0.029887168373759588
0.0
0.0
0.0
0.0
0.0
0.0
0.0
0.0
0.0
0.0034001943779289876
0.0
0.0
0.0
0.0
0.0
0.0
0.0
0.0
0.0
0.0
0.0
0.0
0.0
0.0
0.0
0.0
0.0
0.0
0.0
0.0
0.0
0.0
0.0
0.0
0.0
0.0
0.0
0.0
0.0042905676019235825
0.0
0.0
0.0
0.0
0.0
0.0
0.0
0.0
0.0
0.0
0.0
0.0
0.0
0.0
0.0
0.0
0.0
0.0
0.0
0.0
0.0
0.0
0.0
0.0
0.0
0.0
0.0
0.0
0.0
0.0
0.0
0.0
0.0
0.0
0.0
0.0
0.0
0.0
0.0
0.0
0.0
0.0
0.0
0.0
0.01156805121673131
0.0
0.0
0.0
0.0
0.0
0.010421747934227423
0.0
0.0
0.02235151183429934
0.0
0.0
0.0
0.0
0.0
0.0
0.0
0.0
0.011981329581776152
0.0
0.0
0.0
0.0
0.0
0.0
0.0
0.0
0.0
0.0
0.0
0.0
0.0
0.0
0.0
0.0
0.0
0.0
0.0
0.0
0.0
0.0
0.0
0.0
0.0
0.0
0.0
0.0
0.0
0.0
0.01052667290785071
0.0
0.0
0.0
0.0
0.0
0.0
0.0
0.0
0.0
0.0
0.0
0.0
0.0
0.0
0.0
0.0
0.0
0.0
0.0
0.0
0.0
0.00602257303784053
0.0
0.0
0.0
0.0
0.0
0.0
0.0
0.0
0.0
0.0
0.0
0.0
0.0
0.011417046131845307
0.0
0.0
0.0
0.0
0.0
0.0
0.0
0.0
0.0
0.0
0.0
0.0
0.0
0.0
0.0
0.0
0.0
0.0
0.0076907619798525706
0.0
0.0
0.0
0.0
0.0
0.0
0.0
0.0
0.0
0.0
0.008945672556819766
0.0
0.0
0.0
0.0
0.0
0.0
0.0
0.0
0.0
0.0
0.0
0.0
0.0
0.0
0.0
0.0
0.0
0.009836045780814361
0.0
0.0
0.011338687761692688
0.0
0.0
0.0
0.0
0.0
0.0
0.0
0.0
0.0
0.0
0.0
0.0
0.009271762330883514
0.004981194728959931
0.0
0.0
0.0
0.0
0.0
0.0
0.0
0.007421462611997622
0.0
0.0
0.0
0.0
0.0
0.0
0.0
0.0
0.0
0.0
0.0
0.0
0.0
0.0
0.0
0.0
0.0
0.0
0.0
0.0
0.0
0.0
0.0
0.0
0.01789134511363953
0.0
0.0
0.0
0.0
0.009836045780814361
0.03448040858495264
0.0
0.0042905676019235825
0.010821656989926612
0.0
0.0
0.0
0.0
0.0
0.0
0.0
0.0
0.0
0.0
0.0
0.0042905676019235825
0.0
0.0
0.009836045780814361
0.0
0.0
0.0
0.0
0.0
0.0
0.0
0.0
0.0
0.0
0.0
0.0
0.0
0.0
0.0
0.0
0.0
0.0
0.0
0.012871702805770746
0.0
0.0
0.0
0.0
0.0
0.0
0.0
0.0
0.0
0.0
0.0
0.0
0.0
0.0
0.0
0.0
0.0
0.0
0.0
0.0
0.0
0.0
0.0
0.0
0.0
0.0
0.0
0.0
0.0
0.0
0.0
0.010200583133786963
0.0
0.0
0.0
0.0
0.0
0.0
0.0
0.0
0.0
0.0
0.0
0.0
0.0
0.0
0.0
0.0
0.0
0.0
0.0
0.0
0.0
0.0
0.0
0.0
0.0
0.0
0.0
0.09922125872766044
0.0
0.0076907619798525706
0.010200583133786963
0.0
0.0
0.0
0.0
0.0
0.0
0.0
0.0
0.0
0.0
0.0
0.0
0.0
0.0
0.0
0.0
0.0
0.0
0.0
0.0
0.0
0.0
0.0
0.0
0.0
0.0
0.0
0.0
0.0
0.0
0.009704324186976143
0.0
0.0
0.0
0.0
0.0
0.0
0.0
0.0
0.0
0.007421462611997622
0.0
0.0
0.0
0.0
0.0
0.0
0.0
0.0
0.0
0.0
0.0
0.0
0.0
0.0
0.0
0.0
0.0
0.0
0.0034001943779289876
0.0
0.0
0.0
0.0
0.0
0.0
0.0
0.0
0.0
0.0
0.0
0.0
0.0
0.0
0.0
0.0
0.0
0.0
0.0
0.0
0.0
0.0
0.0
0.0
0.0
0.0
0.0
0.0
0.0
0.0
0.0
0.0
0.0
0.0
0.0
0.0
0.0
0.0
0.0
0.0
0.0
0.0
0.0
0.0
0.0
0.010421747934227423
0.0
0.0
0.022834092263690615
0.010200583133786963
0.0
0.020626281279528227
0.0
0.0
0.0
0.0
0.0
0.0
0.0034001943779289876
0.0
0.0
0.0
0.0
0.04656351151196928
0.0
0.0
0.0
0.0
0.0
0.0
0.0
0.0
0.0
0.0
0.0
0.0
0.0
0.0
0.0
0.0
0.0
0.0
0.0
0.0
0.009836045780814361
0.0
0.0
0.0
0.0
0.0
0.0
0.0
0.0
0.0
0.011493469528317547
0.0
0.0
0.0
0.0
0.0
0.0
0.0
0.0
0.0
0.0
0.0
0.0
0.0
0.0
0.0
0.0
0.0
0.0
0.0
0.0
0.0
0.0
0.0
0.0
0.0
0.0
0.034251138395535924
0.0
0.0
0.0
0.0
0.0
0.0
0.0
0.0
0.0
0.006800388755857975
0.0
0.0
0.0
0.0
0.0
0.0
0.0
0.0
0.0
0.0
0.0
0.0
0.0
0.0
0.0
0.0
0.0
0.0
0.0
0.0
0.04891624394274914
0.0
0.0
0.0
0.0
0.0
0.0
0.0
0.0
0.0
0.010628157091457638
0.0
0.0
0.0
0.0
0.0
0.0
0.0
0.0
0.0
0.0
0.0
0.0
0.0
0.02850591411968689
0.0
0.0
0.0
0.0
0.0
0.0
0.0
0.0
0.0
0.0
0.0
0.0
0.0
0.0
0.0
0.0
0.009422767415769518
0.0
0.0
0.0
0.0
0.0
0.0
0.0
0.0
0.0
0.0
0.0
0.0
0.0
0.0
0.0
0.0
0.0
0.0
0.0
0.0
0.0
0.0
0.0
0.0
0.0
0.0
0.0
0.0
0.0
0.0
0.0
0.0
0.0
0.0
0.0
0.0
0.0
0.0
0.0
0.0
0.0
0.0
0.0
0.0
0.009836045780814361
0.0
0.0
0.0
0.008945672556819766
0.0
0.0
0.0
0.0034001943779289876
0.0
0.0
0.0
0.0
0.0
0.0
0.0
0.0
0.0
0.0
0.0
0.009962389457919862
0.0
0.0238154801512911
0.0
0.0
0.0
0.0
0.0
0.010726419004808958
0.0
0.0
0.0
0.04983369776290362
0.0
0.0
0.0
0.0
0.0
0.0
0.0
0.0
0.0
0.009836045780814361
0.0
0.0
0.0
0.0
0.0
0.0
0.0
0.0
0.0
0.0
0.0
0.03448040858495264
0.0
0.0
0.0
0.0
0.0
0.0
0.0034001943779289876
0.0
0.0
0.0
0.0
0.0
0.0
0.010200583133786963
0.0
0.0
0.0
0.0
0.0
0.0
0.0
0.0
0.0
0.0
0.0
0.0
0.04915205985748853
0.0
0.0
0.0
0.0
0.0
0.0
0.0
0.0
0.0
0.0
0.0
0.0
0.0
0.0
0.0
0.0
0.0
0.0
0.0
0.0
0.0
0.0
0.011338687761692688
0.0
0.022516587766424432
0.0
0.3194883890736754
0.0
0.0
0.0
0.0
0.0
0.0
0.0
0.0
0.0
0.0
0.0
0.0
0.0
0.0
0.0
0.0
0.0
0.0
0.0
0.0
0.02480531468191511
0.0
0.0
0.0
0.0
0.0
0.0
0.0
0.0
0.0
0.0
0.0
0.0
0.0
0.0
0.0
0.0
0.0
0.0
0.007126478529921722
0.0
0.0
0.0
0.0
0.0
0.0
0.0
0.0
0.0
0.0
0.037037600804246264
0.0
0.0
0.0
0.0
0.0
0.0
0.0
0.0
0.0
0.0
0.0
0.0
0.0
0.0
0.0
0.0
0.0
0.0
0.0076907619798525706
0.0
0.0
0.0
0.0
0.0
0.0
0.0
0.0
0.0
0.0
0.0
0.0
0.0
0.004981194728959931
0.0
0.0
0.0
0.0
0.0
0.0
0.0
0.0
0.0
0.0
0.0
0.0
0.0
0.0
0.0
0.0
0.0
0.0
0.0
0.0
0.0
0.0
0.0
0.0
0.0
0.0
0.0
0.0
0.0
0.0
0.006800388755857975
0.0
0.01913349282591883
0.0
0.0
0.0
0.0
0.009836045780814361
0.0
0.0
0.0
0.009704324186976143
0.0
0.0
0.0
0.0
0.0
0.0
0.0
0.0
0.0
0.0
0.0
0.0
0.0
0.0
0.0
0.0
0.0
0.0
0.009704324186976143
0.0
0.0
0.0
0.016762778213777838
0.0
0.0
0.0
0.0
0.0
0.0
0.0
0.0
0.0
0.0
0.0
0.0
0.0
0.0
0.005545478178890779
0.0
0.0
0.0
0.0
0.0
0.0
0.0
0.0
0.0
0.0
0.0
0.0
0.0
0.007421462611997622
0.0
0.0
0.0
0.0
0.0
0.0
0.0
0.0
0.00816785683880232
0.0
0.0
0.0
0.0
0.0
0.0
0.022677375523385376
0.0
0.0
0.0
0.0
0.0042905676019235825
0.0
0.0
0.02445812197137457
0.0
0.0
0.0
0.0
0.0
0.0
0.0
0.0
0.0
0.0
0.0
0.0
0.007126478529921722
0.0
0.0
0.0
0.0
0.009113010082250425
0.0
0.008381389106888919
0.0
0.0
0.0
0.02445812197137457
0.0
0.0
0.0
0.0
0.007938493383763701
0.0
0.03826698565183766
0.0
0.0
0.0
0.0
0.0
0.0
0.0
0.0
0.0
0.0
0.033527267751449014
0.0
0.0
0.0
0.0
0.0
0.0
0.0
0.0
0.0
0.009962389457919862
0.007126478529921722
0.0
0.0
0.0
0.0
0.0
0.009422767415769518
0.0
0.0
0.0
0.0
0.00602257303784053
0.0
0.0
0.008581135203847165
0.0
0.0
0.0
0.0
0.0
0.0
0.0
0.0
0.0
0.0
0.011003767766800463
0.0
0.0
0.0
0.0
0.0
0.0
0.0
0.0
0.0
0.0
0.0
0.0
0.0
0.0
0.0
0.0
0.0
0.0
0.0
0.0
0.0
0.0
0.0
0.0
0.0
0.0
0.0
0.0
0.0
0.0
0.0
0.2367100643737922
0.0
0.0
0.0
0.0
0.0
0.0
0.0
0.0
0.0
0.0
0.0
0.03668718295706186
0.0
0.0
0.0
0.0
0.0
0.0
0.0
0.0
0.0
0.0
0.0
0.011090956357781559
0.0
0.0
0.0
0.0
0.08940604733719736
0.0
0.0
0.011003767766800463
0.0
0.0
0.0
0.009422767415769518
0.0
0.0
0.0
0.0
0.02313610243346262
0.0
0.0
0.0
0.0
0.0
0.0
0.0
0.0
0.0
0.0
0.0
0.0
0.0
0.0
0.0
0.0
0.0
0.0
0.0
0.0
0.0
0.0
0.0
0.0
0.0
0.0
0.0
0.0
0.0
0.0
0.0
0.0
0.0
0.0
0.0
0.0
0.0
0.0
0.0
0.0
0.0
0.00816785683880232
0.0
0.0
0.01156805121673131
0.007938493383763701
0.010726419004808958
0.0
0.0
0.0
0.0
0.0
0.0
0.0
0.0
0.0
0.010200583133786963
0.0
0.0
0.0
0.0
0.0
0.0
0.0
0.0
0.0
0.0
0.0
0.0
0.0
0.0
0.0
0.0
0.0
0.0
0.0
0.0
0.0
0.0
0.0
0.0
0.0
0.0
0.0
0.0
0.0
0.008945672556819766
0.0
0.0
0.0
0.0
0.0
0.0
0.0
0.0
0.0
0.0
0.03301130330040139
0.0076907619798525706
0.0
0.0
0.0
0.0
0.0
0.0
0.0
0.0
0.0
0.0
0.0
0.0
0.0
0.0
0.006435851402885373
0.0
0.0
0.0
0.0
0.0
0.0
0.0
0.0
0.0
0.0
0.0
0.0
0.0
0.0
0.0
0.0
0.0
0.0
0.0
0.0
0.0
0.0
0.0
0.0
0.0
0.0
0.0
0.0
0.0
0.0
0.0
0.0
0.0
0.0
0.0
0.0
0.0
0.0
0.0
0.0
0.0
0.08475371281217157
0.0
0.0
0.0
0.0
0.0
0.0
0.0
0.0
0.0
0.0
0.0
0.0
0.0
0.0
0.0
0.0
0.0
0.0
0.0
0.0
0.0
0.0
0.0
0.0
0.0
0.0
0.0
0.0
0.0
0.0
0.0
0.009836045780814361
0.0
0.010083777184725492
0.0
0.008381389106888919
0.0
0.0
0.0
0.0
0.01052667290785071
0.0
0.0
0.011090956357781559
0.0021452838009617912
0.0
0.0
0.0
0.0
0.0
0.0
0.0
0.007421462611997622
0.09966739552580724
0.0
0.0
0.0
0.0076907619798525706
0.0
0.011090956357781559
0.0
0.0
0.0
0.0
0.0021452838009617912
0.0
0.0
0.0
0.0
0.0
0.0
0.0
0.0
0.0
0.0
0.0
0.0
0.0
0.0
0.0
0.0
0.0
0.0
0.15819650857785578
0.0
0.0
0.0
0.0
0.0
0.0
0.0
0.0
0.0
0.0
0.0
0.0
0.0
0.0
0.0
0.0
0.0
0.0
0.0
0.0
0.0
0.0
0.0
0.0
0.0
0.0
0.0
0.0
0.0
0.0
0.0
0.06201328670478778
0.011417046131845307
0.0
0.0
0.0
0.0
0.0
0.0
0.0
0.0
0.0
0.023563166969635816
0.0
0.0
0.0
0.0
0.0
0.0
0.0
0.0
0.0
0.0
0.0
0.0
0.0
0.0
0.0
0.010083777184725492
0.0
0.0
0.0
0.0
0.0
0.0
0.0
0.0
0.0021452838009617912
0.0
0.0
0.011493469528317547
0.0
0.0
0.0
0.0
0.0
0.0
0.0
0.0
0.0
0.0034001943779289876
0.005545478178890779
0.0
0.0
0.0
0.0
0.0
0.0
0.0
0.0
0.0
0.0
0.0
0.0
0.0
0.0
0.0
0.0
0.0
0.0
0.0
0.0
0.0
0.0
0.0
0.02409029215136212
0.0
0.0
0.0
0.0
0.0
0.0
0.0
0.0
0.0
0.0
0.0
0.0
0.0
0.0
0.0
0.0
0.0
0.0
0.0
0.03574850845352098
0.0
0.0
0.0
0.0
0.0
0.0
0.0
0.00602257303784053
0.0
0.0
0.0
0.0
0.0
0.009422767415769518
0.009566746412959414
0.006800388755857975
0.0
0.0
0.0
0.0
0.0
0.0
0.0
0.0
0.008581135203847165
0.0
0.0
0.0
0.0
0.008581135203847165
0.0
0.0
0.0
0.0
0.0
0.0
0.0
0.0
0.0
0.0
0.0
0.0
0.0
0.0
0.0
0.0
0.0
0.0
0.011981329581776152
0.0
0.0
0.0
0.0
0.0
0.0
0.0
0.0
0.0
0.0
0.0
0.0
0.0
0.0
0.0
0.0
0.009704324186976143
0.0
0.0
0.010914051621329402
0.0
0.04818058430272424
0.0
0.0
0.0
0.020167554369450984
0.0
0.0
0.0
0.0
0.0
0.0
0.0
0.0
0.0
0.0
0.00602257303784053
0.0
0.0
0.0
0.0
0.0
0.0
0.0
0.0
0.0
0.0
0.0
0.0
0.0
0.0
0.0
0.007421462611997622
0.01052667290785071
0.0
0.0
0.0
0.0
0.0
0.0
0.0
0.0
0.0
0.0
0.0
0.0
0.0
0.0
0.0
0.0
0.0
0.0
0.011003767766800463
0.0
0.0
0.0
0.0
0.0
0.0
0.0
0.0
0.0
0.0
0.0
0.0
0.0
0.0
0.0
0.0
0.011338687761692688
0.0
0.0
0.0
0.0
0.021452838009617916
0.0
0.0
0.0
0.0
0.0042905676019235825
0.0
0.0
0.02105334581570142
0.0
0.0
0.0
0.0
0.0
0.0
0.0
0.0
0.0
0.0
0.0
0.0
0.0
0.0
0.0
0.0
0.0
0.0
0.0
0.0
0.0
0.0
0.0
0.007938493383763701
0.0
0.0
0.0
0.0
0.0
0.0
0.0
0.0
0.0
0.0
0.010914051621329402
0.0
0.06172933467374377
0.0
0.0
0.0
0.0
0.0
0.0
0.0
0.0
0.007421462611997622
0.0
0.0
0.0
0.0
0.0
0.0
0.0
0.0
0.0
0.0
0.0
0.0
0.0
0.0
0.0
0.024337924396593196
0.0
0.0
0.0
0.0
0.0
0.0
0.0
0.0
0.0
0.0
0.0
0.0
0.0
0.0
0.0
0.0
0.0
0.0
0.0
0.0
0.0
0.0
0.022677375523385376
0.0
0.0
0.0
0.0
0.0
0.0
0.0
0.0
0.0
0.0
0.0
0.0
0.0
0.0
0.0
0.006435851402885373
0.0
0.0
0.0
0.011916169484506993
0.0
0.023563166969635816
0.0
0.0
0.0
0.0
0.0
0.0
0.0
0.0
0.0
0.0
0.004981194728959931
0.0
0.0
0.0
0.0
0.0
0.0
0.008381389106888919
0.0
0.0
0.0
0.0
0.0
0.0
0.0
0.0
0.0
0.0
0.0
0.0
0.0
0.0
0.0
0.0
0.0
0.0
0.0
0.0
0.0
0.0
0.0
0.0
0.0
0.0
0.0
0.0
0.0
0.0
0.0
0.0
0.0
0.0
0.0
0.0
0.0
0.0
0.0
0.0
0.0
0.0
0.0
0.0
0.0
0.0
0.0
0.022834092263690615
0.0
0.0
0.0
0.0
0.08518273538807619
0.0
0.0
0.0
0.0
0.0
0.0042905676019235825
0.0
0.0
0.0
0.0
0.0
0.0
0.0
0.0
0.0
0.0
0.0
0.0
0.0
0.0
0.0
0.0
0.0
0.0
0.0
0.0
0.0
0.0
0.0
0.0
0.0
0.0
0.0
0.0
0.0
0.0
0.0
0.0
0.0
0.0
0.0
0.0
0.0
0.0
0.0
0.0
0.008381389106888919
0.0
0.0
0.0
0.0
0.0
0.0
0.0
0.0
0.0
0.0
0.0
0.0
0.0
0.0
0.0
0.0
0.1111128024127388
0.0
0.0
0.0
0.0
0.0
0.011781583484817908
0.0
0.0
0.00816785683880232
0.0
0.0
0.0
0.0
0.0
0.0
0.0
0.0
0.0
0.0
0.0
0.0
0.0
0.0
0.0
0.0
0.0
0.0
0.0
0.0
0.0
0.0
0.0
0.0
0.0
0.0
0.0
0.0
0.0
0.0
0.011493469528317547
0.07441594404574534
0.0
0.0
0.0
0.0
0.021828103242658804
0.0
0.0
0.0
0.0
0.0
0.0
0.0
0.0
0.0
0.03668718295706186
0.0
0.0
0.007126478529921722
0.0
0.0
0.0
0.0
0.0
0.0
0.0
0.0
0.0
0.0
0.0
0.0
0.0
0.0
0.0
0.0
0.0
0.0
0.0
0.011849607987937934
0.0
0.007126478529921722
0.0
0.0
0.007938493383763701
0.0
0.007126478529921722
0.0
0.0
0.0
0.0
0.0
0.0
0.0
0.0
0.0
0.0
0.0
0.0
0.0
0.0
0.0
0.011981329581776152
0.0
0.09783248788549828
0.0
0.0
0.0
0.0
0.0
0.0
0.0
0.0
0.019924778915839724
0.0
0.0
0.0
0.0
0.0
0.0
0.0
0.0
0.0
0.0
0.0
0.0
0.0
0.0
0.0
0.0
0.0
0.0
0.0
0.0
0.0
0.0
0.0
0.0
0.0
0.0
0.06229212220362953
0.0
0.011258293883212216
0.0
0.0
0.0
0.011493469528317547
0.0
0.024337924396593196
0.0
0.0
0.0
0.0
0.010083777184725492
0.0
0.0
0.0
0.0
0.0
0.0
0.0
0.0
0.02313610243346262
0.02235151183429934
0.0
0.0
0.0
0.0
0.0
0.0
0.0
0.0
0.0
0.0
0.0
0.0
0.0
0.0
0.0
0.0
0.0
0.0
0.0
0.0
0.0
0.0
0.0
0.0
0.0
0.0
0.0
0.0
0.0
0.0
0.0
0.0
0.0
0.03377488164963665
0.020401166267573927
0.0
0.0
0.0
0.0
0.0
0.0
0.0
0.0
0.0
0.0
0.0
0.0
0.0
0.0
0.01052667290785071
0.0
0.0034001943779289876
0.0
0.0
0.0
0.0
0.0
0.07475054664435542
0.0
0.0
0.024576029928744265
0.0
0.0
0.0
0.0
0.0
0.0
0.0
0.0
0.0
0.0
0.0
0.0
0.020843495868454846
0.020401166267573927
0.0
0.0
0.0
0.0
0.0
0.0
0.0
0.0042905676019235825
0.0
0.006435851402885373
0.0
0.0
0.0
0.0
0.024576029928744265
0.0
0.0
0.021256314182915275
0.0
0.0
0.0
0.0
0.0
0.0
0.0
0.0
0.0
0.0
0.0
0.0
0.0
0.0
0.0
0.0
0.0
0.26162691325524395
0.0
0.0
0.0
0.0
0.037037600804246264
0.0
0.0
0.0
0.0
0.0
0.0
0.006800388755857975
0.0
0.0
0.0
0.0
0.0
0.0
0.0
0.0
0.0
0.0
0.0
0.0
0.0
0.0
0.0
0.03613543822704318
0.0
0.0
0.0
0.0
0.0
0.0
0.0
0.0
0.0
0.0
0.0
0.0
0.0
0.0
0.0
0.009566746412959414
0.0
0.0
0.0
0.0
0.0
0.0
0.0
0.0
0.0
0.0
0.0
0.0
0.0
0.0
0.0
0.0
0.0
0.0
0.0
0.0
0.0
0.0
0.0
0.0
0.0
0.0
0.006800388755857975
0.0
0.0
0.0
0.0
0.0
0.0
0.0
0.0
0.0
0.0
0.0
0.0
0.0
0.0
0.0
0.0
0.0
0.0
0.0
0.0
0.0
0.0
0.0
0.0
0.0
0.0
0.02328175575598464
0.0
0.0
0.0
0.0
0.0
0.0
0.0
0.0
0.0
0.0
0.0
0.0
0.0
0.0
0.0
0.010821656989926612
0.0
0.0
0.0
0.0
0.0
0.0
0.0
0.0
0.0
0.006435851402885373
0.012871702805770746
0.0
0.019408648373952286
0.0
0.0
0.0
0.0
0.0
0.0
0.0
0.0
0.0
0.0
0.0
0.0
0.0
0.0
0.0
0.0
0.0
0.0
0.0
0.0
0.0
0.0
0.0
0.0
0.0
0.0
0.2117932154923404
0.0
0.0
0.0
0.0
0.0
0.0
0.0
0.0
0.0
0.0
0.0
0.0
0.0
0.0
0.0
0.0
0.0
0.0
0.0
0.0
0.0
0.0
0.0
0.0
0.0
0.0
0.0
0.0
0.0
0.0
0.0
0.0
0.0
0.0
0.006435851402885373
0.0
0.0
0.0
0.0
0.0
0.0
0.0
0.0
0.0
0.010313140639764113
0.0
0.0
0.0
0.0
0.0
0.0
0.0
0.0
0.0
0.0
0.0
0.0
0.0
0.0
0.0
0.0
0.0
0.0
0.0
0.0
0.0
0.0
0.0
0.0
0.0
0.0
0.023962659163552304
0.008768767820367611
0.0
0.0
0.0
0.0
0.0
0.0
0.0
0.0
0.01854352466176703
0.0
0.0
0.0
0.0
0.0
0.0
0.0
0.0
0.0
0.0
0.0
0.0
0.0
0.0
0.0
0.0
0.0
0.0
0.0
0.0
0.01913349282591883
0.0
0.0
0.0
0.0
0.0
0.009836045780814361
0.0
0.0
0.05856015106960603
0.0
0.011493469528317547
0.0
0.022181912715563117
0.0
0.00816785683880232
0.0
0.0
0.0
0.0
0.01789134511363953
0.0
0.0
0.0
0.0
0.0
0.0
0.0
0.0
0.0
0.0
0.0
0.0
0.0
0.0
0.0
0.0
0.0
0.0
0.0
0.0
0.0
0.0
0.0
0.0
0.00816785683880232
0.05545478178890779
0.01117575591714967
0.0
0.0
0.0
0.0
0.0
0.0
0.0
0.0
0.0
0.0
0.0
0.0
0.0
0.0
0.0
0.0
0.0
0.0
0.0
0.0
0.0
0.0
0.0
0.0
0.0
0.0
0.0
0.0
0.0034001943779289876
0.0
0.0
0.0
0.0
0.0
0.0
0.0
0.0
0.0
0.0
0.0
0.0
0.0
0.0
0.0
0.0
0.0
0.0
0.0
0.0
0.06114530492843642
0.0
0.0
0.0
0.0
0.0
0.0
0.0
0.0
0.0
0.0
0.0
0.0
0.004981194728959931
0.0
0.0
0.0
0.0
0.0
0.0
0.0
0.0
0.0
0.0
0.0
0.0
0.0
0.0
0.0
0.0
0.0
0.0
0.0
0.0
0.008945672556819766
0.0
0.0
0.010421747934227423
0.0
0.0
0.0
0.0
0.0
0.0
0.0
0.0
0.0
0.0
0.0
0.0
0.0
0.0
0.0
0.0
0.0
0.0
0.0
0.0
0.0
0.0
0.0
0.0
0.0
0.0
0.0
0.0
0.0
0.0
0.0
0.0
0.0
0.0
0.0
0.0
0.0
0.0
0.0
0.0
0.0
0.0
0.0
0.0
0.0
0.0
0.0
0.0
0.0
0.0
0.0
0.0
0.0
0.0
0.0
0.0
0.0
0.0
0.0
0.0
0.0
0.0
0.0
0.0
0.0
0.028700239238878242
0.01854352466176703
0.011338687761692688
0.008381389106888919
0.0
0.0
0.0
0.0
0.0
0.0
0.0
0.0
0.0
0.0
0.0
0.0
0.0
0.021256314182915275
0.0
0.0
0.0
0.0
0.0
0.0
0.011338687761692688
0.0
0.0
0.0
0.0
0.0
0.0
0.0
0.0
0.0
0.0
0.0
0.0
0.0
0.0
0.0
0.0
0.0
0.0
0.0
0.0
0.0
0.0
0.0
0.0
0.00816785683880232
0.0
0.0
0.04915205985748853
0.0
0.0
0.0
0.0
0.0
0.0
0.0
0.0
0.008768767820367611
0.0
0.0
0.00816785683880232
0.0
0.0
0.0
0.0
0.0
0.0
0.0
0.0
0.0
0.0
0.0
0.0
0.0
0.0
0.0
0.0
0.0
0.014842925223995244
0.0
0.011258293883212216
0.0
0.0
0.0
0.0
0.0
0.0
0.0
0.0
0.008768767820367611
0.0
0.0
0.0
0.0
0.0
0.009271762330883514
0.0
0.0
0.0
0.0
0.0
0.0
0.0
0.0
0.0
0.0
0.0
0.0
0.0
0.0
0.0
0.0
0.0
0.0
0.0
0.0
0.0
0.0
0.0
0.0
0.0
0.0
0.01156805121673131
0.008581135203847165
0.0
0.0
0.0
0.0
0.0
0.0
0.0
0.0
0.0
0.0
0.0
0.0
0.0
0.0
0.0
0.0
0.020167554369450984
0.0
0.0
0.0
0.0
0.03448040858495264
0.0
0.0
0.0
0.0
0.0
0.0
0.0
0.0
0.0
0.0
0.0
0.004981194728959931
0.0
0.0
0.0
0.0
0.0
0.0
0.0
0.0
0.0
0.0
0.0
0.0
0.009271762330883514
0.0
0.0
0.0
0.0
0.0
0.0
0.0
0.0
0.0
0.0
0.0
0.0
0.0
0.0
0.0042905676019235825
0.0
0.0
0.0
0.0
0.0
0.0
0.0
0.0
0.021828103242658804
0.0
0.0
0.0
0.0
0.0
0.0
0.0
0.0
0.0
0.0
0.0
0.0
0.026306303461102833
0.009113010082250425
0.0
0.0
0.0
0.0
0.0
0.0
0.0
0.0
0.04535475104677075
0.0
0.0
0.0
0.0
0.0
0.0
0.0
0.0
0.0
0.0
0.0
0.0
0.0
0.0
0.0
0.0
0.0
0.0
0.0
0.0
0.0
0.0
0.0
0.0
0.0
0.0
0.0
0.0
0.0
0.0
0.016762778213777838
0.0
0.0
0.0
0.0
0.0
0.0
0.0
0.0
0.0
0.012345866934748755
0.0
0.0
0.0
0.0
0.0
0.0
0.0
0.007421462611997622
0.0
0.0
0.0
0.0
0.018845534831539036
0.0
0.0
0.0
0.0
0.0
0.0
0.0
0.0
0.0
0.0
0.0
0.0
0.0
0.0
0.0
0.0
0.0
0.0
0.021643313979853224
0.0
0.0
0.0
0.0
0.022007535533600926
0.0
0.0
0.0
0.0
0.0
0.0
0.0
0.0
0.0
0.0
0.0
0.0
0.0
0.0
0.0
0.0
0.0
0.0
0.0
0.0
0.0
0.0
0.0
0.0
0.0
0.0
0.0
0.0
0.0
0.0
0.0
0.0
0.0
0.0
0.0
0.0
0.0
0.0
0.0
0.0
0.0
0.0
0.0
0.0
0.0
0.00816785683880232
0.0
0.0
0.0
0.0
0.0
0.0
0.0
0.0
0.00602257303784053
0.0
0.0
0.0
0.0
0.0
0.0
0.0
0.0
0.0
0.0
0.009271762330883514
0.0
0.01716227040769433
0.0
0.0
0.0
0.0
0.0
0.0
0.0
0.0
0.0
0.0
0.0
0.0
0.0
0.009962389457919862
0.0
0.0
0.0
0.0
0.0
0.0
0.0
0.0
0.0
0.01204514607568106
0.0
0.0
0.007938493383763701
0.0
0.0
0.0
0.0
0.0
0.0
0.0
0.0
0.0
0.0
0.0
0.0
0.0
0.021256314182915275
0.0
0.0
0.0
0.0
0.008381389106888919
0.0
0.0
0.0
0.0
0.0
0.0
0.0
0.0
0.0
0.0
0.0
0.0
0.0
0.0
0.0
0.0
0.0
0.009566746412959414
0.0
0.0
0.0
0.0
0.0
0.01913349282591883
0.0
0.0
0.0
0.0
0.0
0.0
0.0
0.0
0.0
0.0
0.0
0.0
0.0
0.0
0.005545478178890779
0.0
0.0
0.0034001943779289876
0.0
0.0
0.0
0.0
0.0
0.0
0.0
0.0
0.0
0.0
0.0
0.0
0.0
0.0
0.0
0.0
0.0
0.0
0.0
0.0
0.0
0.0
0.0
0.03060174940136089
0.0
0.021256314182915275
0.0
0.0
0.0
0.0
0.007421462611997622
0.0
0.0
0.0
0.0
0.13704266884798494
0.0
0.0
0.0
0.0
0.0
0.0
0.0
0.0
0.0
0.0
0.0
0.011981329581776152
0.0
0.0
0.0
0.010726419004808958
0.0
0.0
0.0
0.0
0.0
0.0
0.0
0.0
0.010421747934227423
0.034251138395535924
0.0
0.0
0.0
0.0
0.0
0.0
0.0
0.0
0.0
0.0
0.0
0.0
0.0
0.0
0.0
0.022516587766424432
0.0
0.0
0.0
0.011916169484506993
0.0
0.0
0.0
0.0
0.0
0.0
0.0
0.0
0.0
0.0
0.0
0.0
0.0
0.0
0.0
0.0
0.07149701690704197
0.0
0.0
0.0
0.0
0.0
0.0
0.0
0.0
0.0
0.0
0.0
0.0
0.0
0.0
0.0
0.0
0.0
0.0
0.0
0.0
0.0
0.0076907619798525706
0.0
0.0042905676019235825
0.009113010082250425
0.0
0.0
0.0
0.0
0.01156805121673131
0.0
0.0
0.0
0.0
0.0021452838009617912
0.0
0.0
0.023563166969635816
0.0
0.0
0.0
0.0
0.0
0.0
0.0
0.0
0.0
0.0
0.0
0.0
0.0
0.0
0.0
0.0
0.0
0.007126478529921722
0.0
0.0
0.0
0.0
0.0
0.02105334581570142
0.0
0.0
0.0
0.008945672556819766
0.0
0.0
0.0
0.0
0.0
0.0
0.0
0.0
0.0
0.0
0.0
0.0
0.0
0.0
0.0
0.0
0.0
0.0
0.0
0.0
0.0
0.0
0.0
0.0
0.0
0.0
0.0
0.0
0.0
0.0
0.0
0.0
0.0
0.0
0.0
0.0
0.0
0.0
0.0
0.0
0.0
0.0
0.0
0.0
0.0
0.0
0.0
0.0
0.0
0.0
0.0
0.0
0.0
0.08681860138670289
0.0
0.0
0.0
0.0
0.0
0.0
0.009704324186976143
0.0
0.0
0.0
0.0
0.0
0.0
0.0
0.0
0.0
0.0
0.009566746412959414
0.0
0.0
0.0
0.009836045780814361
0.0
0.0
0.0
0.0
0.0
0.0
0.0
0.0
0.0
0.0
0.0
0.0
0.0
0.0
0.0
0.0
0.0
0.0
0.0
0.0034001943779289876
0.0
0.0
0.0
0.0
0.0
0.0
0.0
0.0
0.0
0.0
0.0
0.0
0.0
0.0
0.0
0.0
0.0
0.0
0.0
0.0
0.0
0.0
0.0
0.0
0.0
0.011981329581776152
0.0
0.011338687761692688
0.0
0.0
0.0
0.0
0.0
0.0
0.0
0.0
0.0
0.0
0.0
0.0
0.0
0.0
0.0
0.0
0.007421462611997622
0.0
0.0
0.00816785683880232
0.014842925223995244
0.0
0.0
0.0
0.0
0.0
0.0
0.0
0.0
0.0
0.0
0.0
0.0
0.0
0.0
0.0
0.0
0.0
0.0
0.0
0.0
0.0
0.0
0.0
0.0
0.0
0.0
0.0
0.0
0.0
0.0
0.0042905676019235825
0.0
0.0042905676019235825
0.0
0.0
0.0
0.0
0.0
0.02480531468191511
0.007421462611997622
0.0
0.0
0.0
0.0
0.0
0.0
0.0
0.0
0.0
0.0
0.00816785683880232
0.0
0.0
0.0042905676019235825
0.008768767820367611
0.0
0.0
0.0
0.0
0.0
0.0
0.0
0.0
0.0
0.0
0.0
0.0
0.0
0.0
0.0
0.0
0.0
0.0
0.0
0.0
0.0
0.0
0.0
0.0
0.008581135203847165
0.0
0.0
0.0
0.0
0.0
0.0
0.0
0.0
0.0
0.0
0.0
0.0042905676019235825
0.0
0.0
0.0
0.0
0.0
0.0
0.0
0.0
0.0
0.0
0.0
0.0
0.0
0.0
0.0
0.007421462611997622
0.0
0.0
0.0
0.0
0.0
0.0
0.0
0.0
0.0
0.0
0.0
0.0
0.0
0.0
0.0
0.0
0.0
0.0
0.0
0.0
0.0
0.0
0.0
0.0
0.0
0.0
0.0
0.0
0.0
0.0
0.0
0.0
0.0
0.0
0.0
0.0
0.0
0.0
0.0
0.0
0.0
0.0
0.0
0.03881729674790457
0.0
0.0
0.0
0.0
0.0
0.0
0.010726419004808958
0.0
0.0
0.0
0.0
0.0
0.03720797202287267
0.0
0.0
0.0
0.0
0.0
0.0
0.0
0.0
0.0
0.0
0.0
0.0
0.0
0.0
0.0
0.0
0.0
0.016762778213777838
0.0
0.0
0.0
0.0
0.0
0.0
0.0
0.0
0.0
0.0
0.0
0.0
0.0
0.0
0.011781583484817908
0.0
0.0
0.0
0.0
0.0
0.0
0.0
0.0
0.0
0.0
0.0
0.0
0.0
0.0
0.0
0.0
0.0
0.010821656989926612
0.0
0.0
0.0
0.0
0.0
0.0
0.0
0.0
0.0
0.0
0.0
0.0
0.011417046131845307
0.0
0.0
0.0
0.0
0.0
0.0
0.0
0.0
0.0
0.0
0.0
0.0
0.0
0.0
0.0
0.0
0.0
0.0
0.0
0.0
0.0
0.0
0.0
0.0
0.0
0.0
0.0
0.0
0.0
0.0
0.0
0.0
0.0
0.0
0.0
0.0
0.0
0.0
0.0
0.0
0.0
0.0
0.0
0.0
0.0
0.0
0.00602257303784053
0.009836045780814361
0.0
0.0
0.0
0.0
0.0
0.0
0.008381389106888919
0.0
0.0
0.0
0.0
0.0
0.0
0.0
0.0
0.0
0.0
0.0
0.0
0.0
0.04818058430272424
0.0
0.0
0.0
0.0
0.0
0.0
0.0
0.0
0.010200583133786963
0.0
0.0
0.0
0.0
0.0
0.0
0.0
0.0
0.0
0.0
0.0
0.0
0.0
0.0
0.0
0.0
0.0
0.0
0.0
0.0
0.0
0.0
0.0
0.0
0.0
0.0
0.0
0.0
0.0
0.0
0.0
0.0
0.0
0.0
0.0
0.0
0.0
0.0
0.0
0.0
0.0
0.010313140639764113
0.0
0.0
0.0
0.0
0.0
0.0368640448931164
0.0
0.0
0.0
0.0
0.0
0.024337924396593196
0.008768767820367611
0.0
0.0
0.0
0.0
0.0
0.0
0.010083777184725492
0.0
0.0
0.0
0.0
0.0
0.0
0.0
0.0
0.0
0.0
0.0
0.0
0.0
0.0
0.0
0.0
0.023563166969635816
0.0
0.0
0.0
0.0
0.0
0.0
0.0
0.0
0.0
0.0
0.0
0.0
0.0
0.0
0.0
0.0
0.0
0.0
0.0
0.0
0.0
0.0
0.0
0.0
0.0
0.0
0.0
0.0
0.0
0.0
0.0
0.0
0.0
0.0
0.0
0.0
0.0
0.0
0.0
0.0
0.0
0.0
0.0
0.0
0.0
0.0
0.0
0.011417046131845307
0.0
0.0
0.0
0.0
0.0
0.0
0.0
0.0
0.0
0.02445812197137457
0.023962659163552304
0.0
0.0
0.0
0.12458424440725906
0.0
0.0
0.07441594404574534
0.0
0.012345866934748755
0.0
0.0
0.011781583484817908
0.02409029215136212
0.0
0.0
0.036323019776644955
0.08601610475060492
0.0
0.0
0.0
0.0
0.0
0.0
0.0
0.0
0.14950109328871083
0.0
0.024576029928744265
0.0
0.0
0.0
0.0
0.0
0.0
0.0
0.0
0.0
0.01117575591714967
0.0
0.0
0.0
0.0
0.0
0.023962659163552304
0.0
0.0
0.0
0.0
0.0
0.0
0.0
0.006435851402885373
0.0
0.0
0.0
0.0
0.04961062936383022
0.0
0.0
0.0
0.0
0.0
0.0
0.00816785683880232
0.0
0.0
0.011781583484817908
0.024337924396593196
0.0
0.0
0.0
0.0
0.0
0.0
0.00602257303784053
0.0
0.0
0.0
0.0
0.0
0.0
0.0
0.0
0.0
0.0
0.009704324186976143
0.0
0.0
0.0
0.0
0.0
0.0
0.0
0.0
0.0
0.0
0.0
0.0
0.0
0.0
0.0
0.0
0.0
0.0
0.0
0.0
0.0
0.0
0.0
0.0
0.0
0.0
0.0
0.007421462611997622
0.0
0.0
0.04739843195175174
0.0
0.0
0.0
0.0
0.0
0.0
0.0
0.0
0.0
0.0
0.0
0.0
0.0
0.0
0.0
0.0
0.0
0.0
0.0
0.0
0.0
0.0
0.0
0.0
0.0
0.0
0.0
0.0
0.0
0.0076907619798525706
0.0
0.0
0.0
0.0
0.0
0.0042905676019235825
0.0
0.0
0.0
0.0
0.0
0.0
0.0
0.0
0.0
0.0
0.0
0.0
0.0
0.0
0.0
0.0
0.0
0.0
0.0
0.0
0.0
0.0
0.0
0.0
0.0
0.0
0.0
0.0
0.0
0.0
0.0
0.0
0.0
0.0
0.0
0.0
0.0
0.0
0.0
0.00816785683880232
0.0
0.0
0.0
0.0
0.0
0.0
0.0
0.0
0.0
0.0
0.0
0.0
0.0
0.0
0.0
0.0
0.0
0.0
0.0
0.04961062936383022
0.0
0.0
0.0
0.0
0.0
0.0
0.0
0.0
0.0042905676019235825
0.0
0.0
0.0
0.0
0.0
0.0
0.0
0.0
0.0
0.0
0.0
0.0
0.02409029215136212
0.0
0.0
0.0
0.0
0.0
0.0
0.0
0.0
0.0
0.0
0.0
0.0
0.0
0.0
0.0
0.0
0.0
0.0
0.0
0.0
0.0
0.0
0.0
0.0
0.0
0.0
0.0
0.0
0.0
0.0
0.0
0.0
0.0
0.0
0.0
0.0
0.0
0.012168962198296598
0.0
0.0
0.0
0.0
0.0
0.0
0.0
0.0
0.01822602016450085
0.0
0.007126478529921722
0.006800388755857975
0.0
0.0
0.0
0.0
0.0
0.0
0.0
0.009962389457919862
0.0
0.0
0.0
0.0
0.0
0.0
0.0
0.0
0.0
0.0
0.0
0.0
0.0
0.0
0.0
0.0
0.0
0.0
0.0
0.0
0.0
0.0
0.010083777184725492
0.0
0.0
0.0
0.0
0.0
0.0
0.0
0.0
0.0
0.0
0.0
0.0
0.0
0.0
0.0
0.0
0.0
0.0
0.0
0.0
0.0
0.0
0.0
0.0
0.0
0.0
0.0
0.0
0.0
0.0
0.0
0.0
0.009422767415769518
0.0
0.0
0.0
0.0
0.0042905676019235825
0.0
0.0
0.0
0.0
0.0
0.0
0.01360077751171595
0.0
0.0
0.0
0.0
0.0
0.0
0.0
0.0
0.008768767820367611
0.009566746412959414
0.0
0.0
0.0
0.0
0.0034001943779289876
0.0
0.0
0.0
0.0
0.0
0.0
0.0
0.02911297256092843
0.0
0.0
0.0
0.0
0.0
0.0
0.0
0.006435851402885373
0.0
0.0
0.0
0.0
0.010628157091457638
0.0
0.0
0.0
0.0
0.0
0.0
0.0
0.0
0.0
0.0
0.0
0.0
0.0
0.0
0.0
0.0
0.0
0.0
0.0
0.0
0.0
0.0
0.0
0.0
0.02313610243346262
0.0
0.0
0.0
0.0
0.0
0.0
0.012229060985687285
0.0
0.0
0.0
0.0
0.0
0.0
0.0
0.0
0.0
0.0
0.009271762330883514
0.0
0.0
0.0
0.034251138395535924
0.0
0.08642106854324129
0.0
0.0
0.0
0.0
0.0
0.0
0.0
0.0
0.0
0.0034001943779289876
0.0
0.0
0.0
0.0
0.0
0.0
0.0
0.0
0.011417046131845307
0.0
0.0
0.0
0.0
0.0
0.0
0.0
0.0
0.0
0.0
0.0
0.0
0.0
0.0
0.0
0.0
0.0
0.0
0.0
0.0
0.0
0.0
0.0
0.0
0.0
0.0
0.0
0.0
0.0
0.0
0.0
0.0
0.0
0.010200583133786963
0.0
0.0
0.0
0.0
0.004981194728959931
0.0
0.010200583133786963
0.0
0.011781583484817908
0.0
0.0
0.0
0.0
0.0
0.0368640448931164
0.0
0.0
0.0
0.0
0.011417046131845307
0.0
0.0
0.0
0.022986939056635094
0.022007535533600926
0.0
0.022181912715563117
0.0
0.14950109328871083
0.0
0.0
0.0
0.0
0.0
0.008945672556819766
0.022677375523385376
0.0
0.0
0.0
0.0
0.0
0.0
0.0
0.0
0.0
0.0
0.0
0.37375273322177716
0.0
0.0
0.0
0.0
0.0
0.022677375523385376
0.0
0.0
0.0
0.0
0.0
0.0
0.0
0.0
0.0
0.0
0.0
0.08720897108508133
0.0
0.0
0.0
0.0
0.0
0.0
0.0
0.0
0.0
0.0
0.0
0.010083777184725492
0.0
0.0
0.008945672556819766
0.0
0.0
0.011712030213921205
0.011981329581776152
0.0
0.03470415365019393
0.0
0.03470415365019393
0.012168962198296598
0.0
0.0
0.0
0.0
0.0
0.0
0.0
0.0
0.0
0.0
0.0
0.0
0.0
0.0
0.0
0.0
0.0
0.0
0.0
0.0
0.0
0.0
0.0
0.0
0.0
0.0
0.0
0.0
0.0
0.0
0.04867584879318639
0.0
0.0
0.0
0.0
0.0
0.0
0.009113010082250425
0.0
0.010313140639764113
0.0
0.09922125872766044
0.010914051621329402
0.0
0.0
0.08518273538807619
0.0
0.0
0.0
0.008381389106888919
0.0
0.0
0.0
0.0
0.0
0.0
