0.0
0.0
0.0
0.0
0.0
0.0
0.0
0.0
0.0
0.0
0.0
0.0
0.0
0.0
0.0
0.0
0.0
0.0
0.0
0.0
0.0
0.0
0.0
0.0
0.0
0.0
0.0
0.0
0.0
0.0
0.0
0.0
0.001673410346695929
0.0
0.0
0.0
0.0
0.0
0.0
0.0
0.0
0.0
0.0
0.0
0.0
0.0
0.0
0.0
0.0
0.0
0.0
0.0
0.0
0.0
0.0
0.0
0.0
0.0
0.0
0.0
0.0
0.0
0.0
0.0
0.0
0.0
0.0
0.0
0.0
0.0
0.0
0.0010558043776647897
0.0
0.0
0.0
0.0
0.0
0.0
0.0
0.0
0.0
0.0
0.0
0.0
0.0
0.004775996515842894
0.0
0.007570038204051018
0.0
0.001673410346695929
0.0
0.0
0.0
0.0
0.0
0.0
0.0
0.0
0.0
0.0
0.0
0.0
0.0
0.0
0.0
0.0
0.0
0.0
0.0
0.0
0.0
0.0
0.0
0.0
0.0
0.0
0.0
0.0
0.0
0.0
0.0
0.0
0.0
0.0
0.0
0.0
0.0
0.0
0.0
0.0
0.0
0.003785019102025509
0.0
0.0
0.0
0.0
0.0
0.0
0.0
0.0
0.0
0.0
0.0
0.0
0.0
0.0
0.0
0.0
0.0
0.0
0.0
0.0
0.0
0.0
0.0
0.004903003694409885
0.0
0.0
0.0024515018472049425
0.0
0.0
0.0
0.001673410346695929
0.0
0.0
0.0
0.0
0.003167413132994369
0.0
0.0
0.0
0.001673410346695929
0.0
0.0
0.0
0.0
0.0
0.0
0.0
0.0
0.0
0.0
0.0
0.0
0.0
0.0
0.0
0.0
0.0
0.0
0.0
0.0
0.0
0.0
0.0
0.0
0.0
0.0
0.0
0.0
0.0
0.0
0.0
0.0
0.0
0.0
0.0
0.0
0.0
0.0
0.0
0.0
0.004962744831362815
0.0
0.004484980464696442
0.0
0.0
0.0
0.0
0.0021116087553295793
0.0
0.0
0.0
0.0
0.0
0.0
0.0
0.005129077601268042
0.0
0.0
0.0
0.0
0.0
0.0
0.0
0.0
0.0
0.0
0.0
0.0
0.0
0.0
0.0
0.0
0.0021116087553295793
0.0
0.0
0.0
0.0
0.0
0.0
0.0
0.0
0.0
0.0
0.0
0.0
0.0
0.0
0.0
0.0
0.0
0.0
0.0
0.0
0.0
0.0
0.0
0.0
0.0
0.0
0.0
0.0
0.0
0.0
0.0
0.0
0.0
0.0
0.0
0.0
0.004223217510659159
0.0
0.0
0.0
0.0
0.0
0.0
0.003906940453698026
0.0
0.0
0.0
0.0
0.0
0.0
0.0
0.0
0.0
0.0
0.0
0.0
0.0
0.0
0.0
0.0
0.0
0.0
0.0
0.0
0.0
0.0
0.0
0.0
0.0
0.0
0.0
0.0
0.0
0.0
0.0
0.0
0.0
0.0
0.0
0.0
0.0
0.0
0.0
0.002729214724360719
0.0
0.0
0.0
0.0
0.0
0.0
0.0
0.0
0.0
0.0
0.0
0.0
0.0
0.0
0.0
0.0
0.0
0.0
0.0
0.0
0.004708287424854038
0.0021116087553295793
0.0
0.0
0.054428071417591664
0.0
0.002729214724360719
0.0
0.0
0.0
0.0
0.0
0.007304966094378495
0.0
0.002729214724360719
0.001673410346695929
0.0
0.0
0.0
0.0
0.0024515018472049425
0.0
0.005075626371696793
0.0
0.0
0.0
0.0
0.0
0.0
0.004124912193900872
0.0
0.0
0.0
0.0
0.0
0.0
0.0
0.0
0.0
0.0
0.0
0.0
0.0
0.0
0.0
0.0010558043776647897
0.0
0.0
0.0
0.02729214724360719
0.0
0.0
0.0
0.0
0.0
0.0
0.003906940453698026
0.0
0.0
0.0
0.0
0.0
0.0
0.0
0.0
0.0
0.0
0.0
0.0
0.0
0.0
0.0
0.0
0.0
0.0
0.0
0.0
0.005618914980199312
0.0
0.0
0.0
0.0
0.0
0.0
0.0
0.005458429448721438
0.0
0.0
0.0
0.0021116087553295793
0.0
0.0
0.0
0.0
0.0
0.0
0.0
0.0
0.0
0.0
0.0
0.0
0.0
0.0
0.0
0.0
0.0
0.0
0.0
0.0
0.0
0.0
0.0
0.0
0.0
0.0
0.0
0.0
0.003785019102025509
0.0
0.010742731077998115
0.01191761614414935
0.0
0.0
0.0
0.07257076189012222
0.02750081834335809
0.0
0.0
0.0
0.010461324304634425
0.0024515018472049425
0.0
0.0
0.0
0.0
0.004840823479690298
0.0
0.0
0.003785019102025509
0.0
0.0
0.0
0.0
0.0
0.0
0.0
0.0
0.0
0.0
0.0
0.0
0.0
0.0
0.0
0.008805250142113296
0.0
0.0
0.0
0.0
0.0
0.0
0.0
0.0
0.0
0.0
0.0
0.0
0.0
0.004637427963063143
0.0
0.0
0.0
0.004315561161334268
0.003507306224869732
0.004223217510659159
0.0
0.01607928797612801
0.048831879155153524
0.0
0.0
0.0
0.0
0.0
0.0
0.004903003694409885
0.010461324304634425
0.0
0.005458429448721438
0.0
0.0
0.005180716571565661
0.12876004573659322
0.11597571299348962
0.003167413132994369
0.002729214724360719
0.015627761814792102
0.004019821994032002
0.0
0.0
0.04272789426075933
0.0
0.0
0.0
0.0
0.0
0.0
0.0
0.0
0.0
0.0
0.0
0.0010558043776647897
0.0
0.0
0.0
0.0
0.0
0.0
0.003346820693391858
0.0
0.0
0.0
0.0
0.011596645081193601
0.0
0.0036524830471892475
0.0
0.0
0.006693641386783716
0.0
0.0
0.0
0.005656526860042543
0.0
0.004019821994032002
0.005325893393885177
0.004903003694409885
0.0
0.0
0.0
0.0
0.0
0.0
0.0
0.0
0.0
0.0
0.0
0.0
0.0
0.0
0.0
0.0
0.0
0.0
0.0
0.0
0.0
0.0
0.0
0.0
0.010831038927144312
0.001673410346695929
0.0
0.0
0.0
0.0
0.0
0.0
0.0
0.002729214724360719
0.003167413132994369
0.0
0.0
0.0
0.0036524830471892475
0.0
0.0
0.0
0.0
0.0
0.0
0.0
0.0
0.0
0.0
0.0
0.0
0.0
0.0
0.0
0.0
0.0
0.0
0.0
0.0
0.0
0.0
0.0
0.0
0.0
0.0
0.0
0.0
0.0
0.0
0.0
0.0
0.0
0.0
0.0
0.005129077601268042
0.007014612449739464
0.003785019102025509
0.0
0.0
0.0
0.0
0.0
0.0
0.0
0.0
0.0
0.0
0.0
0.0
0.0
0.0
0.0
0.0
0.0
0.0
0.0
0.0
0.0
0.0
0.0
0.0
0.0
0.0
0.0
0.0
0.0
0.014124862274562113
0.0
0.0
0.0
0.0
0.0
0.0
0.0
0.0
0.0
0.0
0.0
0.0
0.0
0.0
0.0
0.0
0.0
0.0
0.0
0.0
0.0
0.0
0.0
0.0
0.0
0.0
0.0
0.0
0.0
0.0
0.0
0.0
0.0
0.0
0.0
0.0
0.0
0.0
0.0
0.0
0.0
0.0
0.04192280055621138
0.0
0.0
0.004484980464696442
0.0024515018472049425
0.0
0.0
0.004840823479690298
0.0
0.0
0.0
0.0
0.0
0.0
0.0
0.0
0.003785019102025509
0.0
0.0
0.0
0.0
0.0
0.0
0.008969960929392885
0.0
0.0
0.0
0.0
0.0
0.0
0.0010558043776647897
0.0
0.0
0.0
0.0
0.0
0.0
0.0
0.0
0.0
0.0
0.0
0.0
0.0
0.0
0.0
0.0
0.0
0.0
0.0
0.0
0.0
0.0
0.0
0.0
0.0
0.0
0.0
0.0
0.002729214724360719
0.03371348988119588
0.009681646959380596
0.0
0.0
0.0010558043776647897
0.0
0.0
0.0
0.04860828334202062
0.0238352322882987
0.0
0.0
0.0
0.0
0.0
0.003507306224869732
0.0
0.0
0.0
0.0
0.0
0.0021116087553295793
0.02247565992079725
0.0
0.004775996515842894
0.0
0.00992548966272563
0.0
0.0
0.0021116087553295793
0.0
0.0
0.0
0.0
0.0
0.0
0.0
0.0
0.0
0.0
0.0024515018472049425
0.0
0.0
0.0
0.0
0.0
0.0
0.0
0.005458429448721438
0.0
0.0
0.0
0.0
0.010040462080175576
0.0
0.0
0.0
0.005928035232734426
0.02277292936291173
0.004708287424854038
0.0036524830471892475
0.0
0.0
0.0
0.0
0.0
0.0
0.026395109441619748
0.009274855926126285
0.010461324304634425
0.0
0.038785493896528626
0.016246558390716467
0.0
0.0
0.0
0.0
0.0
0.0
0.002964017616367213
0.0
0.0
0.0
0.0010558043776647897
0.0
0.0
0.0
0.0
0.0
0.0
0.0
0.0
0.0
0.0
0.0
0.0
0.0
0.0
0.0
0.0
0.0
0.0
0.0
0.0
0.0
0.0
0.0
0.0
0.0
0.0
0.0010558043776647897
0.0
0.0
0.0
0.0
0.0
0.0
0.0
0.002729214724360719
0.0
0.0
0.0010558043776647897
0.0
0.0
0.0
0.0
0.004019821994032002
0.0
0.0
0.0
0.0
0.0
0.0
0.0
0.013387282773567433
0.0
0.0
0.0
0.0
0.0
0.0
0.017079697022183794
0.0
0.0
0.0
0.0
0.0
0.0
0.0
0.0
0.0
0.0
0.004903003694409885
0.0
0.0
0.0
0.0
0.0
0.0
0.003785019102025509
0.0
0.0
0.0
0.0
0.0
0.0
0.0010558043776647897
0.0
0.0
0.0
0.0
0.0
0.0
0.0
0.0
0.0
0.0
0.0
0.0
0.0
0.0
0.0
0.004637427963063143
0.0
0.0
0.0
0.0
0.0
0.0
0.0
0.0
0.0
0.0
0.0
0.029322796128646435
0.0036524830471892475
0.0
0.0
0.0
0.0
0.0
0.0
0.0
0.0
0.0
0.0010558043776647897
0.0
0.0021116087553295793
0.0
0.0
0.0
0.0
0.0
0.0
0.0
0.0
0.0
0.0
0.0
0.0
0.0
0.0
0.0
0.0
0.0053713655389990575
0.0
0.004019821994032002
0.011355057306076527
0.0
0.0
0.0
0.0
0.0
0.0
0.0
0.002729214724360719
0.0
0.0
0.0
0.0
0.0
0.0
0.0349908053610461
0.0
0.0
0.0
0.0
0.0
0.08584003049106216
0.0
0.0
0.0
0.17168006098212432
0.0
0.0053713655389990575
0.0
0.0
0.0
0.0
0.0
0.005230662152317212
0.0
0.0
0.0
0.0
0.011458148164765265
0.0
0.0
0.0
0.0024515018472049425
0.0
0.0
0.0
0.0
0.004019821994032002
0.0
0.0
0.0
0.0
0.0024515018472049425
0.0
0.0
0.0
0.0
0.0
0.0
0.0
0.0
0.0
0.0
0.0
0.0
0.0
0.0053713655389990575
0.0
0.007570038204051018
0.0
0.0
0.0
0.0
0.0
0.0
0.0
0.0
0.0
0.0
0.0
0.0
0.0
0.0
0.0
0.0
0.0
0.0
0.0
0.016499648775603486
0.0
0.0
0.0
0.0
0.0
0.0
0.0
0.0
0.0
0.0
0.0
0.0
0.003167413132994369
0.003167413132994369
0.0
0.0
0.0
0.0
0.0
0.0
0.0
0.0
0.0
0.0
0.0
0.0
0.0
0.0
0.0
0.005693232340727932
0.0
0.0
0.0
0.0
0.0
0.0
0.0
0.0
0.0
0.0
0.0
0.0
0.0
0.0
0.0
0.0
0.0
0.025378131858483963
0.035568211396406556
0.0024515018472049425
0.0
0.0
0.0
0.0
0.0
0.0
0.0
0.0
0.0
0.0
0.0
0.0
0.0
0.0
0.0
0.0
0.0
0.0
0.0
0.0
0.003167413132994369
0.0
0.0
0.0
0.0
0.0
0.0
0.0
0.0
0.0
0.0
0.0
0.0
0.0
0.0
0.0
0.0
0.0
0.017394967621790405
0.0
0.04986706358125109
0.0010558043776647897
0.0
0.011596645081193601
0.0021116087553295793
0.0
0.0
0.0
0.0
0.0
0.0010558043776647897
0.0
0.0
0.0
0.0
0.0
0.0
0.0
0.0
0.0
0.0
0.0
0.0
0.0
0.0
0.005798322540596801
0.0
0.029322796128646435
0.0
0.004124912193900872
0.0
0.0
0.0
0.0024515018472049425
0.0
0.0
0.0
0.0
0.0
0.0
0.0
0.015387232803804128
0.0
0.0
0.0
0.0
0.0
0.0
0.0
0.0
0.0
0.0
0.0
0.0
0.0
0.0
0.0
0.0
0.3023781745421759
0.001673410346695929
0.0
0.0
0.0
0.0
0.0
0.0
0.0
0.0
0.0
0.0
0.0
0.0
0.0
0.0
0.0
0.0
0.0
0.0
0.0
0.0
0.0
0.0
0.0
0.0
0.0
0.0
0.0
0.0
0.0
0.0
0.0
0.0
0.0
0.0
0.0
0.0
0.0
0.0
0.0
0.0
0.0
0.0
0.0
0.0
0.0
0.0
0.0
0.0
0.0
0.0
0.0
0.02979404036037337
0.0
0.0
0.0
0.0
0.004775996515842894
0.0
0.0
0.0
0.0
0.0
0.002964017616367213
0.0
0.0
0.002729214724360719
0.0
0.0
0.0
0.005415519463572156
0.0
0.0
0.0
0.0
0.0
0.0010558043776647897
0.011793255714710175
0.0
0.0
0.021833717794885753
0.0
0.0
0.0
0.0
0.0
0.0
0.002729214724360719
0.0010558043776647897
0.0
0.0
0.0
0.0
0.0
0.0
0.0
0.0
0.0
0.003785019102025509
0.0
0.003507306224869732
0.0
0.0
0.0
0.0
0.0
0.0
0.0
0.0
0.0
0.0
0.0
0.0
0.0
0.0
0.0
0.0
0.0
0.0
0.005928035232734426
0.0
0.0
0.0
0.0
0.0
0.0
0.0
0.0
0.0
0.0
0.0
0.0
0.0
0.0
0.0
0.0
0.0
0.0
0.0
0.0
0.0
0.0
0.0
0.0
0.0
0.0
0.0
0.0
0.0
0.0
0.0
0.0
0.0010558043776647897
0.0
0.0
0.004962744831362815
0.0
0.0
0.0
0.0
0.0
0.0024515018472049425
0.0
0.0
0.0
0.0
0.0
0.0
0.0
0.0
0.0
0.0
0.0
0.0
0.0
0.0
0.0
0.0
0.0
0.0
0.0
0.0
0.005279021888323949
0.0
0.002729214724360719
0.0
0.0
0.0
0.0
0.0
0.0
0.0
0.0
0.0
0.0
0.0
0.0
0.0
0.0
0.0
0.0
0.0
0.0
0.0021116087553295793
0.0
0.0
0.0
0.0
0.0
0.0
0.0
0.0
0.0
0.015226879115090379
0.0
0.0
0.0
0.0
0.0
0.0
0.0
0.0
0.002964017616367213
0.0
0.0
0.0
0.0
0.0
0.0
0.0
0.0
0.0
0.0
0.0
0.0
0.0
0.0
0.0
0.004019821994032002
0.0
0.0
0.0
0.0
0.010461324304634425
0.0024515018472049425
0.0
0.005230662152317212
0.0
0.017292275407556484
0.004402625071056648
0.0
0.0
0.0
0.0
0.0
0.0
0.0
0.1342876676766722
0.0
0.0
0.0
0.0
0.0
0.005075626371696793
0.0
0.014124862274562113
0.0
0.0
0.0
0.0
0.0
0.0
0.0
0.0
0.0
0.0
0.0
0.0
0.010461324304634425
0.004402625071056648
0.0
0.004019821994032002
0.0
0.0
0.0
0.0
0.0
0.0
0.0
0.0
0.011458148164765265
0.0
0.005230662152317212
0.0
0.0
0.0
0.0
0.0
0.001673410346695929
0.0
0.0
0.0
0.0
0.0
0.0
0.0
0.0
0.0
0.0
0.0
0.0
0.0
0.0
0.0
0.0
0.0
0.0
0.0
0.0
0.0024515018472049425
0.0
0.0
0.0
0.0
0.0
0.0
0.0
0.0
0.0
0.0
0.003785019102025509
0.0
0.0
0.0
0.0
0.0
0.0
0.0
0.0
0.0
0.0
0.0
0.0
0.0
0.005540784842361232
0.0
0.0
0.0
0.0
0.0
0.0
0.0
0.0
0.003346820693391858
0.004563110602534522
0.0
0.001673410346695929
0.0
0.0
0.0
0.0
0.0
0.0
0.001673410346695929
0.0
0.0
0.0
0.0
0.0
0.02994485754015098
0.0
0.0
0.0
0.0
0.0
0.0
0.0
0.0024515018472049425
0.03518735535437573
0.0
0.0
0.0
0.0
0.0
0.02387998257921447
0.0
0.0
0.0
0.0
0.0
0.0
0.0
0.0
0.0
0.0
0.0
0.0
0.0
0.0
0.0
0.0021116087553295793
0.0024515018472049425
0.0
0.0
0.0
0.0
0.008969960929392885
0.0
0.0
0.0
0.0
0.0
0.0
0.0
0.0
0.0
0.0
0.0
0.0
0.0
0.0
0.0
0.0
0.0
0.0
0.0
0.002729214724360719
0.0
0.0
0.0
0.0
0.0
0.0
0.0
0.0
0.0
0.0
0.0
0.0
0.0
0.0
0.004840823479690298
0.0
0.0
0.0
0.0
0.0
0.0
0.0
0.0
0.0
0.0
0.0
0.0
0.0
0.0
0.0
0.0
0.0
0.013912283889189428
0.0
0.0
0.0010558043776647897
0.0
0.0
0.0
0.0
0.0
0.0
0.0
0.0
0.0
0.0
0.0
0.0
0.0
0.0
0.004903003694409885
0.0
0.0
0.0
0.0
0.0
0.0
0.0
0.0
0.0
0.0021116087553295793
0.0
0.0
0.0
0.038209006141050064
0.0
0.0
0.0
0.0
0.0
0.0
0.0
0.0
0.0
0.0
0.0
0.0
0.0
0.0
0.0
0.0
0.0
0.0
0.0
0.0
0.0
0.0
0.0
0.0
0.0
0.0
0.0
0.0
0.0
0.0
0.0
0.0
0.0
0.0
0.0
0.0
0.0
0.0
0.0
0.0
0.003167413132994369
0.0
0.0
0.0024515018472049425
0.0
0.0
0.004775996515842894
0.005020231040087788
0.0
0.0
0.0
0.004563110602534522
0.0
0.0
0.0
0.0
0.0
0.0
0.0
0.0
0.0
0.0
0.0
0.0
0.0
0.0
0.0
0.0
0.0
0.0
0.0
0.0
0.0
0.0
0.0
0.0021116087553295793
0.0
0.0
0.0
0.0
0.0
0.0
0.0
0.0
0.0
0.0
0.005230662152317212
0.0
0.006693641386783716
0.0
0.0
0.004775996515842894
0.0
0.0
0.0
0.0
0.0
0.0
0.0
0.003346820693391858
0.0
0.0021116087553295793
0.0
0.0
0.0
0.0
0.0
0.0
0.0
0.0
0.0
0.0
0.0
0.0
0.0
0.0
0.0
0.0
0.0
0.0
0.0
0.0
0.0
0.0
0.0
0.0
0.011000327337343236
0.01961201477763954
0.0
0.0
0.0
0.0
0.0
0.0
0.0
0.0
0.0
0.0
0.0
0.0
0.0
0.0
0.0
0.0
0.0
0.0
0.0
0.0
0.0
0.001673410346695929
0.0
0.0
0.0
0.0
0.0
0.0
0.0
0.0
0.0
0.0
0.0
0.0
0.0
0.0
0.0
0.0
0.0
0.0
0.0
0.0
0.0010558043776647897
0.0
0.0
0.0
0.0
0.0
0.0
0.0
0.0
0.0
0.0
0.0
0.0
0.0
0.0
0.0
0.0
0.0
0.0
0.0
0.0
0.0
0.0
0.0
0.0
0.002964017616367213
0.0
0.0
0.0
0.004775996515842894
0.009681646959380596
0.0
0.009681646959380596
0.0
0.017689883572065267
0.0
0.0
0.0
0.001673410346695929
0.0
0.0
0.017079697022183794
0.0
0.0
0.0
0.0
0.002964017616367213
0.0
0.0
0.0
0.011000327337343236
0.003507306224869732
0.0
0.0
0.0
0.0
0.0
0.0
0.0
0.011793255714710175
0.0
0.0
0.0
0.0
0.0
0.0
0.0
0.0
0.0
0.0
0.0
0.0
0.0
0.005020231040087788
0.0
0.0
0.002729214724360719
0.0
0.0
0.0
0.0
0.003346820693391858
0.0
0.0
0.0
0.0
0.0
0.0
0.0
0.0
0.0
0.0
0.0
0.0010558043776647897
0.0
0.0
0.0
0.0
0.0
0.004563110602534522
0.0
0.0
0.0
0.0
0.0
0.0
0.0
0.0
0.0
0.004775996515842894
0.0
0.0
0.0
0.0010558043776647897
0.0
0.0
0.0
0.0073545055416148275
0.0
0.0
0.003346820693391858
0.0
0.015226879115090379
0.0
0.0
0.0
0.011237829960398625
0.0
0.0
0.0
0.015060693120263362
0.0
0.0
0.0
0.0
0.0
0.0
0.0
0.0021116087553295793
0.0
0.0
0.0
0.0
0.007014612449739464
0.0
0.0
0.0
0.0
0.0
0.0
0.0
0.0
0.0
0.0
0.0
0.0
0.008805250142113296
0.0
0.02030250548678717
0.0
0.0
0.0
0.0
0.0
0.0
0.0
0.0
0.0
0.0
0.0
0.0
0.0
0.0
0.0
0.004840823479690298
0.0
0.0
0.027901754001969776
0.0
0.0
0.0
0.0
0.0
0.0
0.0
0.0
0.0
0.0
0.0
0.0
0.0
0.0
0.0
0.0
0.0
0.0
0.0
0.0
0.003346820693391858
0.0
0.0
0.0
0.0
0.0
0.0
0.0
0.0
0.0
0.0
0.0
0.0
0.0
0.0
0.0
0.0
0.0
0.0
0.017689883572065267
0.0
0.0
0.0
0.0
0.0
0.0
0.0
0.0
0.0
0.0
0.0
0.009681646959380596
0.005656526860042543
0.0
0.0
0.010651786787770354
0.0
0.0
0.0
0.0
0.0
0.0
0.0
0.0
0.0
0.0
0.0
0.0
0.0
0.0021116087553295793
0.0
0.0021116087553295793
0.0
0.0
0.0
0.0
0.0
0.0
0.0
0.0
0.0
0.002964017616367213
0.0
0.0
0.0
0.0
0.0
0.009126221205069044
0.0
0.0036524830471892475
0.0
0.0
0.003167413132994369
0.0
0.0
0.0
0.0
0.0
0.0
0.0
0.0
0.0
0.0
0.0
0.0
0.0
0.0
0.0
0.003507306224869732
0.0
0.0
0.0
0.0
0.0
0.0
0.0
0.0
0.0
0.0
0.0
0.0024515018472049425
0.0
0.0
0.0
0.0
0.0
0.0
0.0
0.0
0.0
0.0
0.0
0.0
0.0
0.0
0.0024515018472049425
0.0
0.0
0.0
0.0
0.0
0.0
0.040822606254553785
0.0
0.0
0.0
0.0
0.03518735535437573
0.0
0.0
0.024415939577576762
0.0
0.0
0.015060693120263362
0.0
0.0
0.005928035232734426
0.0
0.0
0.0
0.0
0.0
0.0
0.0
0.0
0.0
0.0
0.0
0.0
0.0
0.001673410346695929
0.0
0.002964017616367213
0.0
0.0
0.0
0.0
0.0
0.0
0.0
0.0
0.0
0.0
0.0
0.0
0.0
0.0
0.0
0.0
0.0
0.0
0.0
0.0
0.0
0.0
0.0
0.0
0.0
0.0
0.0
0.0
0.0
0.004223217510659159
0.0
0.0
0.0
0.0
0.0
0.0
0.0
0.0
0.0
0.0
0.0
0.0
0.0
0.0
0.0
0.0
0.0
0.0
0.0
0.0
0.0
0.0
0.0
0.0
0.0
0.0
0.0
0.0
0.0
0.0
0.0
0.0
0.0
0.0
0.0
0.0
0.0
0.0
0.0
0.0
0.0
0.0
0.0
0.0
0.0
0.0
0.0
0.0
0.0
0.004708287424854038
0.0010558043776647897
0.0
0.0
0.0
0.015691986456951638
0.0
0.010258155202536085
0.0
0.0
0.005618914980199312
0.005020231040087788
0.0
0.0
0.0
0.0
0.0
0.0
0.0
0.0
0.0
0.0
0.0
0.0
0.0
0.011458148164765265
0.0
0.0
0.0
0.0
0.004962744831362815
0.0
0.0
0.0
0.0
0.0
0.0
0.0
0.0
0.003346820693391858
0.0
0.0
0.0
0.001673410346695929
0.003346820693391858
0.0
0.004840823479690298
0.0
0.0
0.0
0.0
0.0
0.0
0.0
0.0
0.0
0.0
0.0
0.0
0.0
0.0
0.0
0.0
0.0
0.0
0.0
0.0
0.0
0.0
0.0
0.0
0.0
0.0
0.004484980464696442
0.0
0.0
0.0
0.0
0.0
0.0
0.0
0.0
0.0
0.0
0.0
0.0
0.0
0.0
0.001673410346695929
0.0
0.0
0.0
0.0024515018472049425
0.0
0.0
0.0
0.004708287424854038
0.0
0.004563110602534522
0.0
0.0
0.0
0.0
0.0024515018472049425
0.0
0.0
0.0024515018472049425
0.0
0.0
0.0
0.0
0.0
0.0
0.0
0.07824113971735888
0.0
0.0
0.0
0.0
0.0
0.0
0.010040462080175576
0.003785019102025509
0.004484980464696442
0.0
0.0
0.0
0.0
0.0
0.0
0.0
0.0
0.0
0.0
0.0
0.0
0.0
0.0
0.0
0.0
0.0
0.0
0.0
0.0
0.0
0.0
0.0
0.0
0.0
0.0
0.0
0.0
0.0021116087553295793
0.0
0.0
0.0
0.0
0.0
0.0
0.0
0.0
0.0
0.0
0.0
0.0
0.0
0.0
0.0
0.0
0.005180716571565661
0.0
0.0
0.0
0.0
0.0
0.05896627857355088
0.0
0.0
0.003906940453698026
0.0
0.0
0.0
0.0
0.0
0.0
0.0
0.0
0.0
0.0
0.0
0.0
0.0
0.0
0.007570038204051018
0.0
0.0
0.0
0.0
0.0
0.0
0.009681646959380596
0.0
0.0
0.0010558043776647897
0.004402625071056648
0.0
0.0
0.0
0.0
0.0
0.0
0.0
0.0
0.0
0.0
0.0
0.0
0.0
0.0
0.0
0.0
0.0
0.0
0.0
0.0
0.0
0.0
0.0
0.0
0.004223217510659159
0.0
0.0
0.10423432273914691
0.0
0.0
0.0
0.0
0.0
0.0
0.0
0.0
0.0
0.009681646959380596
0.0
0.0
0.0
0.0
0.0
0.0
0.0
0.0
0.0
0.0
0.0
0.005656526860042543
0.0
0.0
0.0
0.0010558043776647897
0.0
0.0
0.0
0.0
0.009416574849708075
0.011856070465468853
0.0
0.0
0.0
0.0
0.0
0.0
0.0
0.0
0.0
0.0
0.0
0.0
0.002729214724360719
0.0
0.0
0.0
0.012095126981687037
0.0
0.0010558043776647897
0.0
0.0
0.0
0.002964017616367213
0.0
0.01583706566497185
0.004775996515842894
0.013689331807603565
0.0
0.0
0.0
0.0
0.003785019102025509
0.0
0.0010558043776647897
0.0
0.0
0.0
0.0
0.0
0.005580350800393955
0.0
0.0
0.0
0.07861832538096573
0.0
0.0
0.0
0.0
0.0
0.0
0.0
0.027901754001969776
0.0
0.0
0.0
0.0
0.0
0.0
0.021303573575540708
0.0
0.0
0.0
0.0
0.0
0.05493586404954772
0.0
0.0
0.0
0.0
0.0
0.0
0.0
0.0
0.0
0.0
0.0
0.0
0.0
0.0
0.0
0.0
0.0
0.003167413132994369
0.0
0.0
0.0
0.001673410346695929
0.0
0.0
0.0
0.0
0.0
0.0
0.0
0.06683638959527836
0.0
0.005458429448721438
0.0
0.0
0.0
0.0
0.0
0.0
0.0
0.0
0.0
0.0
0.0
0.0
0.0
0.0
0.0
0.0
0.0
0.0
0.0
0.0
0.0
0.0
0.0
0.0
0.0
0.0
0.0
0.0
0.0
0.0
0.0
0.0
0.0
0.0
0.0
0.0
0.0
0.0
0.0
0.0
0.0
0.0
0.0
0.0
0.0
0.0
0.0
0.0
0.0
0.0
0.0
0.0
0.0
0.0
0.0
0.0
0.0024515018472049425
0.0
0.0
0.0
0.0
0.0
0.0
0.0
0.0
0.0
0.0
0.0
0.0
0.0
0.0
0.0
0.01432798954752868
0.0
0.0021116087553295793
0.0010558043776647897
0.0
0.0
0.0
0.0
0.0
0.0
0.005279021888323949
0.0
0.0
0.0
0.0
0.0
0.0
0.0
0.0
0.0
0.0
0.0
0.0
0.0
0.0
0.002729214724360719
0.0
0.0
0.0
0.0
0.0
0.0
0.0
0.003346820693391858
0.0
0.0
0.0
0.0
0.0
0.0
0.021116087553295797
0.0
0.0
0.0
0.0
0.0
0.0
0.0
0.0
0.0
0.0
0.0
0.0
0.0
0.0
0.0
0.0
0.0
0.0
0.0
0.0
0.004019821994032002
0.0
0.0
0.0
0.0
0.0
0.0
0.0
0.003906940453698026
0.0
0.0010558043776647897
0.0
0.0
0.0
0.0
0.048148393672220846
0.0
0.0
0.0
0.0
0.0
0.0
0.0
0.0
0.0
0.0
0.0
0.0
0.0
0.0
0.0
0.004903003694409885
0.0
0.0
0.0
0.0
0.0
0.0
0.0
0.2949089112423527
0.012059465982096007
0.0
0.0
0.0
0.0
0.0
0.009416574849708075
0.0
0.0
0.005458429448721438
0.0
0.0
0.001673410346695929
0.0
0.0
0.0
0.0
0.0
0.0
0.0
0.0
0.0
0.0
0.0
0.0
0.0
0.0
0.0
0.003507306224869732
0.0
0.0
0.0
0.0
0.0
0.004637427963063143
0.0
0.0
0.0
0.003507306224869732
0.005928035232734426
0.0
0.0
0.0
0.0
0.0
0.0
0.0
0.0
0.0
0.0
0.0
0.0
0.0
0.0
0.0
0.0
0.0
0.011528183605037655
0.0
0.0
0.0
0.0
0.0
0.0
0.0
0.0
0.0
0.0
0.0
0.0
0.0
0.0
0.0
0.02387998257921447
0.0
0.0
0.0
0.0
0.0
0.003785019102025509
0.0
0.0
0.0
0.0
0.0
0.20233721472893224
0.0
0.0
0.003906940453698026
0.003906940453698026
0.0
0.0
0.0
0.0
0.0
0.0
0.0
0.018055647627082817
0.0
0.0
0.0
0.0
0.0
0.0
0.0
0.0
0.0
0.0
0.0
0.005458429448721438
0.0024515018472049425
0.0
0.0
0.0
0.011000327337343236
0.0
0.0
0.0
0.0
0.0
0.0
0.0
0.0
0.014709011083229655
0.0
0.0
0.03415939404436759
0.0
0.0
0.0
0.0
0.0
0.0
0.0
0.0
0.0
0.0
0.0
0.0
0.0
0.0
0.0
0.0
0.008039643988064005
0.0
0.003167413132994369
0.0
0.0
0.0
0.0
0.0
0.0
0.0
0.0
0.0
0.0
0.0
0.0
0.0
0.0
0.0
0.0
0.0
0.0
0.0
0.0
0.0
0.0
0.0
0.0
0.0053713655389990575
0.011386464681455865
0.0
0.0
0.0
0.0
0.0
0.0
0.0
0.010742731077998115
0.0
0.0
0.0
0.0
0.0
0.0
0.006334826265988738
0.0
0.0
0.0
0.0
0.0
0.0
0.0
0.0
0.0
0.0
0.0
0.0
0.0
0.0
0.0
0.0
0.0
0.0
0.0
0.0
0.0
0.0
0.0
0.0
0.0
0.0
0.0
0.0
0.004708287424854038
0.0
0.0
0.0
0.0
0.0
0.0
0.0
0.0
0.016246558390716467
0.0
0.0
0.0
0.0
0.0
0.0
0.0
0.004124912193900872
0.004315561161334268
0.0
0.0
0.0
0.0
0.0
0.0
0.0
0.0
0.0
0.0
0.003507306224869732
0.0
0.0
0.0
0.0
0.0
0.0
0.0
0.0
0.0
0.003346820693391858
0.0021116087553295793
0.0
0.0
0.0
0.0
0.0
0.0
0.0
0.029159004467538416
0.0
0.0
0.0
0.0
0.0
0.0
0.004019821994032002
0.0
0.0
0.0
0.0
0.0
0.0
0.0
0.0
0.0
0.0
0.0
0.0476704645765974
0.0
0.0
0.0
0.0
0.0
0.0
0.0
0.0
0.0
0.0021116087553295793
0.0
0.0
0.0
0.0
0.0
0.0
0.0
0.0
0.0
0.0
0.0
0.003346820693391858
0.0
0.0
0.0
0.0
0.0
0.0
0.0
0.0
0.0
0.014522470439070895
0.0
0.01985097932545126
0.0
0.0
0.0
0.0
0.0
0.0
0.03626501600095963
0.006693641386783716
0.0
0.005458429448721438
0.0
0.0
0.0
0.0
0.0
0.002964017616367213
0.0
0.004840823479690298
0.0
0.1778114917314859
0.0
0.0
0.0
0.003785019102025509
0.0
0.0
0.0
0.0
0.0
0.0
0.0
0.0
0.0
0.0
0.0
0.0
0.0
0.0
0.0
0.0
0.0
0.0
0.0
0.0
0.0
0.0
0.0
0.0
0.0
0.10181251563651335
0.0
0.0
0.0
0.0
0.0
0.004019821994032002
0.0
0.0
0.0
0.0
0.0
0.0
0.0
0.0
0.0
0.0
0.0
0.0
0.0
0.0
0.005928035232734426
0.003346820693391858
0.005458429448721438
0.0
0.0
0.0
0.0
0.0
0.0
0.0
0.0
0.04272789426075933
0.005618914980199312
0.0
0.0
0.0
0.0
0.0
0.0
0.0
0.0
0.0
0.017394967621790405
0.002729214724360719
0.0
0.0
0.0
0.0
0.0
0.0
0.0
0.0
0.0
0.008805250142113296
0.0
0.0
0.004484980464696442
0.003507306224869732
0.004962744831362815
0.0
0.0
0.0
0.0
0.0
0.0
0.0
0.0
0.0
0.0
0.0
0.05656526860042543
0.0
0.0
0.0
0.0
0.0
0.0
0.0
0.0
0.0
0.0
0.0
0.0
0.0
0.0
0.0
0.007014612449739464
0.0
0.0
0.0
0.0
0.0
0.0
0.0
0.0
0.0
0.0
0.0
0.0
0.0
0.0
0.0
0.00992548966272563
0.0
0.0
0.011856070465468853
0.0
0.0
0.0024515018472049425
0.0
0.001673410346695929
0.0
0.0
0.0
0.0
0.0
0.0
0.0
0.0
0.0
0.0
0.0
0.0
0.0
0.0
0.011729118451458574
0.0
0.0
0.0
0.0
0.0
0.0
0.0
0.0
0.0
0.0
0.0
0.009551993031685788
0.004484980464696442
0.0
0.004708287424854038
0.0
0.0
0.0
0.0
0.0
0.0
0.008805250142113296
0.0
0.0
0.004223217510659159
0.004402625071056648
0.0
0.0
0.0
0.0
0.016500491006014854
0.0
0.0
0.0
0.0
0.0
0.0
0.0
0.0
0.0
0.0
0.0
0.0
0.0
0.0
0.0
0.0
0.0
0.017689883572065267
0.006693641386783716
0.0
0.004775996515842894
0.0
0.0
0.0
0.0010558043776647897
0.0
0.0
0.0021116087553295793
0.0
0.0
0.0
0.0
0.0
0.0
0.02387998257921447
0.0
0.0
0.010742731077998115
0.009126221205069044
0.023712140930937705
0.0
0.0
0.0
0.004962744831362815
0.0
0.0
0.0
0.02430414167101031
0.0
0.0
0.0
0.0
0.0
0.0
0.0
0.0
0.0
0.0
0.002964017616367213
0.004019821994032002
0.0
0.0
0.0
0.0
0.0
0.0
0.0
0.0
0.0
0.0
0.0
0.0
0.0
0.0
0.0
0.0
0.003167413132994369
0.0
0.0
0.0
0.004402625071056648
0.0
0.0
0.0
0.0
0.0
0.0
0.0
0.0
0.0
0.005415519463572156
0.0
0.0
0.011663601787015367
0.0
0.0
0.0
0.0
0.0
0.0
0.0
0.0
0.005129077601268042
0.0
0.0
0.0
0.0
0.02232140320157582
0.0
0.0
0.0
0.0
0.01583706566497185
0.0
0.0
0.0
0.0
0.0
0.0
0.004840823479690298
0.0
0.0
0.0
0.0
0.0
0.0
0.0
0.0
0.0
0.0
0.0
0.0
0.0
0.0
0.0
0.0
0.0
0.0
0.0
0.02305636721007531
0.0
0.0
0.0
0.0
0.0
0.0
0.0
0.0
0.0
0.0
0.0
0.0
0.0
0.0
0.0
0.0053713655389990575
0.0
0.042532247924268046
0.02092264860926885
0.0
0.0
0.0
0.0
0.0
0.0
0.0
0.0
0.0
0.0
0.0
0.0
0.0
0.0
0.0
0.0
0.0
0.0
0.0
0.0
0.0
0.0
0.010461324304634425
0.03593382904818118
0.0010558043776647897
0.0
0.0
0.0
0.0
0.0
0.0
0.0
0.0
0.0
0.0
0.0
0.0
0.0
0.0
0.0
0.0
0.0
0.0010558043776647897
0.0
0.0
0.002729214724360719
0.016741052401181865
0.0
0.0
0.0
0.0
0.0
0.0
0.0
0.0
0.0
0.0
0.0
0.0
0.0
0.012059465982096007
0.003167413132994369
0.0
0.0
0.0
0.0
0.041051914580105014
0.0
0.005798322540596801
0.0
0.0
0.0
0.0
0.0
0.0
0.0
0.0
0.0
0.0
0.0
0.0
0.0
0.0
0.0
0.0
0.0
0.0
0.0
0.0
0.0
0.0
0.0
0.0
0.0
0.006693641386783716
0.0
0.0
0.0
0.0
0.0
0.0
0.0
0.0
0.0
0.0
0.0
0.012059465982096007
0.0
0.0
0.0
0.0
0.0
0.0
0.0
0.0
0.0
0.0
0.004840823479690298
0.0
0.0
0.0
0.0
0.0
0.0
0.03300098201202971
0.0
0.0
0.0
0.0
0.0
0.0
0.0
0.0
0.0
0.011237829960398625
0.0
0.0
0.0
0.0
0.06587868658833217
0.0
0.0
0.0
0.0
0.0
0.0
0.0
0.0
0.0
0.0
0.0
0.0
0.0
0.0
0.0
0.0
0.0
0.0
0.0
0.0
0.0
0.0
0.0
0.0
0.0
0.0
0.0
0.0
0.0
0.004019821994032002
0.0
0.0
0.0
0.0
0.0
0.0
0.0
0.0
0.0
0.0
0.0
0.0
0.0
0.0
0.0
0.0
0.0
0.0
0.0
0.0
0.02846616170363966
0.0
0.0
0.003346820693391858
0.0
0.0
0.0
0.0
0.0
0.0
0.0
0.0
0.0
0.04860828334202062
0.0
0.0036524830471892475
0.0
0.0
0.0
0.04058825778417761
0.0
0.0
0.004019821994032002
0.0
0.0
0.0
0.0
0.0
0.0
0.0
0.003906940453698026
0.0
0.004637427963063143
0.0
0.004223217510659159
0.0
0.003167413132994369
0.0
0.005580350800393955
0.0
0.0
0.0
0.0
0.0
0.0
0.0
0.0
0.0
0.0
0.0
0.0
0.0
0.008892052849101639
0.0
0.048831879155153524
0.0
0.0
0.0
0.0
0.010742731077998115
0.0
0.0
0.0
0.0
0.0
0.0
0.0
0.0
0.0
0.006018549209027606
0.016741052401181865
0.0
0.0
0.0
0.0
0.0
0.0
0.0
0.0
0.0
0.0
0.0
0.0
0.0
0.0
0.0
0.0053713655389990575
0.0
0.0
0.0
0.0
0.0
0.029159004467538416
0.0
0.0
0.0
0.0
0.0
0.0
0.0
0.0
0.0
0.002729214724360719
0.0
0.0
0.0
0.0
0.0
0.0010558043776647897
0.0
0.0
0.0
0.0
0.0
0.0
0.017689883572065267
0.0
0.048148393672220846
0.0
0.0
0.0
0.0
0.0
0.0
0.0
0.0
0.0
0.0
0.0
0.0
0.0
0.0
0.0
0.0
0.0
0.0
0.0
0.003507306224869732
0.0
0.0
0.0
0.0
0.0
0.0
0.0
0.0
0.0
0.0
0.0
0.0
0.0
0.0
0.0
0.07357716899233899
0.0
0.005540784842361232
0.0
0.0
0.0
0.016969580580127628
0.0
0.023955886032120788
0.0
0.0
0.0
0.004223217510659159
0.00992548966272563
0.0
0.0
0.0
0.0
0.0
0.0
0.0021116087553295793
0.0
0.011386464681455865
0.005500163668671618
0.0
0.0
0.0
0.0
0.0
0.0
0.0
0.0
0.0
0.0
0.0
0.0
0.0
0.0
0.0
0.0
0.0
0.0
0.0
0.0
0.0
0.0
0.0
0.0
0.015060693120263362
0.0
0.0
0.0
0.0
0.0
0.0
0.0
0.0
0.022163139369444928
0.0
0.0
0.0
0.0
0.0
0.0021116087553295793
0.0
0.004019821994032002
0.0
0.0
0.0
0.0
0.0
0.0
0.0
0.005180716571565661
0.0
0.0
0.0
0.0
0.0
0.0
0.0
0.07357716899233899
0.0
0.0
0.024190253963374073
0.0
0.0
0.021833717794885753
0.0024515018472049425
0.0
0.0
0.0
0.0
0.0
0.0
0.0
0.0
0.0
0.005020231040087788
0.0
0.0
0.0
0.0
0.0
0.0
0.0
0.0
0.0
0.0
0.0073545055416148275
0.0
0.0
0.0
0.07257076189012222
0.0
0.0
0.0
0.0
0.0
0.005325893393885177
0.0
0.0
0.0
0.0
0.003785019102025509
0.0
0.0
0.0
0.047911772064241576
0.004563110602534522
0.0
0.0
0.0
0.0
0.3188343989668023
0.0
0.0
0.0
0.0
0.04860828334202062
0.0
0.0
0.0
0.0
0.0
0.0
0.0
0.0
0.0
0.0
0.0
0.0
0.0
0.0
0.0
0.0
0.003906940453698026
0.0
0.0
0.0
0.0
0.0036524830471892475
0.035568211396406556
0.0
0.0
0.0
0.0
0.0
0.0
0.0
0.0
0.0
0.0
0.0
0.0
0.0
0.0
0.0
0.014124862274562113
0.0
0.0
0.0
0.0
0.0
0.0
0.0
0.0
0.0
0.0
0.0
0.01583706566497185
0.0
0.0
0.0
0.0
0.0
0.0
0.011355057306076527
0.0
0.0
0.0
0.0
0.0
0.0
0.004124912193900872
0.0
0.0
0.0
0.0
0.0
0.0
0.0
0.0
0.0
0.0
0.0021116087553295793
0.0
0.0
0.0
0.0
0.0
0.0
0.0
0.0
0.0
0.0
0.0
0.0
0.009551993031685788
0.0
0.0
0.0
0.005729074082382633
0.0
0.0
0.0
0.0
0.0
0.0
0.0
0.012946683484002804
0.004708287424854038
0.003507306224869732
0.0
0.0
0.0
0.0
0.0
0.0
0.0
0.0
0.0
0.0
0.0
0.0
0.0
0.0
0.0
0.0
0.0
0.0
0.0
0.0
0.0
0.0
0.0
0.0
0.0
0.010651786787770354
0.0
0.005075626371696793
0.0
0.0
0.009416574849708075
0.007014612449739464
0.0
0.0
0.0
0.0
0.0
0.0
0.0
0.0
0.0
0.0
0.0
0.0
0.0
0.11036575348850848
0.0
0.0
0.0
0.0
0.0010558043776647897
0.0
0.0
0.0024515018472049425
0.0
0.007813880907396051
0.0
0.0
0.0
0.0
0.0
0.0
0.0
0.0
0.0
0.0
0.0
0.0
0.010258155202536085
0.007813880907396051
0.0
0.0
0.0
0.0
0.0
0.0
0.0
0.0
0.0
0.0
0.0
0.0
0.0
0.0
0.0
0.0
0.0
0.0
0.0
0.0
0.005075626371696793
0.0010558043776647897
0.0
0.0
0.0
0.0
0.0
0.0
0.0
0.0
0.0
0.0
0.0
0.0
0.0
0.0
0.0
0.0
0.0
0.0
0.0
0.015542149714696984
0.0
0.0
0.0
0.0
0.0
0.005896627857355088
0.0
0.0
0.0
0.0
0.0
0.0
0.0024515018472049425
0.0
0.0
0.0
0.0
0.0
0.0
0.0
0.0
0.0
0.0
0.0
0.0
0.002729214724360719
0.0
0.0
0.0
0.0
0.0
0.0
0.0
0.002964017616367213
0.0
0.0
0.0
0.001673410346695929
0.0
0.0
0.0
0.0
0.009681646959380596
0.0
0.0
0.06916910163022594
0.0
0.005656526860042543
0.0
0.021833717794885753
0.004019821994032002
0.0
0.0
0.0
0.0
0.0
0.013207875213169944
0.0
0.0
0.0
0.0
0.0
0.0
0.0
0.0
0.0
0.0
0.0
0.004223217510659159
0.004124912193900872
0.0
0.0
0.0
0.0010558043776647897
0.0
0.0
0.0
0.0
0.0
0.0
0.0
0.0
0.0
0.02750081834335809
0.0
0.0
0.0
0.0
0.0
0.0
0.0
0.0
0.0
0.0
0.0
0.0
0.0
0.0
0.0
0.0
0.0
0.0
0.0
0.0
0.0
0.0
0.0
0.0
0.0
0.0
0.0
0.0
0.0
0.0
0.0
0.0
0.0
0.0
0.0
0.0
0.0
0.0
0.0
0.0
0.0
0.0
0.0
0.0
0.0
0.0
0.0
0.0
0.015627761814792102
0.06620404129930367
0.0
0.0
0.0
0.0
0.0
0.0
0.0
0.0
0.0
0.0
0.0
0.0
0.0
0.0
0.0
0.0
0.0
0.0
0.0
0.0
0.0
0.0
0.0
0.0
0.0
0.0
0.0
0.0
0.0
0.0
0.0
0.0
0.0
0.0
0.0036524830471892475
0.0
0.005129077601268042
0.0
0.0
0.005458429448721438
0.010258155202536085
0.0
0.0
0.0
0.0
0.0
0.0
0.0
0.003906940453698026
0.004402625071056648
0.0
0.0
0.009274855926126285
0.003906940453698026
0.0
0.0
0.0
0.0
0.0
0.0
0.002964017616367213
0.0
0.0
0.0
0.0
0.0
0.0
0.0
0.0
0.0
0.0
0.0
0.004315561161334268
0.0
0.0
0.0
0.0
0.0
0.0
0.0
0.0
0.0
0.0
0.0
0.0
0.0
0.0
0.003167413132994369
0.0
0.0
0.0
0.0
0.0
0.0
0.0
0.0
0.0
0.0
0.0
0.0
0.0
0.0
0.004708287424854038
0.0
0.0
0.0
0.0
0.003507306224869732
0.0
0.0
0.0
0.0
0.0
0.0
0.0
0.0
0.0
0.0
0.0
0.0
0.0
0.0
0.0
0.003346820693391858
0.0
0.0
0.005580350800393955
0.0
0.0
0.0
0.0
0.0
0.0
0.0
0.0
0.0
0.0
0.0
0.0
0.0010558043776647897
0.0
0.0
0.0010558043776647897
0.0
0.0
0.0
0.0
0.0
0.003346820693391858
0.0
0.0
0.0
0.0021116087553295793
0.0
0.03628538094506111
0.0
0.008039643988064005
0.0
0.0
0.0010558043776647897
0.0
0.0
0.0
0.0
0.0
0.0
0.0
0.0
0.0
0.0
0.0036524830471892475
0.0
0.0
0.0
0.0
0.0
0.0
0.003507306224869732
0.0
0.0
0.0
0.004223217510659159
0.0
0.0
0.0
0.0
0.038785493896528626
0.0
0.0
0.0
0.0
0.0
0.0
0.0
0.001673410346695929
0.004315561161334268
0.002964017616367213
0.0
0.0
0.0
0.0
0.0
0.0
0.0
0.0
0.0
0.0024515018472049425
0.0
0.0
0.0
0.0
0.0
0.0
0.0
0.0
0.0
0.0
0.0
0.0
0.0
0.0
0.0
0.0
0.0
0.002729214724360719
0.0
0.0
0.0
0.005693232340727932
0.0
0.0
0.0
0.0
0.0
0.0
0.0
0.0
0.005325893393885177
0.0
0.0021116087553295793
0.0
0.0
0.0
0.0
0.0
0.0
0.0
0.0
0.0
0.0
0.0
0.011313053720085085
0.0
0.0024515018472049425
0.0
0.0
0.0
0.0
0.004315561161334268
0.0
0.004402625071056648
0.0
0.0
0.0
0.0
0.0
0.0
0.0
0.0
0.0
0.0
0.0
0.0
0.0
0.0
0.0
0.009126221205069044
0.0
0.0
0.0
0.0
0.0
0.0
0.0
0.0
0.0
0.0
0.0
0.0
0.0
0.0
0.0
0.0
0.0
0.003785019102025509
0.0
0.0
0.0
0.0
0.0
0.016114096616997173
0.0
0.0
0.02092264860926885
0.0
0.003785019102025509
0.003785019102025509
0.0
0.0
0.0
0.0
0.0
0.0
0.025893366968005607
0.0
0.0
0.0
0.0
0.0
0.0
0.0
0.0
0.0
0.01116070160078791
0.0
0.0
0.0
0.0
0.0
0.0
0.0
0.0
0.0
0.0
0.0
0.0
0.0
0.0
0.0021116087553295793
0.0
0.0
0.0
0.0
0.0
0.0
0.0
0.0
0.0
0.0
0.0
0.0
0.0
0.0
0.0
0.0
0.0
0.0
0.0
0.0
0.0021116087553295793
0.0
0.0
0.0
0.0
0.006076035417752578
0.0
0.0
0.0
0.0
0.0
0.0
0.0
0.0
0.0
0.0
0.0
0.0
0.0
0.0
0.0
0.0
0.0
0.0
0.0
0.0
0.0
0.0
0.0
0.0
0.0
0.0
0.0
0.0
0.0
0.0
0.0
0.0
0.0
0.0
0.0
0.0
0.010831038927144312
0.0
0.0
0.0
0.0
0.0
0.0
0.0
0.0
0.0
0.0
0.0
0.0
0.0
0.0
0.0
0.0
0.0010558043776647897
0.0
0.0
0.004637427963063143
0.0
0.0021116087553295793
0.0
0.0
0.0
0.0
0.0
0.0
0.0
0.0
0.0
0.0
0.0
0.0
0.0
0.0
0.0
0.0
0.0
0.0
0.0
0.0
0.0
0.0
0.0
0.0
0.0
0.0
0.0
0.0
0.0
0.0
0.0
0.001673410346695929
0.0
0.0
0.0
0.0
0.0
0.004124912193900872
0.0
0.0
0.0
0.0
0.0
0.004563110602534522
0.0
0.0
0.0
0.0
0.0
0.0
0.0
0.0
0.0
0.0
0.0
0.0
0.0
0.0
0.0
0.004903003694409885
0.0
0.0
0.0
0.001673410346695929
0.0
0.0
0.0
0.0
0.0
0.0
0.0
0.0
0.0
0.0
0.0
0.0
0.0
0.0
0.0
0.0
0.0
0.0024515018472049425
0.0
0.0
0.0
0.0
0.02092264860926885
0.0
0.0
0.0
0.0
0.0
0.0
0.0
0.0
0.0
0.0
0.035903543208876294
0.0
0.005896627857355088
0.0
0.0
0.0
0.0
0.0
0.0
0.0
0.0
0.0
0.0
0.0
0.003906940453698026
0.0
0.0
0.0
0.014124862274562113
0.0
0.0
0.0
0.0010558043776647897
0.0
0.0
0.0
0.0
0.0
0.0
0.0
0.0
0.0
0.0
0.0
0.0
0.0
0.0
0.0
0.0
0.0
0.0
0.0
0.0
0.0
0.0
0.0
0.0
0.0
0.0
0.0
0.0
0.0
0.0
0.0
0.0
0.002729214724360719
0.0
0.024813724156814078
0.001673410346695929
0.0
0.0
0.0
0.02092264860926885
0.0
0.0
0.004223217510659159
0.0
0.0
0.004563110602534522
0.0
0.0
0.0
0.25138866072382493
0.0
0.0
0.0
0.0
0.002729214724360719
0.0
0.0
0.0
0.0
0.001673410346695929
0.0
0.005896627857355088
0.0
0.0
0.0
0.005279021888323949
0.0
0.011000327337343236
0.0
0.0
0.0
0.0
0.0
0.0
0.0
0.011237829960398625
0.0
0.0
0.010521918674609197
0.0
0.0
0.005458429448721438
0.0
0.0
0.0
0.0
0.0
0.0
0.0036524830471892475
0.0
0.0
0.0
0.0
0.0
0.0
0.005864559225729287
0.009551993031685788
0.0
0.0
0.0
0.0
0.0
0.0
0.0
0.0
0.0
0.0
0.0
0.0
0.0
0.0
0.0
0.005864559225729287
0.0
0.0
0.0
0.0
0.0
0.0
0.0
0.0
0.0
0.0
0.0
0.0
0.0010558043776647897
0.0
0.0
0.0
0.0
0.0036524830471892475
0.0
0.0
0.0
0.0
0.0
0.0
0.0
0.0
0.0
0.02030250548678717
0.0
0.02846616170363966
0.0
0.0
0.0
0.0
0.0
0.0
0.0
0.04058825778417761
0.00992548966272563
0.0
0.0024515018472049425
0.004563110602534522
0.0
0.0
0.0
0.0
0.0
0.011000327337343236
0.0
0.0
0.0
0.0
0.0021116087553295793
0.0
0.0
0.003507306224869732
0.0
0.0
0.0
0.0
0.0
0.005180716571565661
0.0
0.0
0.0
0.004402625071056648
0.0
0.0
0.003906940453698026
0.0
0.0
0.0
0.0
0.0
0.0
0.0
0.0
0.0010558043776647897
0.0
0.0
0.0
0.0
0.0
0.004962744831362815
0.0
0.013912283889189428
0.010558043776647898
0.0024515018472049425
0.0
0.004124912193900872
0.0
0.0
0.0
0.0
0.0
0.0
0.0
0.0
0.0
0.0
0.0
0.0
0.0
0.0
0.0
0.0
0.0
0.0
0.0
0.0
0.0
0.0
0.013689331807603565
0.0
0.0021116087553295793
0.0
0.0
0.0
0.0
0.2868872900365269
0.0
0.0
0.0
0.0
0.0
0.0
0.004775996515842894
0.0
0.0
0.0
0.0
0.0
0.0
0.0
0.003167413132994369
0.0
0.0
0.004708287424854038
0.0
0.002964017616367213
0.0
0.0
0.011081569684722464
0.0
0.0
0.0
0.0
0.0
0.0
0.0
0.0
0.0
0.0
0.0
0.0
0.0
0.0
0.0
0.0
0.0
0.008446435021318317
0.0
0.0
0.0
0.0
0.0
0.0
0.0
0.0
0.0
0.0
0.008805250142113296
0.0
0.0
0.0
0.0
0.0
0.0
0.0
0.0
0.0
0.0
0.0
0.0
0.003906940453698026
0.0
0.0
0.011793255714710175
0.0
0.016741052401181865
0.0
0.0
0.0
0.0
0.0
0.0
0.0
0.0
0.0
0.0
0.0
0.0
0.0
0.0
0.0
0.0
0.0
0.0
0.0
0.0
0.0
0.0
0.0
0.0
0.0
0.0
0.0
0.0
0.0
0.0
0.0
0.0
0.0
0.0
0.0
0.0
0.0
0.0
0.0
0.0
0.0
0.0
0.0
0.010558043776647898
0.0
0.0
0.0
0.0
0.0
0.0
0.0
0.0
0.0
0.0
0.0
0.0
0.0
0.0
0.0
0.0671438338383361
0.0
0.0010558043776647897
0.0
0.0
0.0
0.0
0.0
0.0
0.0
0.0010558043776647897
0.007014612449739464
0.0
0.0
0.0
0.0
0.0
0.002729214724360719
0.0
0.0
0.0058318008935076835
0.0
0.0
0.0
0.007014612449739464
0.0
0.004484980464696442
0.0
0.0
0.003346820693391858
0.0
0.0
0.0
0.0
0.0
0.0
0.0
0.0
0.002964017616367213
0.0
0.0
0.0
0.0
0.0
0.0
0.0
0.0
0.0
0.0
0.0
0.0
0.0
0.0
0.0
0.02864537041191316
0.0
0.0
0.0
0.0
0.022815553012672612
0.0
0.0
0.008039643988064005
0.0
0.0
0.004903003694409885
0.0
0.0
0.0
0.0
0.0
0.0
0.0
0.0
0.0
0.0
0.0
0.0
0.0
0.0
0.0
0.0
0.0
0.0
0.0
0.004124912193900872
0.0
0.0
0.0
0.0
0.0
0.0
0.0
0.0
0.0
0.0
0.0
0.0
0.0
0.003507306224869732
0.0
0.0
0.002729214724360719
0.0
0.0
0.0
0.010040462080175575
0.0
0.0
0.0
0.0
0.0
0.0
0.009551993031685788
0.0
0.0
0.0
0.0
0.0
0.0316741313299437
0.026395109441619748
0.0
0.0
0.0
0.0
0.0
0.10987172809909544
0.0
0.003346820693391858
0.0
0.0
0.0
0.0
0.0
0.0
0.0
0.0
0.0
0.0
0.0
0.0
0.0
0.001673410346695929
0.0
0.0
0.0
0.0
0.0
0.0
0.0
0.0
0.0
0.0
0.0
0.0
0.0
0.0
0.0
0.0
0.0
0.006334826265988738
0.0
0.0
0.0
0.0
0.0
0.0
0.0
0.0
0.0
0.0
0.003167413132994369
0.0
0.0
0.0
0.0
0.0
0.010651786787770354
0.0
0.0
0.0
0.0
0.0
0.0
0.0
0.0
0.0
0.0
0.0
0.0
0.0
0.008039643988064005
0.0
0.0
0.0
0.0
0.0
0.0
0.0
0.0
0.0
0.0
0.0
0.0
0.0
0.0
0.0
0.0
0.0
0.0
0.0
0.0
0.0
0.0
0.0
0.0
0.0
0.0
0.0
0.0
0.0
0.0
0.0
0.0
0.0
0.0
0.0
0.002729214724360719
0.0
0.0
0.0
0.0
0.004840823479690298
0.0
0.0
0.0
0.0
0.002964017616367213
0.0
0.0
0.0
0.0
0.0
0.0
0.0
0.0
0.0
0.0
0.0
0.0
0.0
0.0
0.0
0.0
0.0
0.0
0.0
0.0
0.0
0.017784105698203278
0.01432798954752868
0.007570038204051018
0.006693641386783716
0.0
0.0
0.0
0.0
0.0
0.005020231040087788
0.0
0.0
0.0
0.0
0.0
0.0
0.0
0.0
0.0
0.0
0.0
0.0
0.0010558043776647897
0.0
0.0
0.0
0.0
0.0
0.0
0.0
0.0
0.0
0.0
0.0
0.0
0.0
0.0
0.0
0.0
0.0
0.0
0.0
0.0
0.0010558043776647897
0.0
0.0
0.0
0.0
0.0
0.0
0.0
0.010151252743393586
0.004484980464696442
0.028991612702984004
0.0
0.0
0.0
0.07257076189012222
0.0
0.0
0.0
0.0
0.0
0.0
0.0
0.0
0.009681646959380596
0.0
0.006334826265988738
0.0
0.002964017616367213
0.0
0.0
0.0
0.0
0.0010558043776647897
0.0
0.0
0.0
0.0
0.0
0.0
0.0
0.0
0.0
0.0
0.0
0.0
0.005798322540596801
0.0024515018472049425
0.0
0.0
0.0
0.0
0.0
0.0
0.0
0.0
0.0
0.0
0.0
0.0
0.0
0.006334826265988738
0.0
0.0
0.0
0.003346820693391858
0.0
0.0
0.0
0.0
0.0
0.006334826265988738
0.0
0.0
0.0
0.0
0.0
0.0
0.0
0.0
0.0
0.0
0.0
0.0
0.0
0.0
0.0
0.0
0.0
0.0
0.0
0.0
0.0
0.0
0.011237829960398625
0.010558043776647898
0.0
0.0
0.0
0.0
0.0
0.0
0.0
0.0
0.036111295254165635
0.0
0.0
0.0
0.003167413132994369
0.19620578397957064
0.0
0.004315561161334268
0.07324781873273029
0.0
0.02430414167101031
0.001673410346695929
0.004315561161334268
0.04058825778417761
0.029640176163672132
0.0
0.0
0.035752848432448046
0.054428071417591664
0.0
0.017593677677187863
0.010151252743393586
0.0036524830471892475
0.004223217510659159
0.0
0.0
0.0
0.1410229072353164
0.0
0.012095126981687037
0.007304966094378495
0.0036524830471892475
0.016500491006014854
0.0
0.004223217510659159
0.0
0.0
0.0
0.006334826265988738
0.0
0.0
0.0
0.0
0.0
0.0
0.0
0.0
0.0
0.0
0.0010558043776647897
0.0
0.0024515018472049425
0.0
0.0
0.0
0.0
0.0
0.0
0.01831195468318257
0.0
0.0
0.0
0.0
0.0
0.0
0.004019821994032002
0.0
0.0
0.011596645081193601
0.023955886032120788
0.0
0.0
0.0
0.0
0.0
0.0
0.0
0.0
0.0
0.0
0.0
0.0036524830471892475
0.0
0.0
0.0053713655389990575
0.009416574849708075
0.0
0.01432798954752868
0.0
0.0
0.0
0.0
0.0
0.0
0.0
0.0
0.0
0.014522470439070895
0.0
0.009126221205069044
0.0
0.0021116087553295793
0.003906940453698026
0.0
0.0
0.0
0.0
0.0
0.003346820693391858
0.0
0.0
0.002964017616367213
0.0
0.0
0.0
0.0
0.003167413132994369
0.0
0.040822606254553785
0.0
0.0
0.0
0.0
0.0
0.0
0.0
0.0
0.0
0.0
0.0
0.0
0.0
0.0
0.0
0.0
0.011355057306076527
0.0
0.0
0.0
0.0
0.0
0.0
0.0
0.0
0.0
0.0
0.0
0.0
0.0
0.0
0.0
0.0
0.0
0.0
0.0
0.0
0.0
0.0
0.0
0.0
0.001673410346695929
0.0
0.0
0.0
0.0
0.0
0.0
0.0036524830471892475
0.0
0.0
0.005129077601268042
0.0
0.0
0.0
0.0
0.0
0.0
0.0
0.0
0.0
0.0
0.004775996515842894
0.0
0.011729118451458574
0.0
0.0
0.0
0.0
0.0
0.0
0.0
0.0
0.0
0.0
0.0
0.0
0.0
0.0
0.0
0.005180716571565661
0.0
0.004315561161334268
0.0
0.0
0.0
0.0
0.0
0.0
0.0
0.0
0.0
0.0
0.005180716571565661
0.0
0.04272789426075933
0.0
0.0
0.0
0.0
0.0
0.0
0.0
0.0
0.0
0.0
0.0
0.0
0.0
0.0
0.0
0.0
0.0
0.0
0.0
0.0
0.0
0.017784105698203278
0.0
0.0
0.0
0.0
0.0
0.0
0.002964017616367213
0.0
0.0
0.0
0.0
0.0
0.0
0.0
0.0021116087553295793
0.0
0.0
0.0
0.0
0.001673410346695929
0.0
0.0
0.0
0.0
0.0
0.0
0.0
0.0
0.0
0.0
0.0
0.0
0.0
0.0
0.0
0.0
0.0
0.04192280055621138
0.0
0.0
0.0
0.0
0.0
0.0
0.0
0.0
0.0
0.003906940453698026
0.0
0.0
0.0
0.0
0.0
0.0
0.0
0.0
0.0
0.0
0.0
0.0
0.0
0.0
0.0
0.0
0.0
0.0
0.0
0.0
0.0
0.0
0.0
0.0
0.0
0.0
0.0
0.0
0.0
0.0
0.0
0.0
0.004962744831362815
0.0
0.0
0.0
0.0
0.0
0.0
0.003346820693391858
0.0
0.0
0.0
0.0
0.0
0.005230662152317212
0.0
0.0
0.0
0.0
0.0
0.0
0.0
0.0
0.0
0.0
0.0
0.0
0.0
0.0
0.0
0.0
0.0
0.0
0.0
0.004637427963063143
0.0
0.0
0.0
0.0
0.0
0.0
0.0
0.005693232340727932
0.0
0.0
0.0
0.0
0.0
0.0
0.008039643988064005
0.0
0.0
0.0
0.011386464681455865
0.0
0.0
0.0
0.0
0.0
0.0
0.0
0.0
0.0
0.0
0.0
0.013689331807603565
0.0
0.0010558043776647897
0.0
0.0
0.0024515018472049425
0.0
0.0
0.0
0.0
0.0
0.0
0.0
0.0
0.0
0.0
0.0
0.005230662152317212
0.004402625071056648
0.0
0.0
0.0
0.0
0.006334826265988738
0.0
0.0
0.0
0.0024515018472049425
0.0
0.0024515018472049425
0.0
0.0
0.0
0.0
0.0
0.0
0.0
0.0
0.0
0.0
0.0
0.0
0.005693232340727932
0.0
0.015542149714696984
0.0
0.0
0.0
0.0
0.12037098418055212
0.0
0.0
0.024515018472049427
0.002729214724360719
0.0
0.0
0.0
0.0
0.0
0.0
0.0
0.0
0.0
0.0
0.011237829960398625
0.0
0.09721656668404124
0.0
0.0
0.030453758230180757
0.0
0.0
0.0
0.0
0.0
0.0
0.0
0.0021116087553295793
0.0
0.0
0.0
0.0
0.0
0.0
0.0
0.011237829960398625
0.003346820693391858
0.0
0.0
0.0
0.0
0.0
0.0
0.0
0.0
0.0
0.0
0.0
0.0
0.0
0.001673410346695929
0.0
0.0
0.023458236902917148
0.0
0.0
0.0
0.0
0.0
0.0
0.0
0.0
0.004962744831362815
0.0
0.004402625071056648
0.0
0.0
0.0
0.0
0.0
0.0
0.0
0.0
0.0
0.0
0.0
0.0
0.0
0.017394967621790405
0.008039643988064005
0.0
0.0
0.0
0.0
0.07257076189012222
0.0
0.0
0.053629272648672066
0.0
0.011237829960398625
0.0
0.0
0.004484980464696442
0.039595688020297795
0.027077597317860778
0.0
0.0
0.0
0.11036575348850848
0.0
0.0
0.010361433143131323
0.0
0.0
0.004402625071056648
0.027901754001969776
0.0
0.0
0.0
0.0
0.0
0.0
0.0
0.0
0.0
0.0
0.0
0.16554863023276276
0.0
0.0
0.0
0.003167413132994369
0.0
0.0
0.0
0.0
0.0
0.0
0.0
0.0010558043776647897
0.0
0.0
0.0
0.0
0.0
0.09197146124042374
0.0
0.0
0.0
0.0
0.0
0.0
0.0
0.0
0.0
0.0
0.016969580580127628
0.0
0.0
0.0
0.0
0.0
0.0
0.011528183605037655
0.017689883572065267
0.0
0.06831878808873518
0.0
0.011386464681455865
0.03593382904818118
0.0
0.0
0.0
0.0
0.004903003694409885
0.0
0.0
0.0024515018472049425
0.0
0.02846616170363966
0.0
0.0
0.0
0.0
0.0
0.0
0.0
0.0
0.004315561161334268
0.0
0.0
0.003346820693391858
0.0
0.0
0.0
0.0
0.0
0.0
0.0
0.0
0.023955886032120788
0.0
0.0
0.0
0.0
0.0
0.0
0.004484980464696442
0.004315561161334268
0.0
0.010151252743393586
0.05493586404954772
0.0053713655389990575
0.0
0.0
0.0
0.0
0.0
0.0
0.0
0.0
0.0
0.0
0.0
0.0
0.0
