0.0
0.0
0.0
0.0
0.0
0.0
0.0
0.0
0.0
0.0
0.0
0.0
0.0
0.0
0.0
0.0
0.0
0.0
0.0
0.0
0.0
0.0
0.0
0.0
0.0
0.0
0.0
0.0
0.0
0.0
0.0
0.0
0.0
0.0
0.0
0.0
0.0
0.0
0.0
0.0
0.0
0.0
0.0
0.0
0.0
0.0
0.0
0.0
0.0
0.0
0.0
0.0
0.0
0.0
0.0
0.0
0.0
0.0
0.0
0.0
0.0
0.0
0.0
0.0
0.0
0.0
0.0
0.0
0.0
0.0
0.0
0.0
0.0
0.0
0.0
0.0
0.0
0.0
0.0
0.0
0.0
0.0
0.008682086660465072
0.0
0.0
0.016710758682807556
0.0
0.0
0.0
0.0
0.0
0.0
0.0
0.0
0.0
0.0
0.0
0.0
0.0
0.0
0.0
0.0
0.0
0.0
0.0
0.0
0.0
0.0
0.0
0.01569252113020464
0.0
0.0
0.0
0.0
0.0
0.0
0.0
0.0
0.0
0.0
0.0
0.0
0.0
0.0
0.0
0.0
0.0
0.0
0.0
0.0
0.0
0.0
0.0
0.0
0.0
0.0
0.0
0.0
0.0
0.0
0.0
0.0
0.0
0.0
0.0
0.0
0.0
0.0
0.0
0.0
0.0
0.0
0.0
0.0
0.0
0.008577572375357728
0.0
0.0
0.0
0.0
0.0
0.0
0.0
0.0
0.0
0.0
0.0
0.0
0.0
0.0
0.0
0.0
0.0
0.0
0.0
0.0
0.0
0.0
0.0
0.0
0.0
0.0
0.0
0.0
0.0
0.0
0.0
0.0
0.0
0.0
0.0
0.0
0.0
0.0
0.0
0.0
0.0
0.0
0.0
0.0
0.0
0.0
0.0
0.0
0.0
0.0
0.0
0.0
0.0
0.0
0.0
0.001847079673622242
0.0
0.0
0.0
0.0
0.0
0.0
0.0
0.0
0.0
0.0
0.0
0.0
0.0
0.0
0.0
0.00897307795094329
0.0
0.0
0.0
0.0
0.0
0.0
0.0
0.0
0.0
0.0
0.0
0.0
0.0
0.017759135120840878
0.0
0.0
0.0
0.0
0.0
0.0
0.0
0.0
0.0
0.0
0.0
0.0
0.005855104037071051
0.0
0.0
0.0
0.0
0.0
0.0
0.0
0.0
0.0
0.00846879103940225
0.0
0.0
0.0
0.0
0.0
0.0
0.0
0.0
0.0
0.0
0.0
0.0
0.0
0.0
0.0
0.0
0.0
0.0
0.0
0.0
0.0
0.0
0.0
0.0
0.0
0.0
0.0
0.0
0.0
0.0
0.0
0.0
0.0
0.0
0.0
0.0
0.0
0.0
0.0
0.006389845825071043
0.0
0.0
0.0
0.0
0.0
0.0
0.0
0.0
0.0
0.0
0.0
0.0
0.0
0.0
0.0
0.0
0.0
0.0
0.0
0.0
0.0
0.0
0.00923539836811121
0.0
0.0
0.0
0.0
0.0
0.0
0.0
0.0
0.0
0.0
0.0
0.0
0.006389845825071043
0.0
0.0
0.0
0.0
0.0
0.0
0.0
0.0
0.008236925498693285
0.0
0.0
0.0
0.042319701774995035
0.02164901461864317
0.004774631692157767
0.0
0.0
0.0
0.0
0.0
0.0
0.0
0.0
0.0
0.0
0.005855104037071051
0.0
0.0
0.0
0.0
0.0
0.0
0.009396949204381961
0.0
0.0
0.0
0.0
0.0
0.0
0.0
0.004774631692157767
0.0
0.0
0.0
0.0
0.0
0.0
0.0
0.0
0.007032487886798195
0.0
0.0
0.0
0.0
0.0
0.0
0.0
0.0
0.0
0.0
0.0
0.0
0.0
0.0
0.0
0.0
0.0
0.0
0.0
0.0
0.0
0.0
0.0
0.0
0.0
0.0
0.0
0.0
0.0
0.0
0.0
0.0
0.0
0.0
0.0
0.009830025208545591
0.0
0.0
0.0
0.005185408213175954
0.0
0.0
0.0
0.0
0.0
0.0
0.0
0.0
0.0
0.0
0.0
0.0
0.0
0.0
0.0
0.0
0.0
0.0
0.0
0.0
0.0
0.001847079673622242
0.0
0.0
0.0
0.0
0.0
0.0
0.0
0.0
0.0
0.0
0.0
0.0
0.0
0.0
0.0
0.0
0.009396949204381961
0.041698608195919876
0.0
0.003694159347244484
0.0
0.042319701774995035
0.0
0.007702183710693294
0.0
0.0
0.01830159060809981
0.0
0.0
0.0
0.0
0.0
0.0
0.0
0.0
0.0
0.0
0.0
0.0
0.0
0.0
0.0
0.0
0.0
0.0
0.0
0.0
0.0
0.0
0.0
0.0
0.0
0.0
0.0
0.0
0.0
0.0
0.0
0.0
0.0
0.0
0.0
0.0
0.0
0.0
0.0
0.0
0.0
0.0
0.0
0.0
0.0
0.001847079673622242
0.0
0.06407179207649945
0.0
0.0
0.0
0.0
0.0
0.0
0.0
0.01830159060809981
0.0
0.004774631692157767
0.0
0.0
0.0
0.05363323617021341
0.26696580031874767
0.0
0.0
0.0
0.0
0.0
0.0
0.010678632012749907
0.0
0.0
0.0
0.0
0.0
0.0
0.0
0.0
0.0
0.0
0.0
0.0
0.0
0.0
0.004774631692157767
0.0
0.0
0.0
0.0
0.0
0.0
0.0
0.0
0.04057556089899966
0.0
0.0
0.0
0.0
0.0
0.0
0.0
0.0
0.0
0.0
0.0
0.00931739784360657
0.0
0.0
0.0
0.0
0.0
0.0
0.0
0.0
0.009549263384315535
0.0
0.0
0.0
0.0
0.0
0.0
0.0
0.0
0.0
0.0
0.0
0.0
0.0
0.0
0.0
0.0
0.0
0.0
0.0
0.0
0.0
0.0
0.0
0.0
0.0
0.0
0.0
0.0
0.0
0.0
0.0
0.0
0.0
0.0
0.0
0.0
0.0
0.0
0.0
0.0
0.0
0.0
0.0
0.018793898408763922
0.0
0.0
0.0
0.0
0.0
0.0
0.0
0.0
0.0
0.0
0.0
0.0
0.0
0.0
0.0
0.0
0.0
0.0
0.0
0.0
0.0
0.0
0.00897307795094329
0.0
0.0
0.0
0.0
0.0
0.0
0.0
0.0
0.0
0.0
0.0
0.0
0.0
0.0
0.0
0.0
0.003694159347244484
0.0
0.0
0.0
0.0
0.0
0.0
0.0
0.0
0.0
0.0
0.0
0.0
0.0
0.0
0.008236925498693285
0.0
0.0
0.004774631692157767
0.0
0.0
0.0
0.0
0.0
0.0
0.0
0.0
0.0
0.0
0.0
0.0
0.0
0.0
0.0
0.0
0.0
0.0
0.0
0.0
0.0
0.0
0.0
0.0
0.011082478041733452
0.0
0.0
0.0
0.0
0.0
0.0
0.0
0.0
0.009063417879836631
0.0
0.0
0.0
0.0
0.0
0.010477421549295244
0.0
0.0
0.00784626056510232
0.0
0.0
0.0
0.0
0.0
0.0
0.0
0.0
0.0
0.0
0.0
0.0
0.0
0.0
0.007982945534923347
0.0
0.0
0.0
0.0
0.0
0.0
0.0
0.0
0.0
0.0
0.0
0.0
0.0
0.0
0.0
0.0
0.0
0.0
0.0
0.0
0.0
0.0
0.0
0.0
0.0
0.0029275520185355255
0.0
0.0
0.0
0.0
0.0
0.0
0.0
0.0
0.0
0.0
0.0
0.0
0.0
0.0
0.0
0.0
0.0
0.0
0.0
0.0
0.0
0.0
0.0
0.053148678646144094
0.0
0.0
0.0
0.01847079673622242
0.0169375820788045
0.0
0.0
0.0
0.0
0.0
0.0
0.0
0.0
0.019660050417091183
0.0
0.016710758682807556
0.0
0.0
0.0
0.0
0.0
0.0
0.0
0.0
0.0
0.0
0.0
0.0
0.0
0.0
0.0
0.0
0.0
0.0
0.0
0.0
0.0
0.0
0.0
0.0
0.0
0.0
0.0
0.0
0.02634796816681973
0.0
0.0
0.0
0.0
0.07968031924266977
0.0
0.0
0.0
0.0
0.0
0.0
0.0
0.0
0.0
0.0
0.0
0.0
0.019386680477449125
0.0
0.0
0.0
0.0
0.0
0.0
0.0
0.005185408213175954
0.007702183710693294
0.0
0.0
0.0
0.0
0.0
0.0
0.0
0.0
0.0
0.0
0.004288786187678864
0.0
0.0
0.0
0.0
0.0
0.0
0.008355379341403778
0.0
0.0
0.0
0.0
0.0
0.0
0.0
0.0
0.0
0.0
0.0
0.0
0.0
0.0
0.0
0.0
0.0
0.0
0.0
0.0
0.0
0.0
0.0
0.0
0.0
0.0
0.0
0.0
0.0
0.0
0.0
0.0
0.0
0.0
0.0
0.005855104037071051
0.0
0.0
0.0
0.0
0.0
0.0
0.0
0.0
0.0
0.0
0.0
0.0
0.0
0.0
0.0
0.0
0.0
0.0
0.0
0.0
0.0
0.0
0.0
0.0
0.0
0.0
0.0
0.0
0.0
0.0
0.0
0.0
0.0
0.0
0.0
0.0
0.0
0.00846879103940225
0.0
0.0
0.0
0.0
0.0
0.0
0.0
0.0
0.0
0.0
0.0
0.0
0.0
0.0
0.0
0.0
0.0
0.0
0.0
0.0
0.0
0.010259768163262475
0.0
0.0
0.0
0.0
0.0
0.0
0.0
0.0
0.0
0.0
0.0
0.0
0.0
0.0
0.0
0.0
0.0
0.0
0.0
0.0
0.0
0.0
0.0
0.0
0.0
0.0
0.0
0.0
0.0
0.0
0.0
0.0
0.0
0.0
0.001847079673622242
0.0
0.0
0.0
0.0
0.0
0.0
0.0
0.0
0.0
0.0
0.0
0.0
0.010202459015026021
0.0
0.0
0.0
0.0
0.0
0.03217994170212804
0.0
0.0
0.0
0.09653982510638412
0.0
0.0
0.0
0.0
0.0
0.0
0.00897307795094329
0.01830159060809981
0.0
0.007388318694488968
0.0
0.0
0.04009097332841211
0.0
0.0
0.0
0.0
0.0
0.003694159347244484
0.0
0.0
0.007032487886798195
0.0
0.0
0.0
0.0
0.0
0.0
0.0
0.0
0.0
0.0
0.0
0.0
0.0
0.0
0.0
0.007702183710693294
0.0
0.0
0.028190847613145883
0.0
0.0
0.0
0.0
0.0
0.0
0.0
0.0
0.013670013973685658
0.008577572375357728
0.0
0.0
0.0
0.0
0.0
0.0
0.0
0.0
0.0
0.0
0.0
0.0
0.0
0.0
0.0
0.0
0.0
0.0
0.0
0.0
0.0
0.0
0.0
0.0
0.0
0.0
0.0
0.0
0.0
0.0
0.0
0.0
0.0
0.0
0.0
0.0
0.0
0.0
0.0
0.0
0.0
0.009960039905333722
0.0
0.0
0.0
0.0
0.0
0.0
0.0
0.0
0.0
0.0
0.0
0.0
0.0
0.0
0.0
0.007032487886798195
0.0
0.04439783780210219
0.04148326570540763
0.0
0.003694159347244484
0.0
0.0
0.0
0.0
0.005185408213175954
0.0
0.0
0.0
0.0
0.0
0.0
0.0
0.0
0.0
0.0
0.0
0.0
0.0
0.0
0.0
0.0
0.0
0.0
0.0
0.0
0.0
0.0
0.0
0.0
0.0
0.0
0.0
0.0
0.0
0.0
0.01647385099738657
0.0
0.060863341348499495
0.0
0.009693340238724563
0.0
0.0
0.02028778044949983
0.0
0.0
0.00662171136578001
0.0
0.0
0.0
0.0
0.0
0.0
0.0
0.0
0.0
0.0
0.0
0.0
0.0
0.001847079673622242
0.0
0.0
0.0
0.0
0.0
0.0
0.030779304489787426
0.0
0.0
0.005185408213175954
0.0
0.0
0.0
0.0
0.0
0.0
0.0
0.0
0.0
0.0
0.01794615590188658
0.0
0.0
0.0
0.0
0.0
0.0
0.0
0.0
0.0
0.0
0.0
0.0
0.0
0.0
0.0
0.0
0.19043865798747767
0.0
0.0
0.0
0.0
0.0
0.0
0.0
0.0
0.0
0.0
0.0
0.0
0.0
0.0
0.0
0.005541239020866726
0.0
0.0
0.005185408213175954
0.0
0.0
0.0
0.0
0.0
0.0
0.0
0.0
0.0
0.0
0.0
0.0
0.0
0.0
0.0
0.0
0.0
0.0
0.0
0.0
0.0
0.0
0.0
0.0
0.0
0.0
0.0
0.0
0.003694159347244484
0.0
0.0
0.0
0.0
0.0312739561469399
0.0
0.0
0.0
0.0
0.0
0.0
0.0
0.0
0.005855104037071051
0.004288786187678864
0.0
0.0
0.0
0.0
0.0
0.0
0.0
0.0
0.0
0.0
0.0
0.0
0.0
0.0
0.0
0.0
0.0
0.0
0.0
0.0
0.0
0.0
0.0
0.0
0.004774631692157767
0.0
0.0
0.0
0.0
0.0
0.0
0.0
0.0
0.0
0.0
0.0
0.0
0.0
0.0
0.0
0.0
0.0
0.0
0.0
0.0
0.0
0.0
0.0
0.0
0.0
0.0
0.0
0.0
0.0
0.0
0.0
0.0
0.0
0.0
0.0
0.0
0.0
0.0
0.0
0.0
0.0
0.0
0.0
0.0
0.0
0.0
0.0
0.0
0.0
0.0
0.0
0.0
0.0
0.0
0.0
0.0
0.0
0.0
0.0
0.0
0.0
0.0
0.0
0.0
0.0
0.0
0.009693340238724563
0.008682086660465072
0.0
0.0
0.0
0.0
0.0
0.0
0.0
0.0
0.0
0.0
0.0
0.0
0.0
0.0
0.0
0.0
0.0
0.0
0.0
0.0
0.0
0.0
0.0
0.0
0.0
0.0
0.0
0.0
0.0
0.0
0.0
0.0
0.003694159347244484
0.0
0.0
0.0
0.0
0.0
0.0
0.0
0.0
0.0
0.0
0.0
0.0
0.0
0.0
0.0
0.006135865861301105
0.0
0.0
0.008577572375357728
0.0
0.0
0.0
0.0
0.0
0.0
0.0
0.0
0.0
0.0
0.0
0.0
0.0
0.0
0.0
0.0
0.0
0.0
0.0
0.0
0.0
0.0
0.0
0.0
0.0
0.0
0.0
0.0
0.0
0.0
0.0
0.0
0.0
0.0
0.0
0.0
0.0
0.009063417879836631
0.0
0.0
0.010084005172315528
0.0
0.0
0.0
0.0
0.0
0.0
0.0
0.0
0.1388222161657488
0.0
0.0
0.0
0.004288786187678864
0.0
0.0
0.0
0.0
0.0
0.0
0.0
0.0
0.0
0.0
0.0
0.0
0.0
0.0
0.0
0.0
0.01830159060809981
0.0
0.0
0.0
0.0
0.0
0.0
0.0
0.0
0.0
0.0
0.0
0.0
0.0
0.0
0.0
0.0
0.0
0.0
0.0
0.0
0.0
0.0
0.0
0.0
0.0
0.0
0.0
0.0
0.0
0.0
0.0
0.0
0.0
0.0
0.0
0.0
0.0
0.0
0.0
0.0
0.0
0.0
0.003694159347244484
0.0
0.0
0.0
0.0
0.0
0.0
0.0
0.0
0.0
0.0
0.0
0.0
0.0
0.0
0.0
0.0
0.0
0.0
0.0
0.0
0.0
0.0
0.0
0.006389845825071043
0.0
0.0
0.0
0.0
0.0
0.0
0.0
0.0
0.007982945534923347
0.0
0.0
0.0
0.0
0.0
0.0
0.0
0.0
0.0
0.0
0.0
0.0
0.0
0.0
0.041909686197180974
0.0
0.0
0.0
0.0
0.0
0.0
0.0
0.0
0.02051953632652495
0.0
0.0
0.0
0.0
0.0
0.0
0.0
0.0
0.0
0.008355379341403778
0.0
0.0
0.0
0.0
0.0
0.0
0.0
0.0
0.0
0.0
0.001847079673622242
0.0
0.0
0.0
0.0
0.0
0.0
0.0
0.0
0.0
0.0
0.0
0.0
0.0
0.0
0.0
0.0
0.0
0.0
0.0
0.0
0.0
0.0
0.0
0.0
0.004288786187678864
0.0
0.0
0.0
0.0
0.0
0.006135865861301105
0.0
0.0
0.0
0.0
0.0
0.0
0.0
0.0
0.0
0.0
0.0
0.0
0.0
0.0
0.0
0.0
0.0
0.0
0.0
0.0
0.0
0.0
0.0
0.0
0.0
0.0
0.0
0.0
0.00811296023171148
0.0
0.0
0.0
0.0
0.0
0.0
0.0
0.008879567560420439
0.006389845825071043
0.0
0.0
0.0
0.0
0.0
0.0
0.0
0.007032487886798195
0.008577572375357728
0.00784626056510232
0.0
0.001847079673622242
0.0
0.0
0.0
0.0
0.0
0.0
0.0
0.0
0.0
0.0
0.01909852676863107
0.0
0.0
0.0
0.0
0.0
0.007388318694488968
0.0029275520185355255
0.0
0.0
0.0
0.0
0.0
0.0
0.0
0.0
0.0
0.0
0.0
0.0
0.0
0.0
0.0
0.0
0.001847079673622242
0.0
0.0
0.0
0.0
0.0
0.0
0.0
0.0
0.0
0.0
0.0
0.0
0.0
0.0
0.0
0.0
0.0
0.0
0.0
0.0
0.0
0.0
0.0
0.017565312111213156
0.0
0.0
0.0
0.0
0.0
0.0
0.0
0.011082478041733452
0.0
0.0
0.0
0.0
0.0
0.0
0.0
0.0
0.0
0.0
0.0
0.006389845825071043
0.0
0.0
0.0
0.0
0.0
0.0
0.0
0.0
0.0
0.0
0.0
0.0
0.0
0.0
0.0
0.0
0.0
0.0
0.0
0.0
0.0
0.0
0.0
0.008355379341403778
0.0
0.0
0.0
0.0029275520185355255
0.0
0.0
0.0
0.011710208074142102
0.0
0.0
0.0
0.0
0.0
0.0
0.0
0.0
0.0
0.0
0.0
0.0
0.0
0.0
0.0
0.0
0.0
0.006835006986842829
0.0
0.005541239020866726
0.0
0.0
0.0
0.0
0.0
0.0
0.00962227542233621
0.008577572375357728
0.0
0.0
0.0
0.0
0.0
0.0
0.0
0.0
0.0
0.0
0.0
0.0
0.0
0.0
0.0
0.0
0.0
0.0
0.0
0.0
0.0
0.0
0.0
0.0
0.0
0.0
0.0
0.0
0.0
0.0
0.001847079673622242
0.0
0.0
0.0
0.0
0.0
0.0
0.0
0.0
0.0
0.0
0.0
0.0
0.004774631692157767
0.0
0.0
0.0
0.0
0.0
0.0
0.0
0.0
0.0
0.0
0.0
0.0
0.0
0.0
0.0
0.0
0.0
0.0
0.0
0.0
0.0
0.0
0.006835006986842829
0.0
0.0
0.0
0.0
0.0
0.0
0.0
0.0
0.0
0.010315870713024493
0.0
0.0
0.0
0.0
0.0
0.0
0.0
0.0
0.017759135120840878
0.0
0.0
0.0
0.0
0.0
0.0
0.00962227542233621
0.0
0.0
0.0
0.0
0.0
0.0
0.0
0.0
0.06189522427814696
0.0
0.0
0.0
0.0
0.0
0.0
0.0
0.0
0.0
0.0
0.0
0.0
0.0
0.0
0.0
0.0
0.0
0.0
0.0
0.0
0.0
0.005855104037071051
0.0
0.0
0.0
0.0
0.0
0.0
0.0
0.0
0.0
0.0
0.0
0.0
0.0
0.0
0.0
0.0
0.0
0.0
0.0
0.0
0.0
0.0
0.0
0.0
0.0
0.0
0.0
0.008355379341403778
0.0
0.0
0.005185408213175954
0.0
0.0
0.0
0.0
0.0
0.0
0.0
0.0
0.0
0.0
0.0
0.0
0.0
0.0
0.0
0.0
0.0
0.0
0.0
0.0
0.0
0.0
0.0
0.0
0.0
0.0
0.0
0.0
0.0
0.0
0.0
0.0
0.00662171136578001
0.0
0.0
0.0
0.0
0.007032487886798195
0.0
0.0
0.0
0.0
0.0
0.015404367421386587
0.0
0.0
0.0
0.0029275520185355255
0.003694159347244484
0.0
0.0
0.0
0.0
0.0
0.0
0.0
0.0
0.0
0.0
0.0
0.0
0.0169375820788045
0.0
0.0
0.01952511801075671
0.0
0.0
0.0
0.0
0.0
0.0
0.0
0.0
0.0
0.0
0.0
0.0
0.007982945534923347
0.0
0.0
0.0
0.0
0.0
0.0
0.0
0.0
0.0
0.0
0.0
0.0
0.0
0.0
0.0
0.0
0.0
0.0
0.0
0.0
0.0
0.0
0.0
0.0
0.0
0.0
0.020631741426048986
0.0
0.0
0.0
0.0
0.0
0.0
0.015404367421386587
0.0
0.0
0.0
0.0
0.0
0.019791650816208317
0.0
0.0
0.00931739784360657
0.0
0.0
0.0
0.0
0.0
0.0
0.0
0.0
0.0
0.0
0.0
0.0
0.0
0.0
0.0
0.0
0.0
0.0
0.0
0.0
0.0
0.0
0.00811296023171148
0.0
0.0
0.0
0.0
0.0
0.0
0.0
0.0
0.0
0.0
0.012779691650142085
0.0
0.0
0.0
0.0
0.0
0.0
0.0
0.0
0.0
0.0
0.0
0.0
0.0
0.0
0.0
0.0
0.0
0.0
0.006135865861301105
0.0
0.0
0.0
0.0
0.0
0.0
0.0
0.0
0.0
0.0
0.0
0.0
0.0
0.0
0.0
0.0
0.0
0.0
0.0
0.008782656055606578
0.0
0.0
0.0
0.0
0.004288786187678864
0.0
0.0
0.0
0.0
0.0
0.0
0.0
0.0
0.0510122950751301
0.0
0.0
0.0
0.0
0.010259768163262475
0.0
0.0029275520185355255
0.11746495214024899
0.0
0.0
0.008782656055606578
0.0
0.0
0.0
0.0
0.0
0.0
0.0
0.0
0.003694159347244484
0.0
0.0
0.0
0.0
0.0
0.0
0.0
0.0
0.0
0.0
0.0
0.0
0.0
0.0
0.0
0.0
0.0
0.0
0.0
0.0
0.0
0.008355379341403778
0.0
0.0
0.0
0.0
0.0
0.0
0.0
0.0
0.0
0.0
0.0
0.0
0.0
0.0
0.0
0.0
0.0
0.0
0.0
0.0
0.0
0.0
0.0
0.0
0.0
0.0
0.0
0.0
0.0
0.0
0.0
0.0
0.0
0.0
0.0
0.0
0.0
0.0
0.0
0.0
0.0
0.0
0.0
0.0
0.0
0.0
0.0
0.0
0.0
0.0
0.0
0.0
0.0
0.0
0.0
0.0
0.0
0.0
0.0
0.0
0.0
0.0
0.0
0.0
0.0
0.0
0.0
0.0
0.0
0.0
0.005541239020866726
0.0
0.0
0.0
0.01794615590188658
0.0
0.0
0.009830025208545591
0.017565312111213156
0.0
0.008879567560420439
0.0
0.0
0.0
0.0
0.0
0.0
0.0
0.0
0.0
0.0
0.0
0.010022743332103028
0.0
0.0
0.0
0.0
0.0
0.0
0.0
0.0
0.0
0.0
0.0
0.0
0.0
0.0
0.0
0.0
0.0
0.0
0.005855104037071051
0.0
0.0
0.0
0.0
0.0
0.0
0.0
0.0
0.0
0.0
0.0
0.019791650816208317
0.0
0.0
0.0
0.0
0.005855104037071051
0.0
0.0
0.0
0.0
0.0
0.0
0.0
0.0
0.0
0.0
0.0
0.0
0.0
0.0
0.0
0.0
0.0
0.0
0.0
0.0
0.00662171136578001
0.039320100834182366
0.0
0.0
0.0
0.0
0.0
0.0
0.0
0.0
0.0
0.005855104037071051
0.0
0.0
0.008236925498693285
0.0
0.0
0.0
0.0
0.0
0.0
0.0
0.0
0.0
0.0
0.0
0.0
0.004288786187678864
0.0
0.0
0.0
0.0
0.06317499800452389
0.0
0.0
0.0
0.0
0.0
0.0
0.017565312111213156
0.0
0.0
0.009150795304049905
0.0
0.0
0.0
0.0
0.0
0.0
0.0
0.0
0.0
0.0
0.0
0.0
0.0
0.0
0.0
0.0
0.0
0.0
0.0
0.0
0.0
0.0
0.0
0.0
0.0
0.0
0.0
0.0
0.0
0.0
0.0
0.0
0.0
0.0
0.0
0.0
0.0
0.0
0.0
0.0
0.0
0.0
0.0
0.0
0.0
0.0
0.0
0.0
0.0
0.0
0.020631741426048986
0.0
0.0
0.0
0.0
0.0
0.0
0.0
0.0
0.006389845825071043
0.0
0.0
0.0
0.0
0.0
0.0
0.0
0.0
0.00662171136578001
0.0
0.0
0.0
0.0
0.0
0.0
0.0
0.0
0.0
0.0
0.0
0.0
0.0
0.0
0.0
0.0
0.0
0.0
0.0
0.0
0.0
0.0
0.0
0.0
0.0
0.0
0.0
0.0
0.0
0.0
0.0
0.0
0.0
0.0
0.00923539836811121
0.0
0.0
0.0
0.03217994170212804
0.0
0.0
0.0
0.0
0.0
0.007032487886798195
0.0
0.0
0.0
0.0
0.0
0.0
0.0
0.0
0.0
0.001847079673622242
0.0
0.0
0.0
0.0
0.0
0.04947912704052079
0.010370816426351908
0.0
0.0
0.0
0.0
0.0
0.0
0.0
0.0
0.0
0.0
0.0
0.0
0.008782656055606578
0.0
0.0
0.0
0.0
0.0
0.0
0.0
0.0
0.0
0.0
0.0
0.0
0.021159850887497517
0.0
0.0
0.0
0.0
0.0
0.0
0.0
0.00923539836811121
0.0
0.007982945534923347
0.0
0.0
0.0
0.0
0.0
0.0
0.0
0.0
0.0
0.0
0.0
0.0
0.0
0.007549869530759719
0.019386680477449125
0.0
0.08463940354999007
0.0
0.0
0.0
0.0
0.0
0.0
0.0
0.0
0.0
0.0
0.0
0.0
0.0
0.0
0.0
0.0
0.0
0.0
0.0
0.0
0.05339316006374954
0.0
0.0
0.0
0.0
0.0
0.0
0.0
0.0
0.0
0.0
0.0
0.0
0.0
0.0
0.0
0.0
0.0
0.0
0.0
0.0
0.0
0.0
0.0
0.0
0.0
0.0
0.0
0.0
0.0
0.053148678646144094
0.005855104037071051
0.0
0.0
0.0
0.0
0.0
0.0
0.0
0.0
0.0
0.0
0.0
0.0
0.0
0.0
0.0
0.0
0.0
0.0
0.0
0.0
0.0
0.0
0.0
0.0
0.0
0.0
0.0
0.0
0.0
0.0
0.0
0.004288786187678864
0.0
0.0
0.0
0.0
0.0
0.0
0.0
0.0
0.0
0.0
0.0
0.0
0.0
0.0
0.0
0.0
0.0
0.0
0.0
0.0
0.0
0.0
0.0
0.0
0.0
0.0
0.0
0.0
0.0
0.0
0.005855104037071051
0.0
0.024710776496079855
0.0
0.0
0.0
0.0
0.00846879103940225
0.0
0.0
0.0
0.008355379341403778
0.0
0.0
0.0
0.0
0.0
0.0
0.0
0.0
0.0
0.0
0.0
0.0
0.0
0.0
0.0
0.0
0.0
0.0
0.016710758682807556
0.0
0.0
0.0
0.007216338206214389
0.0
0.0
0.0
0.0
0.0
0.0
0.0
0.0
0.0
0.0
0.0
0.009549263384315535
0.0
0.00662171136578001
0.0
0.005855104037071051
0.0
0.004774631692157767
0.0
0.0
0.0
0.0
0.0
0.0
0.0
0.00784626056510232
0.0
0.0
0.006389845825071043
0.0
0.0
0.0
0.0
0.0
0.0
0.0
0.0
0.0
0.0
0.0
0.0
0.0
0.0
0.0
0.0
0.0
0.0
0.0
0.0
0.0
0.0
0.0
0.010529166334087315
0.0
0.015556224639527862
0.0
0.0
0.0
0.006389845825071043
0.0
0.0
0.0
0.0
0.0
0.0
0.006135865861301105
0.003694159347244484
0.0
0.008577572375357728
0.007216338206214389
0.0
0.0
0.0
0.0
0.0
0.0
0.16846666134539703
0.0
0.0
0.0
0.0
0.0
0.0
0.0
0.0
0.0
0.009549263384315535
0.006389845825071043
0.0
0.0
0.0
0.0
0.0
0.0
0.00962227542233621
0.0
0.0
0.0
0.0
0.0
0.0
0.0
0.0
0.005855104037071051
0.025732717126073182
0.0
0.0
0.0
0.0
0.0
0.0
0.00811296023171148
0.0
0.0
0.0
0.0
0.0
0.0
0.0
0.0
0.0
0.0
0.0
0.0
0.0
0.0
0.0
0.0
0.0
0.0
0.009474194400854818
0.0
0.0
0.0
0.04033602068926211
0.0
0.0
0.0
0.0
0.0
0.0
0.0
0.005855104037071051
0.0
0.0
0.0
0.0029275520185355255
0.0
0.0
0.0
0.0
0.0
0.0
0.0
0.0
0.0
0.00662171136578001
0.004774631692157767
0.0
0.0
0.0
0.0
0.27889282808510973
0.0
0.0
0.0
0.013670013973685658
0.0
0.0
0.0
0.0
0.0
0.0
0.0
0.02105833266817463
0.0
0.0
0.0
0.0
0.0
0.0
0.0
0.0
0.0
0.0
0.0
0.0
0.0
0.0
0.0
0.0
0.00962227542233621
0.0
0.0
0.009474194400854818
0.0
0.0
0.0
0.024338880695134443
0.0
0.0
0.0
0.0
0.009960039905333722
0.0
0.0
0.0
0.0
0.0
0.0
0.0
0.0
0.0
0.0
0.0
0.0
0.0
0.0
0.0
0.0
0.0
0.0
0.0
0.0
0.0
0.0
0.0
0.0
0.0
0.0
0.0
0.0
0.0
0.0
0.0
0.0
0.0
0.0
0.0
0.0
0.0
0.0
0.0
0.0
0.0
0.0
0.0
0.028190847613145883
0.019920079810667443
0.0
0.0
0.0
0.0
0.0
0.0
0.0
0.0
0.0
0.0
0.0
0.0
0.0
0.0
0.0
0.006135865861301105
0.0
0.0
0.0
0.0
0.0
0.0
0.0
0.0
0.0
0.0
0.0
0.0
0.0
0.0
0.0
0.0
0.0
0.0
0.0
0.0
0.0
0.0
0.0
0.0
0.0
0.0
0.0
0.0
0.0
0.0
0.0
0.0
0.0
0.0
0.0
0.0
0.018948388801709636
0.0
0.0
0.0
0.0
0.0
0.0
0.0
0.0
0.007549869530759719
0.0
0.0
0.0
0.0
0.0
0.0
0.005541239020866726
0.0
0.0
0.0
0.0
0.0
0.004774631692157767
0.0
0.0
0.0
0.0
0.0
0.0
0.0
0.0
0.0
0.0
0.0
0.0
0.0
0.0
0.0
0.0
0.010202459015026021
0.0
0.0
0.0
0.0
0.0
0.0
0.0
0.0
0.0
0.0
0.0
0.0
0.0
0.0
0.0
0.0
0.0
0.0
0.0
0.0
0.0
0.0
0.0
0.0
0.0
0.0
0.0
0.0
0.0
0.0
0.0
0.0
0.0
0.0
0.0
0.0
0.0
0.0
0.0
0.0
0.0
0.0
0.005541239020866726
0.0
0.0
0.0
0.0
0.0
0.0
0.0
0.0
0.0
0.0
0.0
0.007216338206214389
0.0
0.0
0.0
0.0
0.0
0.0
0.0
0.009549263384315535
0.0
0.0
0.0
0.0
0.0
0.0
0.0
0.0
0.006389845825071043
0.09653982510638412
0.0
0.0
0.0
0.0
0.0
0.01909852676863107
0.004774631692157767
0.0
0.0
0.0
0.001847079673622242
0.0
0.0
0.0
0.0
0.0
0.0
0.0
0.0
0.0
0.0
0.0
0.0
0.0
0.0
0.0
0.0
0.0
0.0
0.10477421549295243
0.0
0.0
0.0
0.0
0.0
0.0
0.006135865861301105
0.0
0.0
0.0
0.0
0.0
0.0
0.0
0.0
0.0
0.0
0.0
0.0
0.0
0.0
0.0
0.0
0.0
0.0
0.0
0.0
0.0
0.0
0.0
0.0
0.04271452805099963
0.009830025208545591
0.0
0.0
0.0
0.0
0.0
0.0
0.0
0.0
0.0
0.05071945112374958
0.0
0.0
0.0
0.0
0.0
0.0
0.0
0.0
0.0
0.0
0.007702183710693294
0.0
0.0
0.0
0.0
0.008682086660465072
0.0
0.0
0.0
0.0
0.0
0.0
0.0
0.0
0.0
0.0
0.0
0.019791650816208317
0.0
0.0
0.0
0.0
0.0
0.0
0.0
0.0
0.0
0.0
0.0
0.0
0.0
0.0
0.0
0.0
0.0
0.0
0.0
0.0
0.006389845825071043
0.0
0.0
0.0
0.0
0.0
0.0
0.0
0.0
0.0
0.0
0.0
0.0
0.0
0.010370816426351908
0.0
0.0
0.0
0.0
0.0
0.0
0.0
0.0
0.0
0.0
0.0
0.0
0.0
0.0
0.0
0.0
0.0
0.0
0.0
0.030779304489787426
0.0
0.005185408213175954
0.0
0.0
0.0
0.0
0.0
0.005185408213175954
0.0
0.0
0.0
0.0
0.0
0.0
0.008236925498693285
0.0
0.0
0.0
0.0
0.0
0.0
0.007702183710693294
0.0
0.0
0.0
0.0
0.0
0.0
0.0
0.0
0.0
0.0
0.0
0.0
0.0
0.0
0.0
0.0
0.0
0.0
0.0
0.0
0.0
0.0
0.0
0.0
0.0
0.0
0.020631741426048986
0.0
0.0
0.0
0.0
0.0
0.0
0.0
0.0
0.0
0.0
0.0
0.0
0.0
0.0
0.0
0.0
0.0
0.0
0.0
0.009396949204381961
0.0
0.07259571498446335
0.0
0.0
0.0
0.008682086660465072
0.0
0.0
0.0
0.01062973572922882
0.0
0.0
0.0
0.0
0.0
0.0
0.0
0.0
0.0
0.0
0.005185408213175954
0.0
0.0
0.0
0.0
0.0
0.0
0.0
0.0
0.0
0.0
0.0
0.0
0.009063417879836631
0.0
0.0
0.008682086660465072
0.0
0.0
0.0
0.0
0.0
0.0
0.006835006986842829
0.0
0.0
0.0
0.0
0.0
0.0
0.0
0.0
0.0
0.0
0.0
0.06121475409015612
0.0
0.0
0.0
0.0
0.0
0.0
0.0
0.0
0.00897307795094329
0.0
0.0
0.0
0.0
0.029287677016135067
0.007388318694488968
0.0
0.0
0.0
0.03694159347244484
0.0
0.0
0.0
0.0
0.0
0.0
0.00846879103940225
0.0
0.0
0.0
0.0
0.0
0.0
0.0
0.0
0.0
0.0
0.0
0.0
0.0
0.0
0.0
0.0
0.0
0.0
0.0
0.030252015516946583
0.0
0.0
0.0
0.0
0.0
0.0
0.0
0.0
0.0
0.0
0.0
0.0
0.0
0.0
0.0
0.009396949204381961
0.003694159347244484
0.10629735729228819
0.0
0.0
0.0
0.0
0.0
0.0
0.0
0.0
0.0
0.0
0.0
0.0
0.0
0.0
0.0
0.0
0.0
0.0
0.0
0.0
0.0
0.0
0.0
0.027452385912149716
0.0
0.0
0.0
0.0
0.0
0.0
0.0
0.0
0.0
0.0
0.0
0.0
0.0
0.0
0.0
0.0
0.0
0.0
0.0
0.0
0.0
0.0
0.0
0.01952511801075671
0.0
0.0
0.0
0.0
0.0
0.0
0.0
0.0
0.0
0.0
0.0
0.0
0.0
0.0
0.0
0.0
0.0
0.0
0.0
0.06155860897957485
0.0
0.02028778044949983
0.0
0.0
0.0
0.0
0.0
0.0
0.0
0.0
0.0
0.0
0.004288786187678864
0.0
0.012779691650142085
0.0
0.0
0.0
0.0
0.0
0.0
0.0
0.008879567560420439
0.0
0.0
0.0
0.028866826267008636
0.0
0.0
0.0
0.0
0.0
0.0
0.0
0.0
0.0
0.0
0.0
0.0
0.0
0.0
0.0
0.0
0.0
0.0
0.0
0.0
0.0
0.0
0.0
0.0
0.0
0.0
0.0
0.0
0.0
0.0
0.00962227542233621
0.0
0.0
0.0
0.0
0.0
0.0
0.0
0.0
0.0
0.009830025208545591
0.0
0.0
0.0
0.0
0.06286452929577147
0.0
0.0
0.0
0.0
0.0
0.0
0.0
0.0
0.0
0.0
0.0
0.0
0.0
0.0
0.0
0.0
0.0
0.005541239020866726
0.0
0.0
0.0
0.0
0.0
0.0
0.0
0.0
0.0
0.0
0.0
0.0
0.00784626056510232
0.0
0.0
0.0
0.0
0.0
0.0
0.0
0.0
0.0
0.0
0.0
0.0
0.0
0.0
0.0
0.007216338206214389
0.007032487886798195
0.0
0.0
0.0
0.0
0.0
0.0
0.0
0.007216338206214389
0.0
0.0
0.0
0.0
0.0
0.0
0.0
0.07440815010460174
0.0
0.0
0.0
0.0
0.0
0.010143890224749916
0.0
0.0
0.007032487886798195
0.0
0.0
0.0
0.0
0.0
0.0
0.0
0.0
0.004774631692157767
0.0
0.0
0.0
0.0
0.0
0.0
0.009762559005378355
0.0
0.0
0.0
0.0
0.0
0.0
0.0
0.0
0.0
0.0
0.0
0.0
0.0
0.0
0.029687476224312476
0.07475042408924935
0.0
0.0
0.0
0.0
0.009396949204381961
0.0
0.007388318694488968
0.0
0.0
0.0
0.0
0.0
0.0
0.0
0.02105833266817463
0.009762559005378355
0.0
0.0
0.0
0.0
0.0
0.0
0.0
0.0
0.0
0.0
0.0
0.0
0.0
0.0
0.0
0.0
0.0
0.0
0.0
0.0
0.0
0.0
0.0
0.006135865861301105
0.0
0.003694159347244484
0.006835006986842829
0.0
0.0
0.0
0.0
0.0
0.0
0.0
0.0
0.007388318694488968
0.0
0.0
0.0
0.0
0.0
0.0
0.0
0.0
0.03094761213907348
0.0
0.08423333067269852
0.0
0.0
0.0
0.0
0.0
0.0
0.0
0.0
0.0
0.0
0.0
0.0
0.0
0.0
0.0
0.0
0.0
0.0
0.0
0.0
0.0
0.0
0.0
0.0
0.0
0.0
0.0
0.0
0.0
0.0
0.0
0.0
0.0
0.01622592046342296
0.0
0.03217994170212804
0.0
0.019386680477449125
0.0
0.0
0.0
0.009895825408104159
0.0
0.020954843098590487
0.0
0.0
0.0
0.0
0.0
0.0
0.0
0.0
0.0
0.0
0.0
0.0
0.007982945534923347
0.009960039905333722
0.00962227542233621
0.001847079673622242
0.0
0.0
0.0
0.0
0.0
0.0
0.0
0.0
0.0
0.0
0.0
0.0
0.0
0.0
0.001847079673622242
0.0
0.0
0.0
0.003694159347244484
0.0
0.0
0.0
0.0
0.0
0.0
0.0
0.0
0.0
0.0
0.0
0.004288786187678864
0.0
0.029080020716173684
0.008782656055606578
0.007702183710693294
0.0
0.0
0.0
0.0
0.0
0.0
0.0
0.0
0.0
0.0
0.0
0.0
0.0
0.0
0.0
0.0
0.0
0.0
0.0
0.0
0.0
0.08581317787234145
0.0
0.0
0.021159850887497517
0.0
0.006389845825071043
0.0
0.0
0.0
0.0
0.0
0.0
0.0
0.004774631692157767
0.0
0.0
0.026919233852829873
0.0
0.0
0.0
0.0
0.0
0.0
0.0
0.0
0.0
0.0
0.0
0.0
0.0
0.0
0.004774631692157767
0.0528996272187438
0.0
0.0
0.01830159060809981
0.0
0.0
0.00931739784360657
0.0
0.0
0.0
0.0
0.0
0.0
0.0
0.0
0.010477421549295244
0.0
0.0
0.0
0.0
0.0
0.31107276978723775
0.0
0.0
0.0
0.0
0.04251894291691528
0.0
0.0
0.0
0.0
0.0
0.0
0.005855104037071051
0.0
0.0
0.0
0.0
0.0
0.0
0.0
0.0
0.0
0.0
0.0
0.0
0.0
0.0
0.0
0.020741632852703817
0.0
0.0
0.0
0.0
0.0
0.0
0.0
0.0
0.0
0.0
0.0
0.0
0.0
0.0
0.0
0.0
0.0
0.0
0.0
0.0
0.0
0.0
0.0
0.0
0.0
0.0
0.001847079673622242
0.0
0.0
0.0
0.0
0.0
0.0
0.0
0.0
0.0
0.0
0.0
0.0
0.0
0.0
0.0
0.0
0.0
0.0
0.0
0.0
0.0
0.0
0.0
0.0
0.0
0.0
0.0
0.0
0.0
0.0
0.0
0.0
0.0
0.0
0.0
0.0
0.0
0.0
0.016710758682807556
0.0
0.0
0.0
0.010022743332103028
0.0
0.0
0.0
0.0
0.0
0.0
0.0
0.0
0.024710776496079855
0.0
0.0
0.0
0.0
0.0
0.0
0.00931739784360657
0.0
0.0
0.0
0.0
0.0
0.0
0.0
0.0
0.0
0.005541239020866726
0.005541239020866726
0.0
0.0
0.0
0.0
0.0
0.0
0.0
0.0
0.01863479568721314
0.0
0.0
0.0
0.0
0.0
0.0
0.0
0.0
0.0
0.0
0.0
0.0
0.0
0.0
0.0
0.0
0.0
0.0
0.0
0.1823530029787256
0.0
0.0
0.0
0.0
0.0
0.0
0.0
0.004288786187678864
0.0
0.0
0.0
0.0
0.0
0.0
0.003694159347244484
0.0
0.0
0.0
0.0
0.0
0.0
0.0
0.0
0.0
0.0
0.0
0.0
0.0
0.0
0.0
0.0
0.0
0.0
0.0
0.0
0.0
0.0
0.0
0.0
0.0
0.0
0.0
0.0
0.0
0.008879567560420439
0.0
0.0
0.0
0.0
0.0
0.0
0.0
0.0
0.0
0.0
0.0
0.0
0.0
0.0
0.0
0.0
0.0
0.0
0.0
0.0
0.0
0.0
0.0
0.0
0.0
0.0
0.051579353565122464
0.0
0.0
0.0
0.0
0.0
0.0
0.0
0.0
0.0
0.015965891069846694
0.0
0.0
0.0
0.0
0.0
0.0
0.0
0.0
0.0
0.0
0.0
0.0
0.0
0.0
0.001847079673622242
0.0
0.0
0.0
0.0
0.0
0.008236925498693285
0.0
0.0
0.0
0.0
0.0
0.0169375820788045
0.0
0.0
0.04033602068926211
0.0
0.019791650816208317
0.0
0.0
0.0
0.0
0.0
0.0
0.0
0.0
0.0
0.0
0.0
0.0
0.0
0.0
0.0
0.0
0.0
0.0
0.0
0.0
0.0
0.007216338206214389
0.0
0.0
0.0
0.0
0.0
0.0
0.0
0.0
0.0
0.0
0.0
0.007032487886798195
0.009549263384315535
0.01924455084467242
0.0
0.0
0.0
0.0
0.0
0.0
0.006135865861301105
0.0
0.0
0.0
0.0
0.0
0.0
0.0
0.0
0.0
0.0
0.0
0.0
0.0
0.0
0.0
0.0
0.0
0.0
0.0
0.0
0.0
0.0
0.0
0.0
0.0
0.0
0.0
0.0
0.0
0.0
0.0
0.0
0.0
0.0
0.0
0.0
0.0
0.0
0.0
0.0
0.0
0.0
0.04211666533634926
0.011710208074142102
0.004774631692157767
0.0
0.0
0.0
0.0
0.0
0.0
0.0
0.0
0.0
0.0
0.0
0.0
0.0
0.0
0.0
0.0
0.0
0.0
0.0
0.0
0.0
0.0
0.0
0.0
0.0
0.0
0.0
0.0
0.0
0.0
0.0
0.0
0.0
0.0
0.00897307795094329
0.0
0.0
0.0
0.0
0.0
0.0
0.0
0.0
0.0
0.0
0.0
0.0
0.0
0.0
0.0
0.0
0.0
0.0
0.0
0.0
0.0
0.0
0.0
0.0
0.0
0.0
0.0
0.0
0.0
0.0
0.0
0.0
0.0
0.0
0.0
0.0
0.0
0.0
0.0
0.0
0.0
0.0
0.0
0.0
0.0
0.0
0.0
0.0
0.0
0.0
0.0
0.0
0.0
0.0
0.003694159347244484
0.0
0.0
0.0
0.0
0.0
0.0
0.0
0.0
0.0
0.0
0.024710776496079855
0.007982945534923347
0.0
0.0
0.0
0.0
0.0
0.0
0.0
0.0
0.0
0.0
0.007702183710693294
0.0
0.0
0.0
0.0
0.009150795304049905
0.0
0.0
0.0
0.005855104037071051
0.0
0.0
0.01952511801075671
0.0
0.0
0.0
0.0
0.0
0.0
0.0
0.0
0.0
0.0
0.0
0.0
0.0
0.0
0.0
0.0
0.0
0.0
0.0
0.0
0.0
0.0
0.0
0.0
0.0
0.0
0.0
0.021159850887497517
0.0
0.007032487886798195
0.0
0.0
0.0
0.0
0.0
0.0
0.0
0.0
0.0
0.0
0.0
0.0
0.0
0.0
0.0
0.0
0.0
0.0
0.0
0.0
0.0
0.0
0.0
0.0
0.0
0.0
0.0
0.006389845825071043
0.0
0.0
0.0
0.0
0.0
0.0
0.0
0.0
0.0
0.0
0.0
0.0
0.0
0.0
0.0
0.0
0.0
0.0
0.0
0.0
0.0
0.0
0.0
0.0
0.0
0.0
0.0
0.0
0.0
0.0
0.0
0.0
0.0
0.0
0.0
0.0
0.0
0.0
0.0
0.0
0.0
0.0
0.0
0.019920079810667443
0.0
0.0
0.0
0.0
0.007549869530759719
0.0
0.0
0.0
0.00931739784360657
0.0
0.0
0.0
0.0
0.0
0.0
0.0
0.0
0.0
0.0
0.0
0.0
0.0
0.0
0.007216338206214389
0.0
0.0
0.0
0.0
0.0
0.015099739061519438
0.0
0.0
0.0
0.0
0.004288786187678864
0.0
0.0
0.0
0.0
0.0
0.0
0.0
0.0
0.0
0.0
0.0
0.0
0.007982945534923347
0.0
0.0
0.0
0.0
0.0
0.0
0.0
0.0
0.0
0.0
0.0
0.0
0.0
0.0
0.0
0.0
0.0
0.00662171136578001
0.0
0.0
0.0
0.0
0.0
0.018793898408763922
0.0
0.003694159347244484
0.0
0.0
0.0
0.0
0.0
0.0
0.0
0.0
0.0
0.0
0.0
0.0
0.0
0.0
0.0
0.0
0.0
0.0
0.0
0.0
0.029287677016135067
0.0
0.0
0.0
0.0
0.0
0.0
0.0
0.0
0.0
0.0
0.0
0.0
0.0
0.0
0.0
0.0
0.0
0.0
0.0
0.008236925498693285
0.0
0.0
0.0
0.0
0.0
0.0
0.0
0.005855104037071051
0.0
0.0
0.0
0.0
0.0
0.0
0.0
0.0
0.0
0.0
0.0
0.0
0.04251894291691528
0.0
0.009474194400854818
0.0
0.0
0.0
0.0
0.0
0.0
0.0
0.0
0.0
0.0
0.0
0.0
0.0
0.0
0.0
0.0
0.0
0.0
0.0
0.0
0.0
0.0
0.0
0.0
0.0
0.0
0.0
0.0
0.0
0.00931739784360657
0.0
0.0
0.0
0.0
0.009474194400854818
0.0
0.0
0.0
0.0
0.0
0.0
0.0
0.0
0.0
0.0
0.0
0.0
0.0
0.0
0.0
0.005855104037071051
0.0
0.0
0.0
0.01622592046342296
0.0
0.0
0.0
0.0
0.0
0.0
0.0
0.0
0.0
0.0029275520185355255
0.0
0.0
0.0
0.0
0.0
0.0
0.0
0.0
0.0
0.0
0.0
0.0
0.0
0.0
0.0
0.007032487886798195
0.015404367421386587
0.0
0.0
0.0
0.0
0.0
0.0
0.0
0.0
0.0
0.0
0.0
0.0
0.0
0.003694159347244484
0.0
0.0
0.0
0.0
0.007982945534923347
0.0
0.0
0.0
0.0
0.0
0.0
0.0
0.0
0.0
0.0
0.0
0.0
0.0
0.0
0.0
0.017155144750715456
0.0
0.0
0.0
0.0
0.0
0.0
0.0
0.0
0.0
0.0
0.0
0.0
0.013670013973685658
0.0
0.0
0.0
0.0
0.0
0.0
0.0
0.0
0.0
0.0
0.0
0.0
0.0
0.0
0.0
0.0
0.0
0.0
0.0
0.0
0.0
0.0
0.0
0.0
0.01794615590188658
0.0
0.06189522427814696
0.0
0.0
0.0
0.0
0.0
0.0
0.0
0.0
0.0
0.008236925498693285
0.0
0.0
0.0
0.0
0.0
0.0
0.0
0.0
0.0
0.0
0.0
0.0
0.0
0.0
0.0
0.0
0.0
0.0
0.0
0.0
0.0
0.0
0.0
0.0
0.0
0.0
0.0
0.0
0.0
0.0
0.0
0.0
0.0
0.0
0.0
0.0
0.0
0.0
0.0
0.0
0.0
0.0
0.0
0.0
0.0
0.0
0.0
0.017565312111213156
0.0
0.009150795304049905
0.0
0.0
0.0
0.0
0.006389845825071043
0.0
0.005541239020866726
0.0
0.0
0.08581317787234145
0.0
0.0
0.0
0.005185408213175954
0.0
0.0
0.0
0.0
0.0
0.0
0.0
0.03094761213907348
0.0
0.0
0.0
0.0
0.0
0.028866826267008636
0.003694159347244484
0.0
0.0
0.0
0.00784626056510232
0.0
0.00897307795094329
0.009830025208545591
0.0
0.0
0.0
0.0
0.0
0.0
0.0
0.0
0.0
0.0
0.0
0.0
0.0
0.0
0.0
0.009693340238724563
0.0
0.0
0.0
0.02051953632652495
0.0
0.0
0.0
0.0
0.0
0.022164956083466903
0.0
0.0
0.0
0.0
0.0
0.0
0.0
0.0
0.0
0.0
0.05129884081631237
0.0
0.0
0.0
0.0
0.0
0.0
0.0
0.0
0.0
0.0
0.0
0.0
0.0
0.0
0.0
0.0
0.0
0.0
0.0
0.0
0.0
0.0
0.0
0.0
0.0
0.0
0.0
0.0
0.0
0.009960039905333722
0.0
0.0
0.0
0.0
0.0
0.0
0.0
0.0
0.008682086660465072
0.0
0.0
0.0
0.0
0.005185408213175954
0.0
0.0
0.0
0.0
0.0
0.0
0.0
0.0
0.0
0.0
0.0
0.0
0.0
0.0
0.0
0.0
0.0
0.009063417879836631
0.0
0.0
0.004774631692157767
0.0
0.0
0.0
0.0
0.0
0.0
0.0
0.0
0.0
0.0
0.0
0.0
0.0
0.0
0.0
0.0
0.0
0.0
0.008682086660465072
0.0
0.0
0.00923539836811121
0.0
0.0
0.0
0.0
0.0
0.0
0.0
0.0
0.0
0.005541239020866726
0.0
0.0
0.0
0.0
0.0
0.0029275520185355255
0.0
0.0
0.0
0.0
0.0
0.0
0.0
0.0
0.0
0.0
0.0
0.0
0.004288786187678864
0.0
0.0
0.0
0.20289400824224824
0.0
0.0
0.0
0.0
0.0
0.0
0.0
0.0
0.0
0.0
0.0
0.0
0.0
0.0
0.0
0.0
0.0
0.008236925498693285
0.0
0.0
0.0
0.00846879103940225
0.009693340238724563
0.0
0.0
0.0
0.0
0.0
0.004288786187678864
0.0
0.0
0.0
0.0
0.0
0.0
0.0
0.0
0.0
0.0
0.0
0.0
0.0
0.0
0.0
0.0
0.0
0.0
0.0
0.0
0.0
0.0
0.015404367421386587
0.0
0.0
0.0
0.0
0.0
0.0
0.0
0.008682086660465072
0.0
0.0
0.0
0.0
0.0
0.0
0.0
0.03094761213907348
0.0
0.01952511801075671
0.0
0.0
0.0
0.0
0.0
0.0
0.0
0.0
0.007702183710693294
0.0
0.005185408213175954
0.0
0.0
0.0
0.0
0.0
0.0
0.0
0.0
0.0
0.006389845825071043
0.0
0.0
0.0
0.0
0.0
0.0
0.0
0.0
0.0
0.0
0.0
0.0
0.0
0.0
0.0
0.0
0.0
0.0
0.0
0.0
0.0
0.0
0.00923539836811121
0.0
0.0
0.0
0.0
0.0
0.0
0.0
0.0
0.0
0.0
0.0
0.0
0.0
0.0
0.0
0.032035896038249724
0.0
0.0
0.0
0.0
0.0
0.0
0.0
0.0029275520185355255
0.0
0.0
0.0
0.01406497577359639
0.0
0.0
0.0
0.022649608592279158
0.0
0.0
0.0
0.0510122950751301
0.0
0.0
0.0
0.006135865861301105
0.0
0.0
0.0
0.0
0.0
0.0
0.0
0.003694159347244484
0.0
0.0
0.0
0.0
0.0
0.0
0.0
0.0
0.0
0.0
0.0
0.0
0.0
0.0
0.0
0.0
0.0
0.0
0.0
0.007982945534923347
0.0
0.020045486664206056
0.0
0.0
0.0
0.0
0.0
0.0
0.0
0.007032487886798195
0.0
0.0
0.008577572375357728
0.0
0.0
0.0
0.0
0.0
0.0
0.0
0.0
0.0
0.0
0.0
0.003694159347244484
0.0
0.0
0.0
0.0
0.0
0.0
0.0
0.0
0.0
0.0
0.0
0.0
0.0
0.0
0.0
0.0
0.0
0.0
0.0
0.0
0.0
0.0
0.0
0.0
0.004774631692157767
0.0
0.0
0.0
0.0
0.0
0.0
0.0
0.0
0.0
0.0
0.008355379341403778
0.0
0.0
0.0
0.0
0.0
0.00923539836811121
0.00923539836811121
0.0
0.0
0.0
0.0
0.0
0.032035896038249724
0.0
0.0
0.0
0.0
0.0
0.0
0.0
0.0
0.0
0.0
0.0
0.0
0.0
0.0
0.0
0.0
0.0
0.0
0.0
0.0
0.0
0.0
0.0
0.0
0.0
0.0
0.0
0.0
0.0
0.0
0.0
0.0
0.0
0.0
0.0
0.0
0.0
0.0
0.0
0.0
0.0
0.0
0.0
0.0
0.0
0.0
0.0
0.0
0.0
0.0
0.01863479568721314
0.0
0.0
0.0
0.0
0.0
0.0
0.0
0.0
0.0
0.0
0.0
0.0
0.0
0.0
0.0
0.0
0.0
0.0
0.0
0.0
0.0
0.0
0.0
0.0
0.0
0.0
0.0
0.0
0.0
0.0
0.0
0.0
0.0
0.0
0.0
0.0
0.0
0.00846879103940225
0.0
0.0
0.0
0.0
0.0
0.0
0.0
0.0
0.0
0.0
0.0
0.0
0.0
0.0
0.0
0.0
0.00846879103940225
0.0
0.0
0.0
0.0
0.0
0.00846879103940225
0.0
0.0
0.0
0.0
0.0
0.0
0.0
0.0
0.0
0.0
0.0
0.0
0.0
0.0
0.0
0.0
0.0
0.0
0.0
0.0
0.031112449279055723
0.008355379341403778
0.01324342273156002
0.005855104037071051
0.0
0.0
0.0
0.0
0.0
0.0
0.0
0.0
0.0
0.0
0.0
0.0
0.0
0.0
0.0
0.0
0.0
0.0
0.0
0.0
0.0
0.0
0.0
0.0
0.0
0.0
0.0
0.0
0.0
0.0
0.0
0.0
0.0
0.0
0.0
0.0
0.0
0.0
0.0
0.0
0.0
0.0
0.0
0.0
0.0
0.0
0.0
0.0
0.0
0.030431670674249747
0.0
0.0
0.0
0.021159850887497517
0.0
0.0
0.0
0.0
0.0
0.020954843098590487
0.0
0.0
0.0
0.0
0.0
0.0
0.0
0.008682086660465072
0.0
0.0
0.0
0.0
0.0
0.0
0.0
0.0
0.0
0.0
0.0
0.0
0.0
0.0
0.0
0.0
0.02028778044949983
0.0
0.0
0.0
0.0
0.0
0.0
0.005541239020866726
0.0
0.0
0.0
0.0
0.0
0.0
0.0
0.0
0.0
0.0
0.0
0.0
0.0
0.0
0.0
0.03294770199477314
0.0
0.0
0.0
0.0
0.0
0.008355379341403778
0.0
0.0
0.0
0.0
0.0
0.0
0.0
0.0
0.0
0.0029275520185355255
0.0
0.008577572375357728
0.0
0.0
0.0
0.0
0.0
0.0
0.009830025208545591
0.0
0.0
0.0
0.0
0.0
0.0
0.0
0.0
0.0
0.04211666533634926
0.010315870713024493
0.0
0.0
0.0
0.21453294468085363
0.0
0.0
0.07475042408924935
0.0
0.053148678646144094
0.0
0.007549869530759719
0.010143890224749916
0.010370816426351908
0.0
0.0
0.08339721639183975
0.17985873254372892
0.0
0.02051953632652495
0.017759135120840878
0.0
0.0
0.0
0.0
0.0
0.12871976680851216
0.0
0.03173977633124628
0.0
0.006389845825071043
0.0
0.0
0.0
0.0
0.0
0.0
0.0
0.0
0.0
0.003694159347244484
0.0
0.0
0.0
0.010315870713024493
0.0
0.0
0.0
0.0
0.0
0.0
0.0
0.0
0.0
0.0
0.0
0.0
0.04271452805099963
0.0
0.0
0.0
0.0
0.0
0.0
0.0
0.0
0.0
0.04057556089899966
0.020954843098590487
0.0
0.0
0.0
0.006835006986842829
0.0
0.0
0.0
0.0
0.0
0.0
0.0
0.0
0.007388318694488968
0.0
0.0
0.0
0.005855104037071051
0.0
0.0
0.0
0.0
0.0
0.0
0.0
0.0
0.0
0.0
0.0
0.0
0.0
0.0
0.0
0.0
0.0
0.0
0.0
0.0
0.0
0.0
0.0
0.0
0.0
0.0
0.0
0.0
0.0
0.0
0.0
0.0510122950751301
0.0
0.0
0.0
0.0
0.0
0.0
0.0
0.0
0.0
0.0
0.0
0.0
0.0
0.0
0.0
0.0
0.0
0.0
0.0
0.0
0.0
0.0
0.0
0.0
0.0
0.001847079673622242
0.0
0.0
0.0
0.0
0.0
0.0
0.0
0.0
0.0
0.0
0.0
0.0
0.006835006986842829
0.0
0.005541239020866726
0.0
0.0
0.0
0.0
0.0
0.0
0.0
0.0
0.0
0.0
0.0
0.0
0.0
0.0
0.0
0.0
0.0
0.0
0.0
0.0
0.0
0.0
0.0
0.02051953632652495
0.0
0.0
0.0
0.0
0.0
0.0
0.0
0.0
0.0
0.0
0.0
0.0
0.0
0.0
0.0
0.0
0.0
0.0
0.0
0.0
0.0
0.0
0.0
0.0
0.0
0.0
0.0
0.0
0.0
0.0
0.021357264025499815
0.0
0.003694159347244484
0.0
0.0
0.005185408213175954
0.0
0.0
0.0
0.0
0.0
0.0
0.0
0.0
0.0
0.0
0.0
0.0
0.0
0.0029275520185355255
0.0
0.0
0.031112449279055723
0.0
0.0
0.0
0.01569252113020464
0.003694159347244484
0.0
0.0
0.0
0.0
0.0
0.0
0.0
0.0
0.0
0.0
0.0
0.0
0.0
0.0
0.0
0.0
0.0
0.0
0.0
0.0
0.0
0.0
0.0
0.010370816426351908
0.0
0.0
0.0
0.0
0.0
0.0
0.0
0.0
0.020954843098590487
0.0
0.0
0.0
0.0
0.0
0.0
0.0
0.0
0.00784626056510232
0.0
0.006135865861301105
0.0
0.0
0.0
0.0
0.0
0.0
0.0
0.0
0.0
0.0
0.0
0.0
0.0
0.0
0.0
0.0
0.0
0.0
0.0
0.0
0.0
0.0
0.0
0.0
0.0
0.0
0.0
0.0
0.0
0.0
0.0
0.0
0.0
0.0
0.0
0.0
0.0
0.0
0.005855104037071051
0.0
0.0
0.0
0.0
0.008682086660465072
0.009150795304049905
0.0
0.0
0.0
0.0
0.0
0.0
0.0
0.0
0.0
0.0
0.0
0.0
0.009549263384315535
0.0
0.0
0.0
0.0
0.0
0.0
0.0
0.0
0.0
0.0
0.0
0.0
0.0
0.0
0.039840159621334886
0.0
0.0
0.0
0.0
0.0
0.0
0.0
0.0
0.0
0.0
0.0
0.0
0.0
0.024710776496079855
0.0
0.0
0.0
0.0
0.0
0.0
0.0
0.006135865861301105
0.0
0.0
0.0
0.0
0.0
0.0
0.0
0.0
0.0
0.0
0.0
0.0
0.0
0.0
0.0
0.0
0.0
0.0
0.0
0.0
0.0
0.0
0.0
0.0
0.0
0.0
0.0
0.004288786187678864
0.0
0.0
0.0
0.0
0.0
0.0
0.0
0.0
0.0
0.0
0.0
0.0
0.0
0.0
0.019920079810667443
0.0
0.018126835759673263
0.00811296023171148
0.0
0.0
0.0
0.031587499002261946
0.0
0.0
0.008577572375357728
0.0
0.0
0.0
0.0
0.0
0.0
0.0
0.0
0.0
0.0
0.0
0.019660050417091183
0.0
0.11692709302151702
0.0
0.0
0.008879567560420439
0.0
0.0
0.0
0.0
0.0
0.0
0.0
0.0
0.0
0.0
0.0
0.0
0.0
0.0
0.0
0.0
0.0
0.0
0.0
0.0
0.0
0.0
0.0
0.0
0.0
0.0
0.0
0.0
0.0
0.0
0.0
0.0
0.0
0.02051953632652495
0.0
0.0
0.0
0.0
0.0
0.0
0.0
0.0
0.0
0.0
0.0
0.0
0.0
0.012779691650142085
0.0
0.0
0.0
0.0
0.0
0.0
0.004288786187678864
0.0
0.0
0.0
0.02028778044949983
0.0
0.0
0.0
0.0
0.0
0.0740594781062413
0.0
0.0
0.0312739561469399
0.0
0.0
0.0
0.0
0.03138504226040928
0.009895825408104159
0.018948388801709636
0.0
0.009549263384315535
0.0
0.15017306127659752
0.0
0.0
0.009063417879836631
0.0
0.0
0.0
0.0
0.0
0.0
0.0
0.0
0.0
0.0
0.0
0.0
0.0
0.0
0.0
0.268166180851067
0.0
0.0
0.0
0.0
0.0
0.0
0.0
0.0
0.0
0.0
0.0
0.0
0.0
0.0
0.0
0.0
0.0
0.10726647234042681
0.0
0.0
0.0
0.0
0.0
0.0
0.0
0.0
0.0
0.0
0.029687476224312476
0.0
0.0
0.0
0.0
0.0
0.0
0.0
0.0
0.0
0.009960039905333722
0.0
0.029880119716001165
0.03143226464788573
0.0
0.0
0.0
0.0
0.0
0.0
0.0
0.0
0.0
0.0
0.0
0.0
0.0
0.0
0.0
0.0
0.0
0.0
0.0
0.0
0.0
0.0
0.0
0.0
0.001847079673622242
0.0
0.0
0.0
0.0
0.0
0.041909686197180974
0.0
0.0
0.0
0.0
0.0
0.0
0.0
0.0
0.0
0.0
0.24560853629324786
0.0
0.0
0.0
0.07334195084506671
0.0
0.0
0.0
0.0
0.0
0.0
0.0
0.0
0.0
0.0
