0.0
0.0
0.0
0.0
0.0
0.0
0.0
0.0
0.0
0.0
0.0
0.0
0.0
0.0
0.0
0.0
0.0
0.0
0.0
0.0
0.0
0.0
0.0
0.0
0.0
0.0
0.0
0.0
0.006790630876856231
0.0
0.0
0.0
0.0
0.0
0.0
0.0
0.0
0.0
0.0
0.0
0.0
0.0
0.0
0.0
0.0
0.0
0.005317687705850145
0.0
0.0
0.0
0.0
0.0
0.0
0.0
0.0
0.0
0.0
0.0
0.0
0.0
0.0
0.0
0.0
0.0
0.0
0.0
0.0
0.0
0.0
0.0
0.0
0.0
0.0
0.0
0.0
0.0
0.0
0.0
0.0
0.0
0.0
0.0
0.00890356623769131
0.0
0.0
0.00856852463198532
0.0
0.0
0.0
0.0
0.0
0.0
0.0
0.0
0.0
0.0
0.0
0.0
0.0
0.0
0.0
0.0
0.0
0.0
0.0
0.0
0.0
0.0
0.0
0.008046418262292672
0.0
0.0
0.0
0.005317687705850145
0.0
0.0
0.0
0.0
0.0
0.00774246630814507
0.0
0.0
0.0
0.0
0.0
0.0
0.0
0.0
0.0
0.0
0.0
0.0
0.0
0.0
0.0
0.0
0.0
0.0
0.0
0.0
0.0
0.0
0.0
0.0
0.0
0.0
0.0
0.0
0.0
0.0
0.0
0.0
0.0
0.0
0.0
0.01759277159725972
0.0030022337176166466
0.0
0.0
0.0
0.0
0.0
0.0
0.0
0.0
0.0
0.0
0.005682595738859374
0.0
0.0
0.0
0.0
0.0
0.0
0.0
0.0
0.0
0.0
0.0
0.0
0.0
0.0
0.0
0.0
0.0
0.0
0.0
0.0
0.0
0.0
0.0
0.0
0.0
0.0
0.0
0.0
0.0
0.0
0.0
0.0
0.0
0.0
0.0
0.0
0.0
0.0
0.0
0.00439819289931493
0.0
0.0
0.0
0.0
0.00890356623769131
0.0
0.0
0.0
0.0
0.0
0.006552850458314564
0.0
0.0
0.0
0.0
0.0
0.0
0.0
0.0
0.0
0.0
0.0
0.0
0.0
0.0
0.0
0.0
0.0
0.0
0.0
0.0
0.0
0.0
0.009106084865089728
0.0
0.0
0.0
0.0
0.0
0.0
0.0
0.0
0.0
0.0
0.0
0.0
0.006004467435233293
0.0
0.0
0.0
0.0
0.0
0.0
0.0
0.0
0.0
0.017369658912952043
0.0
0.0
0.006292391478934721
0.0
0.0
0.0
0.0
0.0
0.0
0.0
0.0
0.0
0.0
0.0
0.0
0.0
0.007576794318479166
0.0
0.0
0.0
0.006552850458314564
0.0
0.0
0.0
0.0
0.007009367658071518
0.0
0.0
0.0
0.0
0.0
0.003788397159239583
0.0
0.0
0.0
0.0
0.0
0.0
0.0
0.0
0.0
0.0
0.0
0.0
0.0
0.0
0.0
0.0
0.0
0.0
0.0
0.0
0.0
0.0
0.0
0.0
0.0
0.0
0.0
0.0
0.0
0.0
0.0
0.0
0.0
0.0
0.0
0.0
0.0
0.0
0.0
0.0
0.0
0.0
0.0
0.0
0.0
0.0
0.0
0.0
0.0
0.0
0.0
0.0
0.0
0.0
0.0
0.0
0.021699637578417526
0.0
0.0
0.0
0.0
0.0
0.0
0.0
0.0
0.0
0.0
0.0
0.0
0.0
0.0
0.0
0.0
0.0
0.009106084865089728
0.0
0.009636664887764863
0.0
0.0
0.0
0.007400426616931578
0.0
0.0
0.0
0.004896432297236439
0.0
0.0
0.0
0.0
0.0
0.0
0.0
0.0
0.0
0.0
0.0
0.0
0.0
0.0
0.0
0.0
0.0
0.0
0.0
0.00879638579862986
0.0
0.0
0.0
0.0
0.0
0.0
0.0
0.0
0.0
0.0
0.006552850458314564
0.0
0.0
0.0
0.0
0.0
0.0
0.0
0.0
0.0
0.0
0.0
0.0
0.0
0.0
0.0
0.0
0.0
0.0
0.0
0.0
0.0
0.0
0.0
0.0
0.0
0.0
0.0
0.0
0.0
0.0
0.0
0.0
0.0
0.0
0.0
0.0
0.0
0.0
0.0
0.0
0.0
0.0
0.0
0.0
0.0
0.0
0.0
0.0
0.0
0.0
0.0
0.0
0.00774246630814507
0.0
0.0
0.0
0.04818332443882432
0.042762337512998606
0.0
0.0
0.0
0.05424909394604382
0.0
0.007898666014853086
0.0
0.0
0.018768463228584862
0.00439819289931493
0.0
0.0
0.0
0.0
0.0
0.0
0.0
0.0
0.0
0.0
0.0
0.0
0.0
0.0
0.0
0.0
0.0
0.0
0.0
0.0
0.0
0.0
0.0
0.007898666014853086
0.0
0.0
0.0
0.0
0.0
0.0
0.0
0.0
0.0
0.0
0.0
0.0
0.0
0.0
0.0
0.0
0.015153588636958332
0.0
0.0
0.0
0.0
0.0
0.03285313007288849
0.0
0.0
0.0
0.0
0.0
0.0
0.0
0.0
0.0
0.0
0.0
0.0
0.018589250393102736
0.08800226755767616
0.30662921401362586
0.0
0.0
0.0
0.007211886285469935
0.0
0.0
0.010951043357629496
0.0
0.0
0.0
0.0
0.0
0.0
0.0
0.0
0.0
0.0
0.0
0.0
0.0
0.0
0.0
0.0
0.0
0.0
0.0
0.0
0.0
0.0
0.0
0.0416106413381929
0.0
0.0
0.0
0.0
0.0
0.0
0.0
0.0
0.01014826739738674
0.0
0.007211886285469935
0.009555084175931212
0.0
0.0
0.006004467435233293
0.0
0.0
0.0
0.0
0.0
0.0
0.0
0.0
0.0
0.0
0.0
0.0
0.0
0.0
0.0
0.0030022337176166466
0.0
0.0
0.0
0.0
0.0
0.0
0.009715880605165076
0.0
0.0
0.0
0.0
0.0
0.0
0.0
0.0
0.0
0.0
0.0
0.0
0.0
0.0
0.0
0.0030022337176166466
0.0
0.0
0.0
0.0
0.0
0.0
0.0
0.0
0.0
0.0
0.009636664887764863
0.0
0.0
0.0
0.0
0.0
0.0
0.0
0.015797332029706172
0.0
0.0
0.0
0.0
0.0
0.0
0.0
0.0
0.0
0.0
0.0
0.0
0.0018941985796197915
0.0
0.009201980700790589
0.0
0.0
0.0
0.0
0.0
0.0
0.0
0.0
0.0
0.0
0.0
0.0
0.0
0.0
0.0
0.0
0.0
0.0
0.0
0.0
0.0
0.0
0.0
0.0
0.0
0.0
0.0
0.0
0.0
0.0
0.0
0.0
0.0
0.0
0.0
0.0
0.0
0.0
0.0
0.0
0.0
0.00879638579862986
0.0
0.0
0.0
0.0
0.0
0.0
0.0
0.0
0.0
0.0
0.0
0.0
0.0
0.0
0.0
0.0
0.0
0.0
0.0
0.007211886285469935
0.0
0.0
0.0
0.0
0.0
0.0
0.0
0.0
0.0
0.0
0.0
0.0
0.04297880010304687
0.0
0.0
0.0
0.0
0.0
0.0
0.0
0.0
0.0
0.0
0.0
0.0
0.0
0.0
0.0
0.0
0.0
0.008186590058554514
0.0
0.0
0.0
0.0
0.0
0.0
0.0
0.0
0.0
0.0
0.0
0.0
0.0
0.0
0.0
0.0
0.0
0.0
0.0
0.0
0.006790630876856231
0.0
0.0
0.0
0.0
0.0
0.0
0.0
0.0
0.0
0.0
0.0
0.0
0.0
0.0
0.0
0.0
0.0
0.0
0.0
0.0
0.0
0.008684829456476022
0.0
0.0
0.0
0.0
0.0
0.0
0.04360359892987893
0.010690584378249652
0.0
0.0
0.009470992898098959
0.008684829456476022
0.0
0.0
0.0
0.0
0.0
0.0
0.0
0.0
0.0
0.0
0.0
0.0
0.0
0.0
0.0
0.0
0.0
0.0
0.0
0.0
0.0
0.0
0.0
0.0
0.0
0.0
0.0
0.008684829456476022
0.0
0.0
0.0
0.0
0.0
0.0
0.0
0.0
0.0
0.0
0.0
0.0
0.0
0.0
0.0
0.0
0.010214120003086583
0.008447049037934357
0.0
0.0
0.0
0.0
0.0
0.0
0.0
0.009470992898098959
0.008319921423466792
0.0
0.0
0.009940616841912464
0.009715880605165076
0.0
0.0
0.0
0.0
0.0
0.0
0.0
0.007898666014853086
0.0
0.0
0.0
0.0
0.0
0.0
0.0
0.0
0.0
0.0
0.0
0.0
0.007898666014853086
0.0
0.0
0.0
0.0
0.00856852463198532
0.0
0.0
0.0
0.0
0.0
0.0
0.0
0.0
0.0
0.0
0.0
0.0
0.0
0.0
0.0
0.0
0.0
0.0
0.0
0.0
0.0
0.0
0.0
0.0
0.0
0.0
0.0
0.0
0.0
0.0
0.0
0.0
0.0
0.0
0.0
0.0
0.0
0.0
0.0
0.0
0.0
0.0
0.0
0.0
0.0
0.0
0.0
0.0
0.0
0.0
0.0
0.0
0.0
0.00439819289931493
0.0
0.0
0.0
0.0
0.0
0.0
0.0
0.0
0.0
0.0
0.0
0.0
0.0
0.0
0.0
0.0
0.0
0.0
0.0
0.017369658912952043
0.0
0.0
0.0
0.0
0.0
0.0
0.0
0.0
0.0
0.008319921423466792
0.0
0.0
0.0
0.0
0.0
0.0
0.0
0.0
0.0
0.0
0.0
0.03156448293965913
0.0
0.0
0.0
0.0
0.0
0.0
0.0
0.0
0.0
0.0
0.0
0.0
0.0
0.0
0.0
0.0
0.0
0.0
0.0
0.0
0.0
0.0
0.0
0.0
0.0
0.0
0.0
0.0
0.0
0.009636664887764863
0.0
0.0
0.0
0.0
0.0
0.0
0.0
0.00439819289931493
0.0
0.0
0.0
0.0
0.0
0.0
0.0
0.0
0.0
0.010462723211605112
0.0
0.0
0.0
0.0
0.0
0.02200056688941904
0.0018941985796197915
0.0
0.0
0.04400113377883808
0.0
0.009636664887764863
0.0
0.0
0.0
0.0
0.009201980700790589
0.009384231614292431
0.0
0.0
0.0
0.0
0.030835268972992956
0.0
0.0
0.0
0.0
0.0
0.003788397159239583
0.0
0.0
0.0
0.0
0.0
0.0
0.0
0.0
0.0
0.0
0.0
0.0
0.0
0.0
0.0
0.0
0.0
0.0
0.007898666014853086
0.0
0.0
0.028909994663294587
0.0
0.0
0.0
0.0
0.0
0.0
0.0
0.0
0.0
0.00439819289931493
0.0
0.0
0.0
0.0
0.0
0.0
0.0
0.0
0.0
0.0
0.0
0.0
0.0
0.0
0.0
0.0
0.0
0.0
0.0
0.0
0.0
0.0
0.0
0.0
0.0
0.0
0.0
0.0
0.0
0.0
0.0
0.0
0.0
0.0
0.0
0.0
0.0
0.0
0.0
0.0
0.0
0.010214120003086583
0.0
0.0
0.0
0.0
0.0
0.0
0.0
0.0
0.0
0.0
0.0
0.0
0.0
0.0
0.0
0.007211886285469935
0.0
0.0
0.0
0.0
0.0
0.0
0.0
0.0
0.0
0.005317687705850145
0.0
0.0
0.0
0.0
0.0
0.0
0.0
0.0
0.0
0.0
0.0
0.0
0.0
0.0
0.0
0.0
0.0
0.0
0.0
0.0
0.0
0.0
0.0
0.0
0.0
0.0
0.0
0.0
0.0
0.0
0.008447049037934357
0.0
0.06241596200728935
0.007898666014853086
0.009940616841912464
0.0
0.0
0.031207981003644674
0.0
0.0
0.006790630876856231
0.0
0.0
0.0
0.0
0.0
0.0
0.0
0.0
0.0
0.0
0.0
0.0
0.0
0.0
0.0
0.0
0.0
0.0
0.0
0.0
0.03156448293965913
0.0
0.007400426616931578
0.0
0.0
0.0
0.0
0.0
0.0
0.0
0.0
0.0
0.0
0.0
0.009201980700790589
0.0
0.007400426616931578
0.0
0.0
0.0
0.0
0.0
0.0
0.0
0.0
0.0
0.0
0.0
0.0
0.0
0.0
0.07594873152446134
0.0
0.0
0.0
0.0
0.0
0.0
0.0
0.007009367658071518
0.0
0.0
0.0
0.0
0.0
0.0
0.0
0.0
0.0
0.0
0.005317687705850145
0.0
0.0
0.0
0.0
0.0
0.0
0.0
0.0
0.0
0.0
0.0
0.0
0.0
0.0
0.0
0.0
0.0
0.0
0.0
0.0
0.0
0.0
0.0
0.0
0.0
0.0
0.0
0.0
0.0
0.0
0.0
0.0
0.0
0.032071753134748957
0.0
0.0
0.0
0.0
0.00856852463198532
0.0
0.0
0.0
0.006004467435233293
0.0
0.0
0.0
0.0
0.0
0.0
0.0
0.0
0.0
0.0
0.0
0.0
0.0
0.0
0.0
0.03173708410828744
0.0
0.0
0.009792864594472877
0.0
0.0
0.0
0.0
0.0
0.0
0.0
0.0
0.0
0.0
0.0
0.0
0.0
0.0
0.0
0.0
0.0
0.0
0.0
0.0
0.0
0.0
0.0
0.0
0.0
0.0
0.0
0.0
0.0
0.0
0.0
0.0
0.00439819289931493
0.0
0.0
0.0
0.0
0.0
0.0
0.0
0.0
0.0
0.0
0.0
0.0
0.0
0.0
0.0
0.0
0.0
0.0
0.0
0.0
0.0
0.0
0.0
0.0
0.0
0.0
0.0
0.0
0.0
0.0
0.0
0.0
0.0
0.0
0.0
0.0
0.0
0.0
0.0
0.0
0.03976246736764986
0.00890356623769131
0.0
0.0
0.0
0.0
0.0
0.0
0.0
0.0
0.0
0.0
0.0
0.0
0.0
0.0
0.0
0.0
0.0
0.0
0.0
0.0
0.0
0.0
0.0
0.0
0.0
0.0
0.009470992898098959
0.0
0.004896432297236439
0.0
0.0
0.0
0.0
0.0
0.0
0.0
0.0
0.0
0.0
0.0
0.0
0.0
0.0
0.0
0.0
0.0
0.003788397159239583
0.0
0.0
0.0
0.0
0.00439819289931493
0.0
0.0
0.0
0.0
0.0
0.009106084865089728
0.0
0.0
0.0018941985796197915
0.0
0.0
0.0
0.0
0.0
0.0
0.0
0.0
0.0
0.0
0.0
0.0
0.0
0.0
0.006292391478934721
0.0
0.0
0.0
0.0
0.0
0.0
0.0
0.0
0.0
0.0
0.0
0.009384231614292431
0.0
0.0
0.009384231614292431
0.0
0.010341247617554148
0.007898666014853086
0.0
0.0
0.0
0.0
0.0
0.0
0.0
0.12046147693392446
0.0
0.0
0.0
0.0
0.0
0.009106084865089728
0.0
0.0
0.0
0.0
0.0
0.0
0.0
0.0
0.0
0.0
0.0
0.0
0.0
0.0
0.018768463228584862
0.0
0.0
0.0
0.0
0.0
0.0
0.0
0.0
0.0
0.0
0.0
0.020556845981995305
0.0
0.0
0.0
0.0
0.0
0.0
0.0
0.0
0.0
0.0
0.0
0.0
0.0
0.0
0.0
0.0
0.0
0.0
0.0
0.0
0.0
0.0
0.0
0.0
0.0
0.0
0.0
0.0
0.00439819289931493
0.0
0.0
0.0
0.0
0.0
0.0
0.0
0.0
0.0
0.0
0.0
0.0
0.0
0.0
0.0
0.0
0.0
0.0
0.0
0.0
0.0
0.0
0.0
0.0
0.009940616841912464
0.0
0.0
0.0
0.0
0.0
0.0
0.0
0.0
0.0
0.0
0.0
0.0
0.0
0.0
0.0
0.0
0.0
0.0
0.0
0.0
0.0
0.0
0.0
0.0
0.03223410007728515
0.0
0.0
0.0030022337176166466
0.0
0.0
0.0
0.0
0.0
0.052607471566098546
0.0
0.0
0.0
0.0
0.0
0.01713704926397064
0.0
0.0
0.0
0.00856852463198532
0.0
0.0
0.0
0.0
0.0
0.0
0.0
0.0
0.0
0.0
0.0
0.0
0.0
0.0
0.0
0.0
0.0
0.0
0.0
0.0
0.0
0.0
0.0
0.0
0.0
0.0
0.0
0.0
0.0
0.0
0.0
0.0
0.0
0.0
0.0
0.0
0.0
0.0
0.0
0.0
0.0
0.006292391478934721
0.0
0.0
0.0
0.0
0.0
0.007400426616931578
0.0
0.0
0.0
0.0
0.0
0.0
0.0
0.0
0.0
0.0
0.0
0.0
0.0
0.0
0.0
0.0
0.0
0.0
0.0
0.0
0.0
0.004896432297236439
0.0
0.0
0.0
0.0
0.0
0.0
0.0
0.0
0.0
0.0
0.0
0.0
0.0
0.0
0.0
0.0
0.0
0.0
0.00879638579862986
0.008046418262292672
0.0
0.0
0.0
0.0
0.0
0.0
0.0
0.0
0.0
0.0
0.0
0.0
0.009792864594472877
0.0
0.0
0.0
0.0
0.008684829456476022
0.007576794318479166
0.0
0.0
0.0
0.0
0.0
0.0
0.0
0.0
0.0
0.0
0.0
0.0
0.0
0.0018941985796197915
0.0
0.0
0.0
0.0
0.0
0.0
0.0
0.0
0.0
0.0
0.0
0.0
0.0
0.0
0.005317687705850145
0.0
0.0
0.0
0.0
0.0
0.005682595738859374
0.0
0.0
0.0
0.0
0.0
0.0
0.009006701152849942
0.0
0.0
0.0
0.008186590058554514
0.0
0.0
0.0
0.0
0.0
0.0
0.0
0.0
0.0
0.0
0.0
0.0
0.0
0.0
0.0
0.0
0.0
0.0
0.0
0.0
0.0
0.0
0.0
0.0
0.0
0.0
0.0
0.0
0.0
0.0
0.0
0.0
0.0
0.0
0.0
0.0
0.0
0.0
0.0
0.0
0.0
0.0
0.0
0.0
0.0
0.0
0.0
0.0
0.0
0.0
0.0
0.0
0.0
0.0
0.0
0.0
0.0
0.0
0.0
0.0
0.0
0.0
0.0
0.0
0.0
0.007009367658071518
0.0
0.005682595738859374
0.0
0.0
0.0
0.0
0.0
0.0
0.0098677391657699
0.01759277159725972
0.0
0.0
0.0
0.0
0.0
0.0
0.0
0.0
0.0
0.0
0.0
0.0
0.0
0.0
0.0
0.0
0.0
0.0
0.0
0.0
0.0
0.0
0.0
0.0
0.0
0.0
0.0
0.0
0.0
0.0
0.0
0.0
0.0
0.0
0.0
0.0
0.0
0.0
0.003788397159239583
0.0
0.0
0.0
0.0
0.0
0.0
0.0
0.0
0.0
0.0
0.0
0.0
0.0
0.0
0.0
0.0
0.0
0.0
0.0
0.0
0.0
0.0
0.0
0.0
0.0
0.0
0.0
0.0
0.0
0.0
0.0
0.0
0.0
0.0
0.0
0.008684829456476022
0.0
0.010579028036095813
0.0
0.0
0.0
0.0
0.0
0.0
0.020428240006173166
0.0
0.009106084865089728
0.0
0.0
0.0
0.0
0.0
0.0
0.0
0.0
0.0
0.005682595738859374
0.007211886285469935
0.0
0.0
0.0
0.0
0.010579028036095813
0.0
0.0
0.0
0.0
0.0
0.0018941985796197915
0.0
0.0
0.0
0.0
0.0
0.0
0.0
0.0
0.0
0.0
0.0
0.0
0.0
0.0
0.0
0.0
0.0
0.0
0.0
0.0
0.0
0.0
0.0
0.0
0.009294625196551368
0.0
0.0
0.0
0.0
0.0
0.0
0.0
0.0
0.008186590058554514
0.0
0.0
0.0
0.0
0.0
0.0
0.0
0.0
0.0
0.00856852463198532
0.0
0.0
0.0
0.0
0.0
0.0
0.0
0.0
0.0
0.0
0.0
0.0
0.0
0.0
0.0
0.0
0.010080788638174307
0.0
0.0
0.0
0.009006701152849942
0.0
0.0
0.0
0.018941985796197918
0.0
0.0
0.0
0.0
0.0030022337176166466
0.0
0.0
0.0
0.0
0.0
0.006790630876856231
0.0
0.0
0.0
0.0
0.007211886285469935
0.0
0.0
0.0
0.0
0.0
0.0
0.0
0.0
0.0
0.0
0.003788397159239583
0.0
0.0
0.0
0.01780713247538262
0.0
0.0
0.0
0.0
0.0
0.0
0.0
0.0
0.008684829456476022
0.0
0.0
0.04004640550275266
0.0
0.0
0.0
0.0
0.0
0.0
0.0
0.0
0.0
0.0
0.0
0.0
0.008186590058554514
0.0
0.0
0.0
0.0
0.0
0.0
0.0
0.0
0.0
0.0
0.0
0.0
0.0
0.0
0.0
0.0
0.0
0.0
0.0
0.0
0.0
0.0
0.0
0.0
0.0
0.0
0.010579028036095813
0.0
0.0
0.0
0.0
0.0
0.0
0.0
0.0
0.0
0.0
0.0
0.017369658912952043
0.030444802192160222
0.0
0.0
0.0
0.0
0.0
0.0
0.0
0.0
0.0
0.0
0.0
0.0
0.0
0.0
0.0
0.0
0.0
0.008684829456476022
0.0
0.0
0.0
0.0
0.0
0.0
0.0
0.008319921423466792
0.0
0.0
0.0
0.0
0.0
0.0
0.0
0.0
0.008186590058554514
0.005682595738859374
0.0
0.005682595738859374
0.0
0.0
0.0
0.0
0.006790630876856231
0.0
0.0
0.0
0.0
0.003788397159239583
0.0
0.0
0.0
0.0
0.0
0.0
0.0
0.0
0.0
0.0
0.0
0.0
0.0
0.0
0.0
0.0
0.0
0.0
0.0
0.0
0.0
0.009006701152849942
0.0
0.0
0.003788397159239583
0.0
0.0
0.0
0.0
0.0
0.0
0.0
0.0
0.0
0.0
0.0
0.0
0.0
0.0
0.0
0.0
0.010462723211605112
0.0
0.006552850458314564
0.0
0.0
0.02104298862643942
0.0
0.0
0.07665730350340647
0.0
0.006790630876856231
0.018013402305699883
0.0
0.0
0.0
0.0
0.00439819289931493
0.0
0.0
0.0
0.0
0.0
0.0
0.0
0.0
0.0
0.0
0.0
0.0
0.0
0.0
0.0
0.0
0.0
0.0
0.0
0.0
0.0
0.0
0.0
0.0
0.0
0.0
0.0
0.0
0.0
0.0
0.0
0.0
0.0
0.0
0.0
0.0
0.0
0.0
0.0
0.0
0.0
0.0
0.0
0.0
0.0
0.0
0.0
0.0
0.0
0.0
0.0
0.0
0.0
0.0
0.0030022337176166466
0.0
0.0
0.0
0.0
0.0
0.0
0.0
0.0
0.0030022337176166466
0.0
0.0
0.0
0.0
0.0
0.0
0.0
0.0
0.0
0.0
0.0
0.0
0.0
0.0
0.0
0.0
0.0
0.0
0.0
0.0
0.0
0.0
0.0
0.0
0.0
0.0
0.0
0.0
0.0
0.0
0.0
0.0
0.0
0.0
0.0
0.0
0.009201980700790589
0.0
0.0
0.010080788638174307
0.018013402305699883
0.0
0.018212169730179455
0.015153588636958332
0.0
0.0
0.0
0.0
0.0
0.0
0.0
0.0
0.0
0.0
0.10278422990997652
0.0
0.0
0.0
0.0
0.01780713247538262
0.0
0.011365191477718748
0.006004467435233293
0.0
0.0
0.0
0.0
0.0
0.0
0.0
0.0
0.0
0.0
0.0
0.0
0.008684829456476022
0.0
0.0
0.009470992898098959
0.0
0.0
0.0
0.0
0.0
0.0
0.01014826739738674
0.0
0.0
0.0
0.0
0.0
0.0
0.0
0.0
0.0
0.0
0.0
0.0
0.0
0.0
0.0
0.0
0.0
0.0
0.0
0.0
0.0
0.0
0.0
0.0
0.006790630876856231
0.006790630876856231
0.020161577276348614
0.0
0.0
0.0
0.0
0.0
0.0
0.0
0.0
0.0
0.0
0.0
0.0
0.008447049037934357
0.0
0.0
0.0
0.0
0.0
0.0
0.0
0.0
0.0
0.0
0.0
0.0
0.0
0.0
0.0
0.0
0.0
0.05398882408655551
0.0
0.0
0.0
0.0
0.0
0.0
0.027020103458549823
0.0
0.0
0.018768463228584862
0.0
0.0
0.0
0.0
0.0
0.0
0.0
0.0
0.0
0.0
0.0
0.0
0.0
0.0
0.003788397159239583
0.0
0.005317687705850145
0.0
0.0
0.0
0.0
0.0
0.0
0.0
0.0
0.0
0.005682595738859374
0.0
0.0
0.0
0.008319921423466792
0.0
0.0
0.0
0.0
0.0
0.0
0.0
0.0
0.0
0.0
0.0
0.0
0.0
0.018589250393102736
0.0
0.0
0.0
0.0
0.0
0.010579028036095813
0.0
0.0
0.0
0.0
0.0
0.0
0.0
0.0
0.0
0.0
0.0
0.0
0.0
0.0
0.0
0.0
0.0
0.0
0.0
0.0
0.0
0.0
0.0
0.0
0.017369658912952043
0.0
0.0
0.0
0.0
0.0
0.0
0.0
0.0
0.0
0.0
0.0
0.0
0.0
0.0
0.0
0.0
0.0
0.0
0.0
0.02638915739588958
0.0
0.007009367658071518
0.0
0.0
0.0
0.0
0.0
0.0
0.0
0.0
0.0
0.07700198411296663
0.006552850458314564
0.0030022337176166466
0.0
0.0
0.0
0.0
0.0
0.0
0.0
0.0
0.0
0.0
0.0
0.0
0.0
0.0
0.0
0.0
0.0
0.0
0.0
0.030444802192160222
0.0
0.0
0.0
0.0
0.0
0.0
0.0
0.0
0.0
0.0
0.0
0.005317687705850145
0.0
0.0
0.0
0.0
0.0
0.0
0.0
0.0
0.0
0.0
0.0
0.0
0.0
0.0
0.05424909394604382
0.0
0.0
0.0
0.0
0.0
0.0
0.0
0.0
0.0
0.0
0.0
0.0
0.0
0.0
0.0
0.0
0.0
0.0
0.0
0.0
0.0
0.0
0.0
0.0
0.01988123368382493
0.0
0.22784619457338404
0.0
0.0
0.0
0.0
0.0
0.007898666014853086
0.0
0.010011601375688165
0.0
0.0
0.0
0.0
0.0
0.0
0.0
0.0
0.0
0.0
0.0
0.0
0.043804173430517984
0.0
0.0
0.0
0.0
0.0
0.0
0.0
0.0
0.0
0.0
0.0
0.0
0.0
0.0
0.0
0.0
0.0
0.0
0.0
0.0
0.0
0.0
0.0
0.0
0.0
0.0
0.0
0.0
0.0
0.07630629812728813
0.0
0.009792864594472877
0.0
0.0
0.0
0.0
0.0
0.0
0.0
0.0
0.0
0.0
0.0
0.0
0.0
0.0
0.0
0.0
0.0
0.0
0.0
0.02884754514187974
0.0
0.0
0.0
0.006004467435233293
0.0
0.0
0.0
0.0
0.0
0.0
0.0
0.0
0.0
0.0
0.0
0.0
0.0
0.0
0.0
0.0
0.0
0.0
0.0
0.0
0.0
0.0
0.0
0.0
0.0
0.0
0.0
0.0
0.0
0.0
0.0
0.0
0.0
0.0
0.0
0.0
0.0
0.0
0.0
0.008447049037934357
0.0
0.0
0.0
0.0
0.008684829456476022
0.0
0.0
0.0
0.00856852463198532
0.0
0.0
0.0
0.0
0.0
0.0
0.0
0.0
0.0
0.0
0.0
0.0
0.0
0.0
0.0
0.0
0.0
0.0
0.0
0.0
0.0
0.0
0.007400426616931578
0.0
0.0
0.0
0.0
0.0
0.0
0.0
0.0
0.0
0.0
0.0
0.0
0.0030022337176166466
0.006790630876856231
0.0
0.0
0.009470992898098959
0.0
0.0
0.0
0.0
0.0
0.0
0.00774246630814507
0.0
0.0
0.0
0.0018941985796197915
0.0
0.0
0.0
0.0
0.0
0.0
0.0
0.0
0.0
0.0
0.0
0.0
0.0
0.0
0.0
0.0
0.05005800687844083
0.0
0.004896432297236439
0.0
0.0
0.0
0.0
0.0
0.021595529634622204
0.0
0.0
0.0
0.0
0.0
0.0
0.0
0.0
0.0
0.0
0.0
0.0
0.006292391478934721
0.0
0.0
0.0
0.007400426616931578
0.0
0.0
0.007400426616931578
0.0
0.0
0.0
0.06478658890386663
0.0
0.0
0.0
0.0
0.007009367658071518
0.0
0.016894098075868714
0.0
0.0
0.0
0.0
0.0
0.0
0.0
0.0
0.0
0.0
0.0197354783315398
0.0
0.0
0.0
0.0
0.007576794318479166
0.0030022337176166466
0.0
0.0
0.0
0.0
0.0
0.0
0.0
0.0
0.0
0.0
0.008319921423466792
0.0
0.0
0.0
0.006292391478934721
0.0
0.0
0.0
0.007576794318479166
0.0
0.0
0.0
0.0
0.0
0.0
0.0
0.0
0.0
0.007576794318479166
0.02914764181549523
0.006004467435233293
0.0
0.0
0.0
0.0
0.0
0.0
0.0
0.0
0.0
0.0
0.0
0.0
0.0
0.0
0.0
0.0
0.0
0.0
0.0
0.0
0.0
0.0
0.0
0.0
0.0
0.004896432297236439
0.0
0.0
0.0
0.0
0.2200056688941904
0.0
0.0
0.0
0.021028102974214553
0.0
0.0
0.0
0.0
0.0
0.0
0.0
0.010797764817311102
0.0
0.0
0.0
0.0
0.0
0.0
0.0
0.0
0.0
0.0
0.0
0.009792864594472877
0.0
0.0
0.0
0.0
0.0592064349946194
0.0
0.0
0.009715880605165076
0.0
0.0
0.0
0.008319921423466792
0.0
0.0
0.0
0.0
0.020428240006173166
0.0
0.0
0.0
0.0
0.0
0.0
0.0
0.0
0.0
0.0
0.0
0.0
0.0
0.0
0.0
0.0
0.007211886285469935
0.0
0.0
0.0
0.0
0.0
0.0
0.0
0.0
0.0
0.0
0.0
0.0
0.0
0.0
0.0
0.0
0.0
0.0
0.0
0.0
0.0
0.0
0.0
0.0
0.0
0.0
0.009636664887764863
0.020428240006173166
0.007009367658071518
0.02841297869429688
0.0
0.0
0.0
0.0
0.0
0.009636664887764863
0.0
0.0
0.0
0.0
0.0
0.0
0.0
0.006292391478934721
0.0
0.0
0.0
0.0
0.0
0.0
0.0
0.0
0.0
0.0
0.0
0.0
0.0
0.0
0.0018941985796197915
0.0
0.0
0.0
0.0
0.0
0.0
0.0
0.0
0.0
0.0
0.007898666014853086
0.0
0.008447049037934357
0.0
0.0
0.0
0.0
0.0
0.0
0.0
0.0
0.01943176121033015
0.006790630876856231
0.0
0.0
0.0
0.0
0.0
0.0
0.007400426616931578
0.00774246630814507
0.0
0.0
0.0
0.0
0.0
0.0
0.005682595738859374
0.009201980700790589
0.0
0.0
0.0
0.0
0.0
0.0
0.0
0.0
0.0
0.0
0.0
0.0
0.006004467435233293
0.0
0.0
0.0
0.0
0.0
0.0
0.0
0.0
0.0
0.0
0.0
0.0
0.0
0.0
0.0
0.0
0.0
0.0
0.0
0.0
0.0
0.0
0.0
0.0
0.0
0.0
0.0
0.042762337512998606
0.0
0.0
0.0
0.0
0.0
0.0
0.0
0.0
0.0
0.0
0.0
0.0
0.0
0.0
0.0
0.0
0.0
0.0
0.0
0.0
0.0
0.0
0.0
0.0
0.0
0.0
0.0
0.0
0.003788397159239583
0.0
0.015011168588083235
0.0
0.0
0.00890356623769131
0.0
0.007400426616931578
0.0
0.0
0.0
0.0
0.018589250393102736
0.0
0.0
0.019585729188945755
0.0
0.0
0.0
0.0
0.0
0.0
0.0
0.008684829456476022
0.006552850458314564
0.09900255100238567
0.0
0.0
0.0
0.0
0.0
0.009792864594472877
0.004896432297236439
0.0
0.0
0.0
0.0
0.0
0.007009367658071518
0.0
0.0
0.0
0.0
0.0
0.0
0.0
0.0
0.0
0.0
0.0
0.0
0.0
0.0
0.0
0.0
0.2041493004894726
0.0
0.0
0.0
0.0
0.0
0.0
0.0
0.0
0.0
0.0
0.0030022337176166466
0.0
0.0
0.0
0.0
0.0
0.0
0.0018941985796197915
0.0
0.0
0.0
0.006004467435233293
0.0
0.0
0.0
0.0
0.0
0.0
0.0
0.0
0.0
0.021902086715258992
0.020161577276348614
0.0
0.0
0.0
0.0
0.0
0.0
0.0
0.0
0.0
0.010402660334548225
0.0
0.0
0.0
0.0
0.0
0.0
0.0
0.0
0.0
0.0
0.0
0.0
0.0
0.0
0.006292391478934721
0.01780713247538262
0.0
0.0
0.0
0.0
0.0
0.0
0.0
0.0
0.0
0.0
0.0
0.030444802192160222
0.0
0.0
0.0
0.0
0.0
0.0
0.0
0.0
0.0
0.0
0.0
0.0
0.0
0.0
0.013581261753712461
0.018877174436804166
0.0
0.0
0.0
0.0
0.0
0.0
0.0
0.0
0.0
0.0
0.0
0.0
0.0
0.0
0.0
0.0
0.0
0.008319921423466792
0.02127075082340058
0.0
0.0
0.0
0.0
0.0
0.0
0.0
0.0
0.0
0.0
0.0
0.0
0.0
0.0
0.0
0.0
0.0
0.0
0.0
0.01052149431321971
0.0
0.0
0.0
0.0
0.0
0.0
0.0
0.005317687705850145
0.0
0.0
0.0
0.0
0.008046418262292672
0.0
0.0
0.0
0.0
0.0
0.0
0.0
0.0
0.0
0.0
0.0
0.0
0.0
0.0
0.0
0.0
0.007576794318479166
0.0098677391657699
0.0
0.0
0.0
0.0
0.0
0.0
0.004896432297236439
0.0
0.0
0.0
0.0
0.0
0.0
0.0
0.0
0.0
0.0
0.0
0.0
0.0
0.0
0.0
0.0
0.0
0.0
0.0
0.0
0.0
0.0
0.0
0.0
0.0
0.0
0.0
0.00856852463198532
0.0
0.0
0.009636664887764863
0.0
0.02127075082340058
0.0
0.0
0.006552850458314564
0.01780713247538262
0.0
0.0
0.0
0.0327026991974092
0.0
0.0
0.0
0.0
0.0
0.0
0.0
0.0
0.0
0.0
0.0
0.0
0.0
0.0
0.0
0.0
0.0
0.0
0.0
0.0
0.0
0.0
0.0
0.009294625196551368
0.0
0.0
0.0
0.0
0.0
0.0
0.0
0.0
0.0
0.0
0.0
0.0
0.0
0.0
0.0
0.0
0.0
0.0
0.0
0.0
0.0
0.0
0.0
0.0
0.0
0.0
0.0
0.0
0.0
0.0
0.009201980700790589
0.0
0.0
0.0
0.005682595738859374
0.0
0.0
0.0
0.0
0.0
0.009470992898098959
0.0
0.0
0.0
0.0
0.0
0.0
0.0
0.027883875589654106
0.0
0.0
0.0
0.0
0.0
0.0
0.0
0.0
0.0
0.0
0.0
0.0
0.0
0.0
0.0
0.0
0.0
0.0
0.020682495235108296
0.0
0.0
0.0
0.0
0.007009367658071518
0.0
0.0
0.0
0.0
0.0
0.0
0.0
0.0
0.0
0.0
0.019273329775529726
0.0
0.08720719785975786
0.009384231614292431
0.0
0.0
0.0
0.0
0.0
0.0
0.0
0.0
0.0
0.0
0.0
0.0
0.0
0.0
0.0
0.0
0.0
0.0
0.0
0.0
0.0
0.0
0.0
0.0
0.0
0.0
0.0
0.0
0.0
0.0
0.0
0.0
0.0
0.0
0.0
0.0
0.0
0.0
0.0
0.0
0.0
0.0
0.0
0.0
0.0
0.0
0.010011601375688165
0.0
0.0
0.0
0.0
0.0
0.0
0.0
0.0
0.0
0.0
0.0
0.0
0.0
0.0
0.0
0.0
0.0
0.0
0.0
0.02104298862643942
0.0
0.031207981003644674
0.0
0.0
0.0
0.0
0.0
0.0
0.0
0.0
0.0
0.0
0.0
0.0
0.0
0.0
0.0
0.0
0.0
0.007400426616931578
0.0
0.0
0.018212169730179455
0.0
0.0
0.0
0.0
0.0
0.0
0.0
0.0
0.0
0.0
0.0
0.0
0.0
0.0
0.0
0.0
0.0
0.0
0.0
0.0
0.0018941985796197915
0.0
0.0
0.0
0.0
0.0
0.0
0.0
0.0
0.0
0.0
0.0
0.0
0.0
0.0
0.0
0.0
0.0
0.0
0.0
0.0
0.0
0.0
0.0
0.03024236591452292
0.0
0.0
0.0
0.0
0.08595760020609373
0.0
0.0
0.0
0.0
0.0
0.003788397159239583
0.0
0.0
0.0
0.0
0.0
0.0
0.0
0.0
0.0
0.0
0.0
0.0
0.0
0.0
0.0
0.0
0.0
0.0
0.0
0.0
0.0
0.0
0.0
0.0
0.0
0.0
0.0
0.0
0.0
0.0
0.0
0.0
0.0
0.0
0.0
0.0
0.0
0.0
0.0
0.0
0.0
0.0
0.0
0.0
0.0
0.0
0.0
0.0
0.0018941985796197915
0.0
0.0
0.0
0.0
0.0
0.005317687705850145
0.0
0.0
0.0327026991974092
0.0
0.0
0.0
0.0
0.0
0.0
0.0
0.0
0.007211886285469935
0.0
0.0
0.0
0.0
0.0
0.0
0.0
0.0
0.0
0.0
0.0
0.0
0.0
0.005682595738859374
0.0
0.0
0.0
0.0
0.0
0.0
0.0
0.0
0.0
0.0
0.0
0.0
0.0018941985796197915
0.0
0.0
0.0
0.01014826739738674
0.06570626014577698
0.0
0.0
0.0
0.0
0.009636664887764863
0.0
0.0
0.0
0.0
0.0
0.0
0.0
0.0
0.0
0.05398882408655551
0.02002320275137633
0.0
0.0
0.0
0.005317687705850145
0.0
0.0
0.0
0.0
0.0
0.0
0.0
0.0
0.0
0.0
0.0
0.028909994663294587
0.0
0.0
0.0
0.0
0.0
0.010462723211605112
0.006004467435233293
0.006292391478934721
0.0
0.0
0.007009367658071518
0.0
0.006292391478934721
0.0
0.0
0.0
0.0
0.0
0.0
0.007576794318479166
0.0
0.0
0.0
0.0
0.0
0.0
0.0
0.0
0.010579028036095813
0.0
0.10797764817311102
0.0
0.0
0.0
0.0
0.0
0.0
0.0
0.0
0.0
0.0
0.0
0.0
0.0
0.0
0.0
0.0
0.0
0.0
0.0
0.0
0.0
0.0
0.0
0.0
0.0
0.0
0.0
0.0
0.0
0.0
0.0
0.0
0.0
0.0
0.0
0.033000850334128556
0.0
0.0
0.0
0.0
0.0
0.01014826739738674
0.0
0.010744700025761717
0.0
0.0
0.0
0.0
0.0
0.0
0.0
0.0
0.0
0.0
0.0
0.0
0.0
0.010214120003086583
0.0296032174973097
0.0
0.0
0.0
0.003788397159239583
0.0
0.0
0.0
0.0
0.0
0.0
0.0
0.0
0.0
0.0
0.0
0.0
0.0
0.0
0.0
0.0
0.0
0.0
0.0
0.0
0.0
0.0
0.0
0.0
0.0
0.008046418262292672
0.0
0.0
0.0
0.02982185052573739
0.0
0.0
0.0
0.0
0.0
0.0
0.0
0.0
0.0
0.0
0.0
0.0
0.0
0.0
0.0
0.009294625196551368
0.0
0.0
0.0
0.0
0.0
0.0
0.0
0.08800226755767616
0.0
0.0
0.032549456367626295
0.0
0.0
0.0
0.0
0.0
0.0
0.0
0.0
0.0
0.0
0.0
0.0
0.018403961401581178
0.018013402305699883
0.0
0.0
0.0
0.0
0.0
0.0
0.0
0.0
0.0
0.0
0.0
0.0
0.0
0.0
0.04339927515683505
0.0
0.0
0.009384231614292431
0.0
0.0
0.0
0.0
0.0
0.0
0.0
0.0
0.0
0.0
0.0
0.03223410007728515
0.0
0.0
0.0
0.0
0.0
0.3410087867859951
0.0
0.0
0.0
0.0
0.05450449866234866
0.0
0.0
0.0
0.0
0.0
0.0
0.006004467435233293
0.0
0.0
0.0
0.0
0.0
0.0
0.0
0.0
0.0
0.007009367658071518
0.0
0.0
0.0
0.0
0.0
0.05317687705850145
0.0
0.0
0.0
0.0
0.0
0.0
0.0
0.0
0.0
0.0
0.0
0.0
0.0
0.0
0.0
0.008447049037934357
0.0
0.0
0.0
0.0
0.0
0.0
0.0
0.0
0.0
0.0
0.0
0.0
0.0
0.0
0.0
0.0
0.0
0.0
0.0
0.0
0.0
0.0
0.0
0.0
0.0
0.0
0.0
0.0
0.0
0.0
0.0
0.0
0.0
0.0
0.0
0.0
0.0
0.0
0.0
0.0
0.0
0.0
0.0
0.0
0.0
0.0
0.0
0.0
0.0
0.0
0.0
0.0
0.0
0.020556845981995305
0.0
0.0
0.0
0.0
0.0
0.0
0.0
0.0
0.0
0.0
0.0
0.0
0.0
0.003788397159239583
0.0
0.009555084175931212
0.0
0.0
0.0
0.0
0.0
0.0
0.0
0.0
0.0
0.005682595738859374
0.0
0.0
0.00856852463198532
0.0
0.0
0.0
0.0
0.0
0.0
0.028665252527793637
0.0
0.0
0.0
0.0
0.0
0.0
0.0
0.0
0.0
0.0
0.0
0.0
0.0
0.0
0.0
0.0
0.0
0.0
0.0
0.12100311789180472
0.0
0.009636664887764863
0.0
0.0
0.0
0.0
0.0
0.0
0.0
0.0
0.0
0.0
0.0
0.0
0.0
0.0
0.0
0.0
0.0
0.0
0.0
0.0
0.0
0.0
0.0
0.0
0.0
0.0
0.0
0.0
0.0
0.0
0.0
0.0
0.0
0.0
0.0
0.0
0.0
0.0
0.0
0.0
0.0
0.0
0.009106084865089728
0.0
0.0
0.0
0.0
0.0
0.0
0.0
0.0
0.0
0.0
0.0
0.0
0.0
0.0
0.0
0.0
0.0
0.0
0.0
0.0
0.0
0.0
0.0
0.0
0.0
0.0
0.04231611214438325
0.00774246630814507
0.0
0.0
0.0
0.0
0.0
0.0
0.0
0.0
0.008186590058554514
0.0
0.0
0.0
0.0
0.0
0.003788397159239583
0.0
0.0
0.0
0.0
0.0
0.0
0.0
0.0
0.0
0.0
0.0
0.0
0.0
0.0
0.0
0.0
0.0
0.0
0.0
0.0
0.0
0.0
0.0
0.08272998094043318
0.0
0.0
0.0
0.0
0.0
0.0
0.0
0.0
0.0
0.0
0.007898666014853086
0.0
0.0
0.0
0.0
0.0
0.0
0.0
0.0
0.0
0.0
0.0
0.0
0.0
0.0
0.0
0.0
0.0018941985796197915
0.0
0.0
0.0
0.0
0.0
0.0
0.0
0.007211886285469935
0.04896432297236439
0.0098677391657699
0.0
0.0
0.0
0.0
0.0
0.0
0.0
0.0
0.0
0.0
0.0
0.0
0.0
0.0
0.0
0.0
0.0
0.0
0.0
0.0
0.0
0.0
0.0
0.0
0.0
0.0
0.0
0.0
0.0
0.0
0.0
0.0
0.0
0.0
0.0
0.0
0.0
0.0
0.0
0.0
0.0
0.0
0.0
0.0
0.0
0.0
0.0
0.0
0.0
0.010797764817311102
0.0
0.0
0.0
0.0
0.0
0.0
0.0
0.0
0.0
0.0
0.0
0.0
0.0
0.0
0.0
0.0
0.0
0.0
0.0
0.0
0.0
0.007009367658071518
0.0
0.0
0.0
0.0
0.0
0.0
0.0
0.0
0.0
0.0
0.0
0.0
0.0
0.0
0.009201980700790589
0.0
0.0
0.0
0.009201980700790589
0.0
0.0
0.0
0.0
0.0
0.0
0.0
0.0
0.015797332029706172
0.0
0.0
0.016639842846933584
0.0
0.0
0.0
0.0
0.0
0.0
0.0
0.0
0.0
0.0
0.0
0.0
0.0
0.0
0.0
0.0
0.0
0.0
0.0
0.00774246630814507
0.0
0.0
0.0
0.0
0.0
0.0
0.0
0.0
0.0
0.0
0.0
0.0
0.0
0.005682595738859374
0.0
0.0
0.0
0.0
0.0
0.0
0.0
0.0
0.0
0.0
0.0
0.0
0.0
0.0
0.0
0.02534114711380307
0.01637318011710903
0.02002320275137633
0.0
0.006292391478934721
0.0
0.0
0.0
0.0
0.0
0.0
0.0
0.0
0.0
0.0
0.0
0.0
0.037536926457169724
0.0
0.0
0.0
0.006004467435233293
0.0
0.0
0.010011601375688165
0.0
0.0
0.0
0.0
0.0
0.0
0.0
0.0
0.0
0.0
0.0
0.0
0.0
0.0
0.0
0.0
0.0
0.0
0.0
0.0
0.0
0.0
0.0
0.0
0.0
0.0
0.0
0.04339927515683505
0.0
0.0
0.0
0.0
0.0
0.0
0.0
0.0
0.00774246630814507
0.0
0.0
0.0
0.0
0.0
0.0
0.0
0.0
0.0
0.0
0.0
0.0
0.0
0.006292391478934721
0.0
0.0
0.0
0.0
0.0
0.0
0.0
0.0
0.01988123368382493
0.0
0.0
0.0
0.0
0.0
0.0
0.0
0.0
0.0
0.0
0.0
0.0
0.0
0.0
0.0
0.0
0.0
0.0
0.0
0.0
0.0
0.0
0.0
0.0
0.0
0.0
0.0
0.0
0.0
0.0
0.0030022337176166466
0.0
0.0
0.0
0.0
0.00774246630814507
0.0
0.0
0.0
0.0
0.0
0.010214120003086583
0.007576794318479166
0.0
0.0
0.0
0.0
0.0
0.0
0.0
0.009555084175931212
0.0
0.0
0.0
0.0
0.0
0.0
0.0
0.0
0.0
0.0
0.0
0.0
0.0
0.050741336986933706
0.007400426616931578
0.0
0.0
0.0
0.0
0.0
0.0
0.0
0.007898666014853086
0.0
0.0
0.0
0.0
0.0
0.0
0.0
0.0
0.0
0.0
0.0
0.0
0.0
0.0
0.0
0.0
0.0
0.0
0.0
0.0
0.0030022337176166466
0.0
0.0
0.0
0.0
0.0
0.0
0.0
0.0
0.008186590058554514
0.0
0.0
0.0
0.0
0.0
0.0
0.0
0.0
0.0
0.009636664887764863
0.0
0.0
0.04692115807146216
0.0
0.0
0.0
0.0
0.0
0.0
0.0
0.0
0.0
0.0
0.008046418262292672
0.0
0.0
0.0
0.0
0.0
0.0
0.0
0.0
0.05005800687844083
0.0
0.0
0.0
0.0
0.0
0.0
0.0
0.0
0.0
0.0
0.0
0.0
0.0
0.0
0.0
0.0
0.0
0.0
0.0
0.008447049037934357
0.0
0.0
0.0
0.0
0.0
0.0
0.0
0.006004467435233293
0.0
0.0
0.007400426616931578
0.0
0.0
0.0
0.0
0.0
0.0
0.0
0.0
0.0
0.010900899732469733
0.0
0.009715880605165076
0.0
0.0
0.0
0.0
0.0
0.0
0.0
0.0
0.0
0.0
0.016639842846933584
0.0
0.0
0.0
0.0
0.0018941985796197915
0.0
0.0
0.0
0.0
0.0
0.0
0.0
0.0
0.0
0.0
0.0
0.0
0.0
0.019110168351862425
0.0
0.0
0.0
0.0
0.01943176121033015
0.0
0.0
0.0
0.0
0.0
0.0
0.0
0.0
0.0
0.0
0.0
0.0
0.0
0.0
0.0
0.0
0.0
0.0
0.0
0.008319921423466792
0.0
0.0
0.0
0.0
0.0
0.0
0.0
0.0
0.0
0.0
0.0
0.0
0.0
0.0
0.0
0.0
0.0
0.0
0.0
0.0
0.0
0.0
0.0
0.0
0.0
0.0
0.0
0.0
0.0
0.0
0.0
0.0
0.0
0.0
0.0
0.0
0.0
0.0
0.0
0.0
0.0
0.0
0.0
0.0
0.0
0.008186590058554514
0.0
0.0
0.0
0.0
0.0
0.0
0.0
0.0
0.0
0.0
0.0
0.0
0.0
0.0
0.0
0.00879638579862986
0.0
0.0
0.0
0.0
0.0
0.0
0.0
0.0
0.0
0.005317687705850145
0.0
0.0
0.007009367658071518
0.0
0.0
0.0
0.0
0.0
0.0
0.0
0.0
0.0
0.0
0.0
0.0
0.0
0.0
0.0
0.0
0.0
0.0
0.007400426616931578
0.0
0.0
0.0
0.0
0.0
0.0
0.0
0.021158056072191626
0.0
0.0
0.0
0.0
0.0
0.0
0.0
0.0
0.0
0.016894098075868714
0.0
0.007009367658071518
0.0
0.0
0.0
0.016894098075868714
0.0
0.0
0.0
0.0
0.0
0.0
0.0
0.0
0.0
0.0
0.0
0.0
0.0
0.0
0.0
0.003788397159239583
0.0
0.0030022337176166466
0.0
0.0
0.0
0.0
0.0
0.0
0.0
0.0
0.006004467435233293
0.0
0.0
0.0
0.0
0.0
0.0
0.0
0.0
0.0
0.0
0.0
0.00890356623769131
0.0
0.0
0.0
0.0
0.028152694842877295
0.0
0.0
0.0
0.0
0.006552850458314564
0.0
0.0
0.0
0.0
0.12100311789180472
0.0
0.0
0.0
0.0
0.0
0.0
0.0
0.0
0.0
0.0
0.0
0.04231611214438325
0.0
0.0
0.0
0.009470992898098959
0.0
0.0098677391657699
0.0
0.0
0.0
0.0
0.0
0.0
0.009201980700790589
0.020161577276348614
0.0
0.0
0.0
0.0
0.0
0.0
0.0
0.0
0.0
0.0
0.0
0.0
0.0
0.0
0.0
0.01988123368382493
0.0
0.0
0.0
0.01052149431321971
0.0
0.0
0.0
0.0
0.0
0.015153588636958332
0.0
0.0
0.0
0.0
0.0
0.0
0.005317687705850145
0.0
0.0
0.0
0.07365046019253797
0.0
0.0
0.0
0.0
0.0
0.0
0.0
0.0
0.0
0.0
0.0
0.0
0.0
0.0
0.0
0.0
0.0
0.0
0.0
0.0
0.0
0.006790630876856231
0.0
0.0
0.0
0.0
0.0
0.009106084865089728
0.0
0.020428240006173166
0.0
0.0
0.0
0.009006701152849942
0.0
0.0
0.0
0.031207981003644674
0.00890356623769131
0.0
0.0
0.0
0.0
0.0
0.0
0.0
0.0
0.0
0.0
0.0
0.0
0.0
0.0
0.0
0.0
0.006292391478934721
0.0
0.0
0.0
0.005682595738859374
0.0
0.018589250393102736
0.0
0.0
0.0
0.007898666014853086
0.0
0.0
0.0
0.0
0.0
0.0
0.0
0.0
0.0
0.0
0.0
0.0
0.0
0.0
0.0
0.0
0.0
0.00890356623769131
0.0
0.0
0.009470992898098959
0.0
0.0
0.0
0.0
0.0
0.0
0.0
0.00439819289931493
0.0
0.0
0.0
0.0
0.0
0.0
0.0
0.0
0.0
0.0
0.0
0.0
0.0
0.0
0.0
0.0
0.0
0.008186590058554514
0.0
0.0
0.00439819289931493
0.0
0.0
0.0
0.03285313007288849
0.0
0.0
0.0
0.0
0.0
0.0
0.00856852463198532
0.0
0.0
0.0
0.0
0.0
0.0
0.0
0.0
0.007009367658071518
0.0
0.008447049037934357
0.0
0.0
0.0
0.008684829456476022
0.009940616841912464
0.0
0.0
0.0
0.0
0.0018941985796197915
0.0
0.0
0.0
0.003788397159239583
0.0
0.0
0.0
0.0
0.0
0.0
0.0
0.0
0.0
0.0
0.0
0.0
0.0
0.0
0.0
0.0
0.0
0.0
0.0
0.0
0.0
0.0
0.0
0.0
0.0
0.0
0.0
0.00890356623769131
0.0
0.0
0.0
0.0
0.007009367658071518
0.0
0.0
0.021158056072191626
0.0
0.04004640550275266
0.0
0.0
0.0
0.0
0.0
0.0
0.0
0.0
0.007898666014853086
0.0
0.0
0.0
0.0
0.0
0.0
0.0
0.006552850458314564
0.0
0.0
0.007211886285469935
0.006552850458314564
0.0
0.0
0.0
0.0
0.0
0.0
0.0
0.0
0.0
0.0
0.0
0.0
0.0
0.0
0.0
0.0
0.0
0.0
0.0
0.0
0.0
0.0
0.0
0.0
0.0
0.0
0.0
0.0
0.0
0.0
0.0
0.0
0.0
0.0
0.0
0.0
0.0
0.0
0.03285313007288849
0.006552850458314564
0.0
0.0
0.0
0.0
0.0
0.0
0.0
0.0
0.0
0.0
0.007211886285469935
0.0
0.0
0.0
0.00774246630814507
0.0
0.0
0.0
0.0
0.0
0.0
0.0
0.006292391478934721
0.0
0.0
0.0
0.0
0.0
0.0
0.0
0.0
0.0
0.0
0.0
0.0
0.0
0.005317687705850145
0.0
0.0
0.007576794318479166
0.0
0.0
0.0
0.0
0.0
0.0
0.0
0.0
0.0
0.0
0.0
0.0
0.0
0.0
0.0
0.0
0.0
0.0
0.0
0.0
0.007211886285469935
0.007400426616931578
0.0
0.0
0.0
0.0
0.0
0.006552850458314564
0.0
0.0
0.0
0.0
0.0
0.0
0.0
0.0
0.0
0.0
0.0
0.0
0.0
0.0
0.0
0.0
0.0
0.0
0.0
0.0
0.0
0.0
0.0
0.0
0.0
0.0
0.0
0.0
0.0
0.0
0.0
0.0
0.0
0.0
0.0
0.0
0.0
0.0
0.0
0.0
0.0
0.0
0.0
0.0
0.006552850458314564
0.0
0.0
0.0
0.0
0.018941985796197918
0.009470992898098959
0.0
0.0
0.0
0.0
0.0
0.07665730350340647
0.0
0.0
0.0
0.0
0.0
0.0
0.0
0.0
0.0
0.0
0.0
0.0
0.0
0.0
0.0
0.0
0.0
0.007400426616931578
0.0
0.0
0.0
0.0
0.0
0.0
0.0
0.0
0.0
0.0
0.0
0.0
0.0
0.0
0.02080532066909645
0.0
0.0
0.0
0.0
0.0
0.0
0.0
0.0
0.0
0.0
0.0
0.0
0.0
0.0
0.0
0.0
0.0
0.009555084175931212
0.0
0.0
0.0
0.0
0.0
0.0
0.0
0.0
0.0
0.0
0.0
0.0
0.0
0.0
0.0
0.0
0.0
0.0
0.0
0.0
0.004896432297236439
0.0
0.0
0.0
0.0
0.0
0.0
0.0
0.0
0.00439819289931493
0.0
0.0
0.0030022337176166466
0.0
0.0
0.0
0.0
0.008684829456476022
0.0
0.0
0.0
0.0
0.0
0.0
0.0
0.0
0.0
0.0
0.0
0.0
0.0
0.0
0.0
0.0
0.0
0.0
0.0
0.0
0.0
0.0
0.008684829456476022
0.0
0.0
0.0
0.0
0.0
0.0
0.007400426616931578
0.0
0.0030022337176166466
0.0
0.0
0.0
0.0
0.0
0.0
0.0
0.0
0.0
0.0
0.0
0.03190612623510086
0.0
0.0
0.0
0.0
0.0
0.0
0.0
0.0
0.009006701152849942
0.008186590058554514
0.0
0.0
0.0
0.0
0.0
0.0
0.0
0.0
0.0
0.0
0.0
0.0
0.0
0.0
0.0
0.0
0.0
0.0
0.0
0.0
0.0
0.0
0.0
0.0
0.0
0.0
0.0
0.0
0.0
0.0
0.0
0.0
0.0
0.0
0.0
0.0
0.0
0.0
0.0
0.0
0.009106084865089728
0.016092836524585343
0.0
0.0
0.0
0.0
0.032549456367626295
0.0
0.0
0.0
0.0
0.0
0.010744700025761717
0.0
0.0
0.017369658912952043
0.0
0.0
0.0
0.0
0.0
0.007400426616931578
0.0
0.0
0.0
0.0
0.0
0.0
0.0
0.0
0.0
0.0
0.0
0.0
0.0
0.0
0.0
0.06241596200728935
0.00439819289931493
0.0
0.0
0.0
0.0
0.0
0.0
0.0
0.0
0.0
0.0
0.0
0.0
0.0
0.0
0.0
0.0
0.0
0.0
0.0
0.0
0.0
0.0
0.0
0.007576794318479166
0.0
0.0
0.0
0.0
0.0
0.0
0.0
0.0
0.0
0.0
0.0
0.0
0.008447049037934357
0.0
0.0
0.0
0.0
0.0
0.0
0.0
0.0
0.0
0.03024236591452292
0.0
0.0
0.0
0.0
0.0
0.0
0.0
0.0
0.0
0.03239329445193331
0.021158056072191626
0.0
0.0
0.0
0.1650042516706428
0.0
0.0
0.08760834686103597
0.0
0.021801799464939466
0.0
0.0
0.031207981003644674
0.01063537541170029
0.0
0.0
0.021381168756499303
0.021699637578417526
0.0
0.01052149431321971
0.0
0.0
0.0
0.0
0.0
0.0
0.20900538544948088
0.0
0.010849818789208763
0.0
0.0
0.0
0.0
0.0
0.0
0.0
0.0
0.005682595738859374
0.0098677391657699
0.0
0.0
0.004896432297236439
0.0
0.0018941985796197915
0.010579028036095813
0.0
0.0
0.0
0.0
0.0
0.0
0.0
0.0
0.0
0.0
0.0
0.0
0.06570626014577698
0.0
0.0
0.0
0.0
0.0
0.0
0.0
0.0
0.0
0.02080532066909645
0.03223410007728515
0.0
0.0
0.0
0.0
0.0
0.0
0.0
0.0
0.0
0.0
0.0
0.0
0.007576794318479166
0.0
0.0
0.0
0.0
0.0
0.0
0.0
0.0
0.0
0.0
0.0
0.0
0.0
0.0
0.0
0.0
0.0
0.0
0.0
0.0
0.0
0.0
0.0
0.0
0.0
0.0
0.0
0.0
0.0
0.0
0.0
0.0
0.0
0.0
0.0
0.07323906248123578
0.0
0.0
0.0
0.00439819289931493
0.0
0.0
0.0
0.0
0.0
0.004896432297236439
0.0
0.0
0.0
0.0
0.0
0.0
0.0
0.0
0.0
0.0
0.0
0.0
0.0
0.0
0.0
0.0
0.0
0.0
0.0
0.006790630876856231
0.0
0.0
0.0
0.0
0.0
0.0
0.0
0.0
0.0
0.0
0.0
0.0
0.0
0.0
0.0
0.0
0.0
0.0
0.0
0.0
0.0
0.009201980700790589
0.0
0.0
0.0
0.0
0.0
0.0
0.0
0.0
0.0
0.0
0.00856852463198532
0.0
0.01052149431321971
0.0
0.0
0.0
0.009006701152849942
0.0
0.0
0.0
0.0
0.0
0.0
0.007211886285469935
0.0
0.0
0.0
0.0
0.0
0.0
0.0
0.0
0.0
0.0
0.0
0.0
0.0
0.0
0.0
0.0
0.0
0.0
0.0
0.021902086715258992
0.0
0.0
0.0
0.0
0.0
0.0
0.0
0.0
0.0
0.0
0.0
0.0
0.0
0.0
0.0
0.0
0.0
0.0
0.0
0.0
0.0
0.02127075082340058
0.0
0.0
0.0
0.0
0.0
0.0
0.0
0.0
0.0
0.0
0.0
0.0
0.0
0.0
0.0
0.0
0.0
0.0
0.0
0.0
0.0
0.0
0.0
0.0
0.0
0.0
0.0
0.0
0.0
0.0
0.0
0.0
0.0
0.0
0.0
0.0
0.0
0.03223410007728515
0.0
0.0
0.0
0.0
0.0
0.0
0.0
0.0
0.0
0.0
0.006292391478934721
0.0
0.0
0.0
0.0
0.0
0.0
0.0
0.0
0.00879638579862986
0.0
0.0
0.0
0.0
0.0
0.0
0.0
0.0
0.0
0.0
0.0018941985796197915
0.0
0.0
0.0
0.0
0.0
0.0
0.0
0.0
0.0
0.0
0.0
0.0
0.0
0.0
0.0
0.0
0.0
0.0
0.0
0.0
0.0
0.0
0.0
0.0
0.0
0.0
0.0
0.0
0.0
0.0
0.0
0.0
0.0
0.0
0.0
0.0
0.0
0.0
0.0
0.0
0.0
0.0
0.0
0.0
0.0
0.0
0.0
0.0
0.0
0.0
0.0
0.0
0.010214120003086583
0.0
0.0
0.0
0.0
0.0
0.0
0.0
0.0
0.0
0.0
0.0
0.0
0.00774246630814507
0.008447049037934357
0.0
0.0
0.0
0.0
0.0
0.0
0.0
0.0
0.008186590058554514
0.0
0.0
0.0
0.0
0.00439819289931493
0.0
0.0
0.0
0.0
0.0
0.0
0.005682595738859374
0.0
0.0
0.0
0.0
0.0
0.007898666014853086
0.0
0.0
0.0
0.0
0.0
0.0
0.0
0.0
0.0
0.0
0.0
0.0
0.0
0.006004467435233293
0.0
0.0
0.0
0.0
0.0
0.0
0.0
0.0
0.0
0.03064236000925975
0.0
0.018589250393102736
0.0
0.0
0.0
0.0
0.021595529634622204
0.0
0.0
0.01759277159725972
0.0
0.0
0.0
0.0
0.0
0.0
0.0
0.008186590058554514
0.0
0.0
0.0
0.010080788638174307
0.0
0.021801799464939466
0.0
0.0
0.0
0.0
0.0
0.0
0.0
0.0
0.0
0.0
0.0
0.0
0.0
0.0
0.0
0.0
0.0
0.0
0.010080788638174307
0.0
0.0
0.004896432297236439
0.0
0.0
0.0
0.0
0.0
0.0
0.005317687705850145
0.006790630876856231
0.011365191477718748
0.0
0.0
0.0
0.0
0.0
0.02104298862643942
0.0
0.0
0.0
0.0
0.0
0.0
0.0
0.0
0.0
0.0
0.0
0.0
0.0
0.0
0.0
0.0
0.0
0.0
0.0
0.0
0.00439819289931493
0.0
0.0
0.0
0.02080532066909645
0.0
0.0
0.0
0.0
0.0
0.032549456367626295
0.0
0.0
0.010690584378249652
0.0
0.0
0.0
0.0
0.024139254786878016
0.02029653479477348
0.009715880605165076
0.0
0.019585729188945755
0.0
0.033000850334128556
0.0
0.0
0.0
0.0
0.0
0.0
0.02002320275137633
0.0
0.0
0.0
0.0
0.0
0.0
0.0
0.0
0.0
0.0
0.0
0.45101162123309035
0.0
0.0
0.0
0.0
0.0
0.02002320275137633
0.0
0.0
0.0
0.0
0.0
0.0
0.0
0.0
0.0
0.0
0.0
0.033000850334128556
0.0
0.0
0.0
0.0
0.0
0.0
0.0
0.0
0.0
0.0
0.0
0.0
0.0
0.0
0.0
0.0
0.0
0.020682495235108296
0.0
0.0
0.020428240006173166
0.0
0.03064236000925975
0.03223410007728515
0.0
0.0
0.0
0.0
0.0
0.0
0.008684829456476022
0.0
0.0
0.0
0.0
0.0
0.0
0.0
0.0
0.0
0.0
0.0
0.0
0.0
0.0
0.0
0.0
0.0
0.0
0.0
0.0
0.0
0.0
0.0
0.0644682001545703
0.0
0.0
0.0
0.0
0.0
0.0
0.008046418262292672
0.0
0.0
0.0
0.07665730350340647
0.009636664887764863
0.0
0.0
0.10744700025761716
0.0
0.0
0.0
0.007400426616931578
0.0
0.0
0.00439819289931493
0.0
0.0
0.0
