0
0
0
0
0
0
0
0
0
0
0
0
0
0
0
0
0
0
0
0
0
0
0
0
0
0
0
0
0
0
0
0
0
0
0
0
0
0
0
0
0
0
0
0
0
0
0
0
0
0
0
0
0
0
0.005375535636856807
0
0
0
0
0
0
0
0
0
0
0
0
0
0
0
0
0.005375535636856807
0
0.021972302167469177
0
0
0
0
0
0
0
0
0.10106952485505842
0
0
0.02431656850031416
0
0
0.010751071273713613
0
0
0.017857142857142856
0
0
0
0
0
0
0
0
0
0
0
0
0
0
0
0
0
0
0
0
0
0
0
0
0
0
0
0.021972302167469177
0
0
0
0
0
0
0
0
0
0
0
0
0
0
0
0
0
0
0
0
0
0
0
0
0
0
0
0
0
0
0
0
0
0
0
0.0249632144405721
0
0.017040044811416515
0
0
0
0
0
0
0
0
0
0.01612660691057042
0
0.01248160722028605
0.010751071273713613
0
0
0
0
0
0
0
0
0
0
0
0
0
0
0
0
0
0
0
0
0
0
0
0
0
0
0
0
0
0
0
0
0
0
0
0
0
0
0
0
0
0
0
0.022834885731300516
0
0
0
0
0
0
0
0
0
0
0
0
0
0
0
0
0
0
0
0
0
0
0
0
0
0
0.02584210770253963
0
0.019271093679421872
0
0
0
0
0
0
0
0
0
0
0
0
0
0
0
0
0
0
0
0
0.024646629316278677
0
0
0
0
0
0
0
0
0
0
0
0
0
0
0
0
0
0
0
0
0
0
0
0
0
0
0
0
0
0
0
0
0
0
0
0
0
0
0
0
0
0
0
0
0
0
0
0
0
0
0
0
0
0
0
0
0
0
0
0
0
0
0.026877678184284038
0
0
0
0
0
0
0
0
0
0
0
0
0
0
0
0
0
0
0
0
0
0
0
0
0
0.09237192158575656
0.02100162962599431
0
0
0
0
0
0
0
0
0
0
0
0
0
0
0
0
0
0
0
0
0
0
0
0
0
0
0
0
0
0
0
0
0
0
0
0
0
0
0
0
0
0
0
0.05558223217026026
0
0
0
0
0
0
0
0
0
0.02100162962599431
0
0
0
0.037192595898508034
0
0
0
0
0.010751071273713613
0.018596297949254017
0
0
0
0
0
0
0
0.08582464239256943
0
0
0
0
0
0
0
0
0
0
0
0
0
0
0
0
0
0
0
0
0
0
0
0
0
0
0
0
0
0
0
0
0
0
0
0
0
0
0
0
0
0
0.08204351341297796
0.030338750077428905
0
0
0
0.12316256211434208
0.028003602215482055
0
0
0
0.026631458818469154
0
0
0
0
0
0
0
0
0
0
0
0
0
0
0
0
0
0
0
0
0
0
0
0
0.022415580448273322
0
0
0
0
0
0
0
0
0
0
0
0
0
0
0.017040044811416515
0
0.021502142547427227
0
0
0
0
0
0.06215581033908014
0
0
0
0
0
0
0
0
0
0
0
0
0
0.21852350337577506
0.46616857754310104
0
0
0
0
0
0
0.06215581033908014
0
0
0
0
0
0
0
0
0
0
0
0
0
0
0
0
0
0
0
0
0
0
0
0.14760826015851283
0
0
0
0
0.017040044811416515
0
0
0
0
0
0
0
0
0
0
0
0
0
0
0
0
0
0
0
0
0
0
0
0
0
0
0
0
0
0
0
0
0
0
0
0
0
0
0
0
0.010751071273713613
0.013895558042565065
0.01612660691057042
0
0.005375535636856807
0
0
0
0
0
0
0
0
0
0
0
0
0
0
0
0
0
0
0
0
0
0
0
0
0
0
0
0
0
0
0
0
0
0
0
0
0
0
0
0.019271093679421872
0
0
0
0
0
0
0
0
0
0
0
0
0
0
0
0
0
0
0
0
0
0
0
0
0
0
0
0
0
0
0
0
0
0
0
0
0
0
0
0
0
0
0
0
0
0
0
0
0
0
0
0
0
0
0
0
0
0
0
0
0
0.010751071273713613
0
0
0
0
0.026377165262851113
0
0
0
0
0
0.15246162286588716
0
0
0.11417442865650258
0
0
0
0.024646629316278677
0.005375535636856807
0
0
0
0
0
0
0
0
0
0
0
0
0
0
0
0.005375535636856807
0
0
0
0
0
0
0
0
0
0
0
0
0
0
0
0
0
0
0
0
0
0
0
0
0
0
0
0
0
0
0
0
0
0
0
0.028608214130856475
0
0
0
0
0
0
0
0.030935602853981583
0
0
0.01248160722028605
0
0.024646629316278677
0
0
0
0
0
0
0
0
0
0
0
0
0
0
0
0
0
0
0
0
0
0
0
0
0
0
0.01248160722028605
0
0
0
0
0
0
0
0
0
0
0
0
0
0
0
0
0
0.02898659447139108
0
0
0
0
0
0
0
0
0.026877678184284038
0
0
0.01248160722028605
0.14105210684078662
0.027572643649112067
0
0
0
0
0
0
0
0
0
0
0
0
0
0
0
0
0
0
0
0
0
0
0.008520022405708257
0
0
0.02431656850031416
0
0
0
0
0
0
0
0
0
0
0
0
0
0
0
0
0
0
0
0
0
0
0
0
0
0
0
0.02046657206568282
0
0
0
0
0
0
0
0
0
0
0
0
0
0
0.02898659447139108
0
0
0
0
0
0
0
0
0
0.022834885731300516
0
0
0
0
0
0
0
0
0
0
0
0
0
0
0
0
0
0
0
0
0
0
0
0
0
0
0
0
0
0
0.023611058834534272
0
0
0
0
0
0
0
0
0
0
0
0.02985889032028067
0
0
0
0
0
0
0.018596297949254017
0
0
0
0
0
0
0
0
0
0
0
0
0
0
0
0
0
0
0
0
0
0
0.027347837804325984
0
0
0.019271093679421872
0
0
0
0
0
0
0
0
0
0
0
0
0
0
0.1781526248230258
0
0
0
0
0
0.0936529300181893
0
0
0
0.2497411467151715
0
0
0
0
0
0
0
0.05326291763693831
0
0.021502142547427227
0
0
0.17501447738352716
0
0
0
0
0
0
0
0
0
0
0
0
0
0
0
0
0
0
0
0
0
0
0
0
0
0
0
0
0
0
0
0
0
0
0
0
0
0
0
0
0
0
0
0
0.023232678493999664
0
0
0
0
0
0
0
0
0
0
0
0
0
0
0
0
0
0
0
0
0
0
0
0
0
0
0
0
0
0
0
0
0
0
0
0
0.0
0
0
0
0
0
0
0
0
0
0
0
0
0
0.02046657206568282
0
0
0.09054621857295608
0
0
0
0
0
0
0
0
0
0
0
0
0
0
0
0.017857142857142856
0
0
0
0
0
0
0.013895558042565065
0
0
0
0
0
0
0
0
0
0
0
0
0
0
0
0
0.14760826015851283
0
0.05642084273631465
0
0
0.05904330406340513
0
0
0
0
0
0
0
0
0
0
0
0
0
0
0
0
0
0
0
0
0
0
0
0.02985889032028067
0
0
0
0
0
0
0
0
0
0
0
0
0
0.026114249962481358
0
0
0
0
0
0
0
0
0
0
0
0
0
0
0
0
0.5234408889859539
0
0
0
0
0
0
0
0
0
0
0
0
0
0
0
0.03225321382114084
0
0
0
0
0
0
0
0
0
0
0
0
0
0
0
0
0
0
0
0
0
0
0
0
0
0
0
0
0
0
0
0
0
0
0
0
0.06067750015485781
0
0
0
0
0
0
0
0
0
0
0
0
0
0
0
0
0
0.027572643649112067
0
0
0
0
0
0
0
0
0
0.08337334825539039
0
0
0
0
0
0
0
0
0
0
0
0
0
0
0
0
0
0
0
0
0.013895558042565065
0
0
0
0
0
0
0
0
0
0
0
0
0
0
0
0
0
0
0
0
0
0
0
0
0
0
0
0
0
0
0
0
0
0
0
0
0
0
0
0
0
0
0
0
0
0
0
0
0
0
0
0
0
0
0
0
0
0
0
0
0
0
0
0
0
0
0
0
0
0
0
0
0
0
0
0
0
0
0
0
0
0
0
0
0
0
0
0
0
0
0
0
0
0
0
0
0
0
0
0
0
0
0
0
0
0
0
0
0
0
0
0.05168421540507926
0
0
0
0
0
0
0
0
0
0
0
0
0
0
0
0
0
0
0
0
0
0
0
0
0
0
0
0
0
0.026631458818469154
0
0.07913149578855334
0.026631458818469154
0
0
0
0
0
0
0
0
0
0
0.27970114652586064
0
0
0
0
0
0
0
0.023971833586110824
0
0.005375535636856807
0
0
0
0
0
0
0
0
0
0
0.10652583527387662
0
0
0
0
0
0
0
0
0
0
0
0
0
0
0
0
0
0
0
0
0
0
0
0
0
0
0
0
0
0
0
0
0
0
0
0
0
0
0
0
0
0.008520022405708257
0
0
0
0
0
0
0
0.017857142857142856
0.019271093679421872
0
0
0
0
0
0.027572643649112067
0
0
0
0
0
0
0
0
0
0
0
0
0
0
0
0
0
0
0
0
0
0
0
0
0
0
0
0
0
0
0
0
0
0.030492324573177434
0
0
0
0
0
0
0
0
0.2090122322419647
0
0
0
0
0
0
0
0
0
0
0
0.023971833586110824
0
0
0
0
0
0
0
0
0
0
0
0
0
0
0
0
0
0
0
0
0
0
0
0
0
0
0
0
0
0
0
0
0
0
0
0
0
0.019271093679421872
0
0
0.026877678184284038
0
0
0
0
0
0
0
0
0
0.04929325863255735
0
0
0
0
0
0
0
0
0
0
0
0
0
0
0
0
0
0
0
0
0
0
0
0
0
0
0
0
0
0
0
0
0
0
0
0
0
0
0
0
0
0
0
0
0
0
0
0
0
0.02779111608513013
0
0
0
0
0.024646629316278677
0
0
0
0
0
0
0
0
0
0
0
0
0
0
0
0
0
0
0
0
0
0
0
0
0
0
0
0
0
0
0.005375535636856807
0
0
0
0
0
0
0
0
0
0
0.02431656850031416
0
0
0
0
0
0
0
0
0.01612660691057042
0
0
0
0
0
0
0
0
0
0
0
0
0
0
0
0
0
0
0
0
0
0
0
0
0
0
0
0
0
0
0.026631458818469154
0
0
0
0
0
0
0
0
0
0
0
0
0
0
0
0
0
0
0
0
0
0
0
0
0
0.019891845576907798
0
0
0
0
0
0
0
0
0
0
0
0
0
0.028003602215482055
0
0
0
0
0
0
0
0
0
0
0
0.005375535636856807
0
0
0
0
0
0
0
0
0
0
0
0
0
0
0
0
0
0
0
0
0
0
0
0
0
0
0
0
0
0
0
0
0
0
0
0
0
0
0
0
0
0
0
0
0
0
0
0
0
0
0
0
0
0
0
0
0
0
0
0
0
0.024646629316278677
0
0
0
0.15011082476567741
0
0
0
0
0
0
0.02898659447139108
0
0
0
0
0.03018207285765203
0
0
0
0.05600720443096411
0
0
0
0
0
0
0
0
0.030022164953135484
0
0
0
0
0
0
0
0
0
0
0
0
0
0.07668020165137432
0
0
0
0
0
0
0
0
0
0
0
0
0
0
0
0
0
0.013895558042565065
0
0
0
0
0.015091036428826015
0
0
0.023232678493999664
0
0
0
0
0
0
0
0
0
0
0
0
0
0
0
0
0
0
0
0.013895558042565065
0
0
0
0
0
0
0.08582464239256943
0
0
0
0.05112013443424955
0
0
0
0.026877678184284038
0
0
0
0
0
0
0
0
0
0
0
0
0
0
0
0
0
0
0
0
0
0
0
0.02584210770253963
0
0
0
0
0
0
0.025267381213764605
0
0
0
0
0
0
0
0
0.024646629316278677
0
0
0
0
0
0
0
0
0
0
0
0
0
0
0
0
0
0
0
0
0
0
0
0
0
0
0
0
0
0
0
0
0
0
0
0
0
0
0
0
0
0.008520022405708257
0.030022164953135484
0
0
0
0
0
0
0
0
0
0
0
0
0.14399855863569067
0
0
0
0
0
0
0
0
0
0
0
0
0
0
0
0
0
0
0
0
0
0
0
0
0
0.047222117669068545
0
0
0
0.017857142857142856
0
0
0
0
0
0
0
0
0
0.01612660691057042
0
0
0
0
0
0
0
0
0
0
0
0
0
0
0.051120134434249544
0.017857142857142856
0
0
0.03408008962283303
0
0
0
0
0.0
0
0
0
0
0
0
0
0
0
0
0
0
0
0
0
0
0
0
0
0
0
0
0
0
0
0
0
0
0
0
0.02985889032028067
0
0
0.18646743101724042
0
0.019271093679421872
0.07668020165137432
0
0
0
0
0
0
0
0
0
0
0.04566977146260103
0
0
0
0
0
0
0
0.015091036428826015
0
0
0
0
0
0
0
0
0
0
0
0.02431656850031416
0
0
0
0
0
0
0
0
0
0
0.013895558042565065
0
0
0
0
0
0
0
0
0
0
0
0
0
0
0
0
0
0
0
0
0
0.005375535636856807
0
0
0
0
0
0
0
0
0
0
0
0.01248160722028605
0
0
0
0
0
0
0
0
0
0
0
0
0
0
0
0
0
0
0
0
0
0
0
0
0
0
0
0
0
0
0
0
0
0
0
0
0.021502142547427227
0
0
0
0
0
0
0
0
0
0
0.02916907956392119
0.01248160722028605
0
0
0
0
0
0
0
0
0
0
0
0
0
0
0
0
0
0
0
0
0
0
0
0
0
0
0
0
0
0
0
0
0
0
0
0
0
0
0
0
0
0
0
0
0
0
0.022834885731300516
0
0
0
0
0
0
0
0
0
0.08582464239256943
0
0.1370093143878031
0
0
0
0
0
0
0
0
0
0
0
0
0
0
0
0
0
0
0
0
0
0
0
0
0
0
0.010751071273713613
0
0.06128583370124283
0
0
0
0
0
0
0
0
0
0
0
0
0
0
0
0
0
0
0
0
0
0
0
0
0
0
0
0
0
0
0
0
0
0
0
0
0
0
0
0
0
0
0
0
0
0
0
0
0
0
0
0
0
0
0
0
0
0
0
0
0.09006649485940646
0
0
0
0
0
0
0.022415580448273322
0.019891845576907798
0.018596297949254017
0
0
0
0
0
0
0
0
0
0
0
0
0
0
0
0.024646629316278677
0
0
0
0
0
0
0
0
0
0
0
0
0
0
0
0
0
0
0
0
0
0.019891845576907798
0
0
0
0
0
0
0
0.01248160722028605
0
0.12487057335758575
0
0
0
0
0
0
0
0
0
0.024646629316278677
0
0
0
0.008520022405708257
0
0
0
0
0
0
0
0.11519884690855253
0
0
0
0
0
0
0
0
0.023971833586110824
0
0
0
0
0
0
0
0
0
0
0
0
0
0
0
0
0
0.03079064052858552
0.05326291763693831
0
0
0
0
0
0
0.053755356368568076
0
0.023232678493999664
0
0
0
0
0
0
0
0
0
0
0
0
0
0
0.028210421368157323
0
0.5850221700431248
0
0.013895558042565065
0
0
0
0
0
0.08523560394784817
0
0
0
0
0
0
0.027116320354962278
0
0
0
0
0
0.21754533618678049
0
0
0
0
0
0
0
0
0
0
0
0
0
0
0
0
0
0
0
0
0
0
0
0
0
0
0
0
0
0.12374241141592633
0
0
0
0.005375535636856807
0
0
0
0
0
0.015091036428826015
0
0
0
0
0
0
0
0
0
0
0
0.04093314413136564
0
0
0.021502142547427227
0
0
0
0
0
0
0
0
0
0
0
0
0
0
0
0
0
0
0
0
0
0
0
0
0
0
0
0
0
0
0
0
0
0
0
0
0
0
0
0
0
0
0
0
0
0
0
0
0
0
0
0
0
0
0
0
0
0
0
0.026877678184284038
0
0
0
0
0
0
0
0
0
0
0
0
0
0
0
0
0
0
0
0
0
0
0
0
0
0
0.019271093679421872
0
0
0
0
0
0
0
0
0
0
0
0.022834885731300516
0.02046657206568282
0
0
0
0
0
0
0
0
0
0
0.02046657206568282
0
0
0
0
0
0
0.05682373596523211
0
0
0
0
0.010751071273713613
0
0
0.09192875055186425
0
0
0
0
0
0
0
0
0
0
0
0
0
0
0
0
0
0.022834885731300516
0
0
0
0
0
0.367715002207457
0.02046657206568282
0
0
0
0
0
0
0
0
0
0
0
0
0
0
0
0
0
0
0
0
0
0
0
0
0
0
0.0249632144405721
0.017857142857142856
0
0
0
0
0
0
0
0
0
0
0
0
0
0
0
0
0
0
0
0
0
0
0
0
0.055145287298224134
0
0
0
0.0880421076689029
0
0
0
0
0
0
0
0
0
0
0
0
0
0
0
0
0
0
0
0
0
0.038542187358843745
0
0.015091036428826015
0
0
0
0.4682646500909466
0
0
0
0
0
0
0
0
0
0
0
0.06128583370124283
0
0
0
0
0
0
0
0
0
0
0
0
0
0
0
0.0
0.028003602215482055
0
0
0.027572643649112067
0
0
0
0
0
0
0
0
0.11594637788556432
0
0
0
0
0
0
0
0
0
0
0
0
0
0
0
0
0
0
0
0
0.005375535636856807
0
0
0
0
0
0
0
0
0
0
0
0
0
0
0
0
0
0
0
0
0
0
0.027347837804325984
0.02898659447139108
0
0.026877678184284038
0
0
0
0
0
0
0.02046657206568282
0
0
0
0
0
0.01612660691057042
0
0
0
0
0
0
0
0
0
0
0
0
0
0
0
0
0
0
0
0
0
0
0
0
0
0
0
0
0.023971833586110824
0
0
0
0
0
0
0
0
0.027572643649112067
0
0
0
0
0
0
0
0
0.0878892086698767
0
0
0
0
0
0
0
0
0
0
0
0
0
0
0
0
0
0
0
0
0
0
0
0
0
0
0
0
0
0.05938420827434193
0.013895558042565065
0
0
0
0
0
0
0
0
0
0
0
0
0
0
0
0
0
0.06067750015485781
0
0
0
0
0
0
0
0
0
0
0
0
0
0
0
0
0
0
0
0
0.017857142857142856
0
0
0
0
0
0
0
0
0
0
0.0985865172651147
0
0
0
0
0
0
0
0
0.026377165262851113
0
0
0
0
0
0
0
0
0
0
0.024646629316278677
0.018596297949254017
0.2497411467151715
0
0
0
0
0
0
0
0
0
0
0
0
0
0
0
0
0
0
0
0
0
0
0
0
0
0
0
0
0
0.5793541668903712
0
0
0
0
0
0
0
0
0
0
0
0
0
0
0
0
0
0
0
0
0
0
0
0
0
0
0
0.008520022405708257
0
0
0
0.06215581033908014
0
0
0
0
0
0
0
0
0
0
0.0885649560951077
0
0
0
0
0
0
0
0
0
0
0
0
0.01248160722028605
0
0
0.025267381213764605
0
0
0
0
0
0
0
0
0
0
0
0
0
0
0
0
0.021502142547427227
0
0.0
0
0
0
0
0
0
0
0
0
0
0.017040044811416515
0
0
0
0
0
0
0
0
0
0
0
0
0
0
0
0
0.09054621857295608
0
0
0
0
0
0
0.018596297949254017
0
0
0
0
0
0
0
0
0
0
0
0
0.02985889032028067
0
0
0
0
0
0
0
0
0
0
0
0
0
0
0
0
0
0
0
0
0
0
0
0
0
0
0
0
0
0
0
0
0.039783691153815595
0
0
0
0
0
0
0
0
0
0
0
0
0
0
0
0.06004432990627097
0
0
0
0
0
0
0
0
0
0
0
0
0
0
0
0
0
0
0
0
0
0
0
0
0
0
0
0
0
0.030935602853981583
0
0
0
0
0
0
0
0
0
0
0
0
0
0
0
0.01612660691057042
0
0
0
0
0
0
0
0.026377165262851113
0
0
0
0
0
0
0
0
0.022415580448273322
0
0
0
0
0
0
0
0
0
0
0
0
0
0
0
0
0
0
0
0
0
0
0
0
0
0
0.05682373596523211
0.021502142547427227
0
0
0
0
0
0
0
0
0
0
0.024646629316278677
0.026377165262851113
0
0
0
0
0
0
0
0
0
0
0
0
0
0
0
0
0
0
0
0
0
0
0
0
0
0
0
0
0
0
0
0
0
0
0.027347837804325984
0
0.1546780142699079
0
0
0
0
0
0
0
0
0.018596297949254017
0
0
0
0
0
0
0
0.017040044811416515
0
0
0
0
0
0
0.07989437645540746
0.030492324573177434
0
0
0
0
0
0
0
0
0
0
0
0
0
0
0
0
0
0
0
0
0
0
0.028411867982616055
0
0
0
0
0
0
0
0
0
0
0
0
0
0
0
0
0
0
0
0
0
0.029521652031702567
0
0
0
0
0
0
0
0
0
0
0
0
0
0
0
0
0.026114249962481358
0
0.02046657206568282
0
0.02584210770253963
0
0
0
0.028003602215482055
0
0
0
0
0
0
0
0
0.010751071273713613
0
0
0
0
0
0
0
0
0
0
0
0
0
0
0.024646629316278677
0
0
0
0
0
0
0
0
0
0.01248160722028605
0
0
0
0
0
0
0.028608214130856475
0
0
0
0
0.1829539474390646
0
0
0
0
0
0
0.03571428571428571
0
0
0
0
0
0
0
0
0
0
0
0
0
0
0
0
0
0
0
0
0
0
0
0
0
0
0
0
0
0
0
0
0
0
0
0
0
0
0
0
0
0
0
0.05797318894278216
0.0
0
0
0
0
0
0
0
0
0
0
0
0.12374241141592633
0
0
0
0
0
0
0
0
0
0
0
0
0
0
0
0
0
0
0
0
0
0
0
0
0
0
0
0
0
0
0
0
0
0
0
0
0
0
0
0
0.37293486203448084
0
0
0
0
0.05469567560865197
0
0
0
0
0
0
0
0
0
0
0
0
0
0
0
0
0
0
0
0
0
0
0
0
0
0
0.08204351341297796
0
0
0
0
0
0.05938420827434193
0
0.017857142857142856
0
0
0
0
0.017857142857142856
0
0
0
0
0
0
0
0
0
0
0
0.0
0
0
0
0
0
0.4290008359086998
0
0
0
0
0
0.019891845576907798
0
0
0.0249632144405721
0
0
0
0.02100162962599431
0
0.008520022405708257
0
0
0
0
0
0
0
0
0
0
0
0
0
0
0
0
0
0
0
0
0.0936529300181893
0
0.028210421368157323
0
0
0
0.057599423454276266
0
0.030492324573177434
0
0
0
0
0
0
0
0
0
0
0
0
0
0.05797318894278216
0.028003602215482055
0
0
0
0
0
0
0
0
0
0
0
0
0
0
0
0
0
0
0
0
0
0
0
0
0.07668020165137432
0
0
0
0
0
0
0
0
0
0
0
0
0
0
0
0
0
0
0
0.11935107346144679
0
0
0
0
0.026377165262851113
0
0
0
0
0
0
0
0.2497411467151715
0
0
0.03079064052858552
0
0
0
0
0
0
0
0
0
0
0
0
0.026114249962481358
0.025560067217124775
0.03744482166085815
0
0
0.010751071273713613
0
0.010751071273713613
0
0
0
0.01612660691057042
0.01248160722028605
0
0
0
0.12316256211434208
0
0
0.026631458818469154
0
0
0.054232640709924555
0
0
0
0
0
0
0
0
0.030492324573177434
0
0
0
0
0
0.7492234401455145
0
0
0
0
0.1856136171238895
0
0
0
0
0
0
0.017040044811416515
0
0
0
0
0
0
0
0
0
0
0
0
0
0
0
0.06036414571530406
0
0
0
0
0
0
0
0
0
0
0
0
0
0
0
0.023971833586110824
0
0
0
0
0
0
0
0
0
0
0
0.10751071273713615
0
0.017040044811416515
0
0
0
0
0.038542187358843745
0
0
0
0
0
0
0
0
0
0
0
0
0
0
0
0
0
0
0
0
0
0
0
0
0
0
0
0
0
0
0.02431656850031416
0
0
0
0.02916907956392119
0
0
0
0
0
0.010751071273713613
0
0.04394460433493835
0
0
0
0
0
0
0
0
0
0
0
0
0
0
0
0
0
0
0
0
0
0
0
0
0
0
0
0.08134896106488683
0
0.05168421540507926
0
0
0.023971833586110824
0.017857142857142856
0
0
0
0
0
0
0
0
0
0
0
0
0
0.2497411467151715
0
0.08204351341297796
0
0
0
0
0
0
0
0
0
0
0
0
0
0
0
0
0
0
0
0
0
0
0
0
0
0
0
0
0
0
0
0
0
0
0
0
0
0
0
0
0
0
0
0
0
0
0
0
0
0
0
0
0
0
0
0
0
0
0
0
0
0
0
0
0
0
0
0
0
0.09006649485940646
0
0
0
0
0
0
0
0
0
0.04646535698799933
0
0
0
0
0
0
0
0
0
0
0
0
0
0
0
0
0
0
0
0
0
0
0
0
0
0
0
0
0
0.029347369222967632
0
0.028799711727138133
0
0.02779111608513013
0
0
0
0
0
0
0.044831160896546644
0
0
0
0
0
0
0
0
0
0
0
0
0
0
0
0
0
0
0
0
0
0
0
0
0
0
0
0.015091036428826015
0.043004285094854454
0
0
0
0
0
0
0
0
0
0
0
0
0
0
0
0
0
0
0
0
0
0
0
0
0
0
0
0
0
0
0
0
0
0
0
0
0
0
0
0
0
0
0
0
0
0
0
0.030642916850621416
0
0
0
0.017040044811416515
0
0
0
0
0
0
0
0
0
0
0
0
0
0
0
0
0
0
0
0
0
0
0
0.0
0
0
0
0
0
0
0
0
0
0
0
0
0
0
0
0
0
0
0
0
0
0
0
0
0.023611058834534272
0
0
0
0
0
0
0
0
0
0
0
0
0
0.02431656850031416
0
0
0
0
0
0.021972302167469177
0
0.01248160722028605
0
0
0
0
0
0
0
0
0
0
0
0
0
0
0
0
0
0.01612660691057042
0
0
0
0
0
0
0
0
0
0.023971833586110824
0
0.08523560394784817
0.02100162962599431
0.017857142857142856
0
0
0
0
0
0
0
0
0
0
0
0
0.026631458818469154
0
0
0
0
0
0
0
0
0
0
0
0
0
0
0
0
0
0
0
0
0
0
0
0
0
0
0
0
0
0
0
0
0
0
0.18474384317151313
0
0
0
0
0
0
0
0
0
0.010751071273713613
0
0
0
0
0
0
0
0
0
0
0
0
0
0
0
0
0
0
0
0
0
0
0
0
0
0
0
0
0
0
0.06591690650240753
0
0
0
0
0
0
0
0
0
0
0
0
0
0
0
0
0
0
0
0
0
0
0
0
0
0
0
0
0
0
0
0
0
0
0
0
0
0
0
0
0
0.027116320354962278
0
0
0
0
0
0
0
0
0
0
0
0
0
0.057599423454276266
0
0
0
0
0
0
0.021972302167469177
0
0
0
0
0
0
0
0
0
0
0
0
0
0
0
0
0
0
0
0
0
0
0
0
0
0
0
0
0
0
0
0
0
0
0
0
0
0
0
0
0
0.1914348646302819
0
0
0
0
0
0
0
0
0
0
0
0
0.04394460433493835
0
0
0
0
0
0
0
0
0
0.028411867982616055
0
0.017857142857142856
0
0
0
0
0
0.018596297949254017
0
0
0
0
0
0
0
0
0
0
0
0
0
0
0
0
0
0
0
0
0
0
0
0
0
0
0
0
0
0
0
0
0.030935602853981583
0
0.027572643649112067
0
0
0
0
0
0
0
0
0
0
0
0
0
0
0
0
0
0
0
0
0
0
0
0
0
0
0
0
0
0.027116320354962278
0
0
0
0
0.027572643649112067
0.019271093679421872
0
0
0
0
0
0
0
0
0
0
0
0
0
0
0
0
0
0
0
0
0
0
0
0
0
0
0
0
0
0
0
0
0
0
0
0
0
0
0
0
0
0
0
0
0
0
0
0
0
0
0
0
0
0
0
0
0
0
0
0
0
0
0
0
0
0
0
0
0
0
0
0
0
0
0
0
0
0
0
0
0
0
0
0
0
0
0
0
0
0
0
0
0
0
0
0
0
0
0
0
0
0
0
0
0
0
0
0.026631458818469154
0
0
0
0
0.02100162962599431
0
0
0
0
0
0
0
0
0
0
0
0
0
0
0
0
0
0
0
0
0
0
0
0.023971833586110824
0
0
0
0
0
0
0.010751071273713613
0
0
0
0
0
0
0
0
0
0
0
0
0
0
0
0
0
0
0
0
0
0
0
0
0
0
0
0
0
0
0
0.10106952485505842
0
0.010751071273713613
0
0
0
0
0
0
0
0
0
0.03225321382114084
0
0
0.499482293430343
0
0
0
0
0
0
0
0
0
0
0
0.030022164953135484
0
0
0
0.053755356368568076
0
0
0
0
0
0
0.022834885731300516
0
0
0
0
0
0.05357142857142857
0
0
0
0
0
0
0
0
0
0
0
0
0
0
0.02046657206568282
0
0.14929445160140334
0
0
0
0
0
0.021502142547427227
0
0
0
0
0
0
0
0
0
0
0.08957667096084201
0
0
0
0
0
0
0
0
0
0
0
0
0
0
0
0
0
0
0
0.015091036428826015
0
0
0
0
0
0
0
0
0
0.05797318894278216
0
0
0
0.025560067217124775
0
0
0
0.0885649560951077
0
0
0
0.023232678493999664
0
0
0
0
0
0
0
0
0
0
0.010751071273713613
0
0
0
0.01612660691057042
0
0
0
0
0
0
0
0
0
0
0
0
0
0
0
0
0
0
0
0.013895558042565065
0
0
0
0
0
0
0
0
0
0.026877678184284038
0
0
0.06300488887798293
0
0
0
0
0
0
0
0
0.015091036428826015
0
0
0
0
0
0
0
0
0
0
0
0
0
0
0.015091036428826015
0
0
0
0
0
0.18646743101724042
0
0
0
0
0
0
0
0
0
0
0
0
0
0
0
0
0
0
0
0
0
0
0
0
0
0
0
0
0
0
0
0
0
0
0
0
0
0
0
0
0
0
0
0
0
0
0
0
0
0
0
0.022415580448273322
0
0
0.005375535636856807
0
0
0
0
0
0
0
0
0
0
0
0
0.06004432990627097
0
0
0
0
0
0
0
0
0
0
0
0
0
0
0
0
0
0
0
0
0
0
0
0
0
0
0
0
0
0
0
0
0
0
0
0
0
0
0
0
0
0
0
0
0
0.08063303455285212
0
0
0
0
0
0
0
0
0
0
0
0
0
0
0
0.06215581033908014
0
0
0
0
0
0
0
0
0
0
0
0
0
0
0
0
0
0
0
0.1781526248230258
0
0
0
0
0
0
0
0
0
0
0
0
0
0
0
0
0
0
0
0
0
0.017857142857142856
0
0
0
0
0
0
0
0
0
0
0
0.05833815912784238
0
0
0
0
0.06969803548199899
0
0
0
0
0
0
0
0
0
0
0
0
0
0
0
0
0
0
0
0.010751071273713613
0.0
0
0
0
0
0
0
0
0
0
0
0
0
0
0
0
0
0
0
0
0
0
0
0
0
0
0.017040044811416515
0
0
0
0
0
0
0
0.018596297949254017
0
0
0
0
0
0
0
0
0
0
0
0.21754533618678049
0
0
0
0
0
0
0
0
0
0
0
0
0
0
0
0
0
0.04200325925198862
0
0
0
0
0
0
0
0
0
0
0
0
0
0
0.11808660812681027
0
0
0
0
0
0
0
0
0
0
0
0
0
0
0
0
0
0.027116320354962278
0.02046657206568282
0
0
0
0
0
0
0
0
0
0
0
0.028608214130856475
0
0
0
0
0
0
0
0
0
0.02100162962599431
0
0
0
0
0
0
0
0
0
0
0
0
0
0
0
0
0
0
0
0
0.01248160722028605
0
0
0.0
0
0
0
0
0
0.021502142547427227
0
0
0.0
0
0
0
0
0
0
0
0
0
0
0
0
0
0
0
0
0
0
0
0
0
0
0
0
0.008520022405708257
0.03018207285765203
0
0
0
0
0
0
0
0
0
0
0
0
0
0
0
0
0
0
0
0.013895558042565065
0
0
0
0
0
0
0
0
0
0
0
0
0
0
0
0
0
0
0
0
0
0
0
0
0
0
0
0
0
0
0.05168421540507926
0
0.029521652031702567
0
0
0
0.09237192158575656
0
0
0
0
0
0.06098464914635487
0
0
0
0
0
0
0
0.025267381213764605
0
0
0
0
0
0
0
0
0
0
0
0
0
0
0
0
0.05904330406340513
0
0
0
0
0
0
0.01612660691057042
0
0
0
0
0
0
0
0.01612660691057042
0
0
0
0.017040044811416515
0.0
0
0
0.023971833586110824
0
0
0
0
0
0
0
0
0
0
0
0
0
0
0
0
0
0
0
0
0.0
0
0
0
0.028608214130856475
0
0
0
0.015091036428826015
0
0
0
0
0
0.15321458425310708
0.030022164953135484
0
0
0
0.4370470067515501
0
0
0.18646743101724042
0
0
0
0
0
0
0
0
0.06067750015485781
0.12316256211434208
0
0.02985889032028067
0
0
0
0
0
0
0.21852350337577506
0
0.09237192158575656
0
0
0.028003602215482055
0
0
0
0
0
0
0.028003602215482055
0
0
0.013895558042565065
0
0
0.030022164953135484
0
0
0.017857142857142856
0
0
0
0
0
0
0
0
0
0.06215581033908014
0
0
0
0
0
0
0
0
0
0
0.030492324573177434
0
0
0
0
0
0
0.015091036428826015
0
0
0
0
0
0.021502142547427227
0
0
0
0
0
0
0
0
0
0
0
0
0
0
0.024646629316278677
0
0
0
0
0
0
0
0
0
0
0
0
0
0
0
0
0
0.07438519179701607
0
0
0.23753683309736773
0
0
0
0
0
0
0
0
0
0
0
0
0
0
0
0
0.038542187358843745
0
0
0
0
0
0
0
0
0
0
0
0
0
0
0
0
0
0
0
0
0
0.019891845576907798
0
0
0
0
0
0
0
0
0
0
0
0
0.026114249962481358
0
0
0
0
0
0
0
0
0
0
0
0
0.02985889032028067
0
0
0
0
0
0
0
0
0
0
0
0
0
0
0
0.026377165262851113
0
0
0
0
0
0
0
0
0
0
0
0
0
0
0.09323371550862021
0
0
0
0
0
0
0
0
0
0
0
0
0
0
0
0
0
0
0
0
0
0.06036414571530406
0
0
0
0
0
0
0
0
0
0
0
0
0
0
0
0
0
0.013895558042565065
0
0
0
0
0
0
0
0
0
0
0
0
0
0
0
0
0
0
0
0
0
0
0
0
0
0
0
0
0
0
0
0
0
0
0
0
0
0
0
0
0
0
0
0
0
0
0
0
0
0
0
0
0
0
0
0
0
0
0
0
0
0
0
0
0
0
0
0
0
0.06816017924566606
0
0
0
0
0
0.026631458818469154
0
0
0
0
0
0
0
0
0
0
0.010751071273713613
0
0
0
0
0
0
0
0
0.047222117669068545
0
0
0
0
0
0
0
0
0
0
0
0
0
0
0
0
0
0
0
0
0
0
0
0
0
0
0
0
0
0
0
0
0
0
0
0
0
0
0
0
0
0
0
0
0
0
0
0
0
0
0
0
0
0
0
0.021972302167469177
0
0
0
0
0
0
0
0
0
0
0.08966232179309329
0
0
0
0
0
0.02898659447139108
0
0.026377165262851113
0
0
0
0
0.06128583370124283
0
0
0.0499264288811442
0
0
0
0
0
0
0
0
0
0
0
0.028608214130856475
0
0.09280680856194475
0
0
0.02584210770253963
0
0
0
0
0
0
0
0
0
0
0
0
0
0
0
0.028608214130856475
0
0
0
0
0
0
0
0
0
0
0
0
0
0
0
0
0
0
0
0
0
0
0
0
0
0
0.025267381213764605
0
0
0.005375535636856807
0
0
0
0
0
0
0
0
0
0
0
0
0
0
0
0
0
0
0
0.017040044811416515
0
0.030338750077428905
0
0.028608214130856475
0
0
0
0
0
0
0.05558223217026026
0
0.1873058600363786
0
0
0
0
0
0
0
0
0
0
0
0
0
0
0
0
0
0
0.7492234401455145
0
0
0
0
0.0
0.11364747193046422
0
0
0
0
0
0
0
0
0
0
0
0.2497411467151715
0
0
0
0
0
0
0
0
0
0
0.028799711727138133
0.025267381213764605
0
0
0
0
0
0.058694738445935264
0.09006649485940646
0
0.11594637788556432
0
0.08695978341417324
0.12196929829270974
0
0
0
0
0.0249632144405721
0
0
0
0
0.05797318894278216
0
0
0
0
0
0
0
0
0
0
0
0
0
0
0
0
0
0
0
0
0.030492324573177434
0
0
0
0
0
0
0
0.021972302167469177
0
0
0.27970114652586064
0.05469567560865197
0
0
0.3659078948781292
0
0
0
0
0
0
0
0
0
0
