0
0
0
0
0
0
0
0
0
0
0
0
0
0
0
0
0
0
0
0
0.017857142857142856
0
0
0
0
0
0.005375535636856807
0.017040044811416515
0.019271093679421872
0
0
0
0
0
0
0
0
0
0
0
0
0
0
0
0
0
0
0.005375535636856807
0
0
0
0
0
0
0
0
0
0
0
0
0
0
0
0
0
0
0
0
0
0
0
0
0
0.021972302167469177
0
0
0
0
0
0
0
0.008520022405708257
0
0
0
0.02431656850031416
0
0.019271093679421872
0
0
0
0
0
0
0
0
0
0
0
0
0
0
0
0
0
0
0
0
0
0
0
0
0
0.015091036428826015
0
0
0
0
0
0
0
0
0
0
0
0
0
0
0
0.013895558042565065
0
0
0.0
0
0
0
0
0
0
0
0
0
0
0
0
0
0
0
0
0
0
0
0.0
0
0
0.0249632144405721
0
0
0
0
0.03018207285765203
0
0
0
0
0
0
0.01612660691057042
0
0
0
0
0
0.01248160722028605
0
0.03225321382114084
0
0
0
0
0
0.010751071273713613
0.013895558042565065
0
0
0
0
0
0
0
0
0
0
0
0.02046657206568282
0
0
0
0
0
0
0
0
0
0
0
0
0
0
0
0
0
0.025267381213764605
0
0
0
0
0
0
0
0
0
0
0
0
0
0
0.026114249962481358
0
0
0
0
0
0
0
0
0
0
0
0
0
0.02584210770253963
0
0
0
0
0.005375535636856807
0
0
0
0
0
0
0
0
0
0
0
0
0
0.005375535636856807
0
0
0
0
0
0.038542187358843745
0
0
0
0
0
0
0
0
0
0
0
0
0
0
0.021502142547427227
0
0
0
0.018596297949254017
0
0
0
0.018596297949254017
0
0
0
0
0
0
0
0
0
0
0
0
0
0
0
0
0
0
0
0
0
0
0
0
0
0
0
0
0
0
0
0
0
0
0
0
0
0
0
0
0
0
0
0
0
0
0
0
0
0.010751071273713613
0.018596297949254017
0
0
0
0
0
0
0
0
0.07191550075833247
0.010751071273713613
0
0
0.18474384317151313
0
0
0.010751071273713613
0
0
0.0
0
0.018596297949254017
0
0
0
0
0.017040044811416515
0
0
0
0.005375535636856807
0.02584210770253963
0
0.027347837804325984
0
0
0.03225321382114084
0
0
0
0
0
0
0
0
0
0
0
0
0
0
0
0
0
0
0
0
0
0.08337334825539039
0
0
0.0748896433217163
0
0
0
0.019891845576907798
0
0
0.02100162962599431
0
0
0
0.018596297949254017
0
0
0
0
0
0
0
0
0.05967553673072339
0
0
0
0
0.1144328565234259
0
0
0
0
0
0
0
0.013895558042565065
0
0
0
0
0
0
0.01248160722028605
0
0
0
0
0
0
0
0
0
0
0
0
0
0.010751071273713613
0
0.01248160722028605
0.008520022405708257
0
0
0
0
0.005375535636856807
0.015091036428826015
0
0
0
0
0.08204351341297796
0.21237125054200234
0
0
0
0.4618596079287828
0.14001801107741027
0.022415580448273322
0
0
0.026631458818469154
0.01248160722028605
0
0
0
0
0.07393988794883603
0
0
0.09635546839710936
0
0
0
0
0
0
0
0
0
0
0
0
0
0
0
0.06724674134481996
0
0
0
0
0
0
0
0
0
0
0
0
0
0
0
0
0.043004285094854454
0.06591690650240753
0.08928571428571427
0.043004285094854454
0
0.02046657206568282
0.24862324135632055
0.0
0
0
0
0
0
0.0499264288811442
0.07989437645540746
0
0.013895558042565065
0
0
0.05275433052570223
0.998964586860686
0.901259249916662
0.01612660691057042
0.013895558042565065
0
0
0
0
0.27970114652586064
0
0
0
0
0
0
0
0
0
0
0
0.010751071273713613
0.0
0
0
0.021972302167469177
0
0
0
0
0
0
0
0.14760826015851283
0
0
0
0
0
0
0
0
0.28799711727138133
0.017857142857142856
0.08186628826273128
0.027116320354962278
0.0249632144405721
0
0.017040044811416515
0.0249632144405721
0
0
0
0
0
0
0
0
0
0
0
0
0
0
0
0
0
0
0
0
0
0.055145287298224134
0
0
0
0
0
0
0
0
0
0
0
0
0
0
0
0
0
0.021502142547427227
0
0.008520022405708257
0
0
0
0
0
0
0.027347837804325984
0
0
0
0
0
0
0
0
0
0
0
0
0
0
0
0
0
0
0
0
0
0
0.052228499924962715
0.017857142857142856
0.019271093679421872
0.005375535636856807
0
0
0
0
0
0
0
0.008520022405708257
0
0
0
0
0
0.010751071273713613
0
0
0
0.0
0
0
0
0
0
0
0
0
0
0
0.07191550075833247
0
0
0
0
0
0
0
0
0
0
0
0
0.013895558042565065
0
0
0
0
0
0
0
0
0.019271093679421872
0
0
0
0
0
0
0
0.02046657206568282
0
0
0
0
0
0
0.07913149578855334
0.0
0
0
0
0
0.21344627201224203
0
0
0
0
0
0
0.0985865172651147
0
0.021502142547427227
0
0
0
0
0
0
0
0
0.04646535698799933
0
0
0
0
0
0
0
0
0
0
0
0.005375535636856807
0
0
0
0
0
0
0.005375535636856807
0
0
0
0.02779111608513013
0
0
0
0.005375535636856807
0
0
0
0
0
0
0
0.018596297949254017
0
0
0.021972302167469177
0
0
0
0.3146903554394212
0
0
0
0
0
0
0
0.6187120570796316
0.15169375038714453
0
0
0.053755356368568076
0.024646629316278677
0
0.017857142857142856
0
0
0
0
0.022834885731300516
0
0.2288657130468518
0.0
0
0.0
0.17687166849635225
0
0.015091036428826015
0.010751071273713613
0
0
0
0
0
0.005375535636856807
0
0
0
0
0
0.04929325863255735
0
0
0
0
0
0.019891845576907798
0.02779111608513013
0
0
0
0
0.05112013443424955
0
0
0
0
0.1449329723569554
0.023971833586110824
0
0
0
0
0
0
0
0.10751071273713615
0.023611058834534272
0.026631458818469154
0
0.05642084273631465
0.0827179309473362
0
0
0
0
0
0
0
0
0
0
0
0
0
0
0
0
0
0
0
0
0
0
0
0
0
0.02431656850031416
0
0
0
0
0
0
0
0
0
0
0
0
0
0
0
0
0
0
0
0
0
0
0
0
0
0
0
0
0
0
0
0
0
0
0
0
0
0
0
0
0
0
0.26087935024251974
0
0
0
0
0
0
0
0
0.017857142857142856
0
0
0
0
0
0
0
0
0
0
0
0
0
0
0
0
0
0.017040044811416515
0
0
0
0.024646629316278677
0
0
0
0
0
0
0
0
0.005375535636856807
0.047222117669068545
0
0
0
0
0
0
0
0
0
0
0
0.05971778064056134
0.018596297949254017
0
0
0
0
0
0
0
0
0
0
0.03225321382114084
0.010751071273713613
0.04093314413136564
0
0
0
0.01248160722028605
0
0
0.0249632144405721
0
0
0
0.022834885731300516
0
0
0
0
0.05469567560865197
0
0.04093314413136564
0
0
0
0
0
0
0
0
0.013895558042565065
0
0
0
0
0
0
0.14846052068585483
0
0
0
0
0
0.5619175801091358
0
0
0
0.7804410834849109
0
0
0
0
0
0
0
0.026631458818469154
0
0.043004285094854454
0
0
0.05833815912784238
0
0
0
0
0
0
0
0
0.061399716197048454
0
0.04394460433493835
0
0
0
0
0
0.005375535636856807
0
0
0
0.0
0
0
0
0
0
0
0.05469567560865197
0
0
0
0.0
0
0.005375535636856807
0
0
0
0.01248160722028605
0
0
0
0
0
0
0
0
0
0
0
0.02100162962599431
0
0
0
0
0
0
0.013895558042565065
0
0
0
0
0
0.03225321382114084
0.01612660691057042
0
0
0
0
0
0
0
0
0
0
0
0
0.005375535636856807
0
0
0.05797318894278216
0
0
0
0
0.01612660691057042
0
0
0
0
0
0
0
0
0
0
0.02046657206568282
0
0.0775263231076189
0.18109243714591217
0
0
0
0.037192595898508034
0
0
0.03018207285765203
0.019891845576907798
0
0
0.005375535636856807
0
0
0
0
0
0
0.005375535636856807
0
0
0
0.03225321382114084
0
0
0
0
0.0
0
0
0
0
0
0
0
0
0
0
0.07191550075833247
0
0.38378147641213334
0
0.08463126410447197
0
0
0.05904330406340513
0.010751071273713613
0
0.05781328103826562
0
0
0
0
0
0
0
0
0
0
0
0
0
0
0
0
0
0
0.26569486828532307
0
0.17915334192168403
0
0.02100162962599431
0
0
0
0
0
0
0
0
0
0
0
0.07834274988744408
0
0.02100162962599431
0
0
0
0
0
0
0
0
0.021502142547427227
0
0
0
0
0
0.3386970458144407
0
0
0
0.01612660691057042
0
0
0
0
0
0
0
0
0
0
0
0
0
0
0
0
0
0
0
0
0
0
0
0
0
0
0
0
0
0
0
0.019271093679421872
0
0
0
0
0
0
0.01248160722028605
0
0.0
0
0
0
0.010751071273713613
0
0
0
0.18203250046457342
0
0
0
0.010751071273713613
0.02431656850031416
0
0
0
0
0
0
0
0
0
0
0.005375535636856807
0
0
0
0
0
0
0
0
0.24017731962508387
0
0
0.08337334825539039
0
0.021502142547427227
0.01248160722028605
0.0
0
0
0
0
0
0
0
0
0
0
0
0
0
0
0
0.017857142857142856
0
0
0
0
0
0
0
0
0
0
0
0.0
0
0
0
0
0
0
0
0
0
0
0
0
0
0
0.01612660691057042
0
0
0
0
0
0
0
0
0
0
0
0
0
0
0
0
0
0
0
0
0
0
0
0
0
0
0
0
0
0
0
0
0
0.0249632144405721
0
0
0
0
0.01248160722028605
0.0
0
0
0
0
0
0
0
0
0
0
0
0
0
0
0.026877678184284038
0
0
0.005375535636856807
0
0
0
0
0
0
0
0
0
0
0
0
0
0
0.017857142857142856
0.01248160722028605
0
0
0
0
0
0
0.01248160722028605
0
0
0
0
0.0775263231076189
0
0
0
0
0.07708437471768749
0
0
0
0
0
0
0
0
0
0
0
0
0
0
0.025560067217124775
0
0.005375535636856807
0
0.03408008962283303
0
0.01248160722028605
0
0
0
0
0
0.026377165262851113
0.026631458818469154
0.008520022405708257
0.029347369222967632
0
0
0
0
0
0
0
0.019271093679421872
1.1809603964425226
0
0
0
0.01248160722028605
0
0.02584210770253963
0
0.023971833586110824
0
0
0
0
0.0
0
0
0
0
0
0
0
0.026631458818469154
0.022415580448273322
0
0.02046657206568282
0
0
0
0
0
0
0
0.005375535636856807
0.20418355694744833
0
0.05326291763693831
0
0
0
0.047222117669068545
0.005375535636856807
0
0
0
0
0
0
0
0
0
0.0
0.0
0.005375535636856807
0
0
0
0
0
0
0
0
0
0
0
0.010751071273713613
0
0
0.01248160722028605
0
0
0
0
0.038542187358843745
0
0
0
0
0
0
0
0
0
0
0.02779111608513013
0.010751071273713613
0
0
0.028210421368157323
0.018596297949254017
0
0
0
0.021502142547427227
0
0.013895558042565065
0
0.017040044811416515
0.04646535698799933
0
0
0
0
0
0
0
0
0
0.01612660691057042
0
0
0
0
0.24393859658541947
0
0
0
0
0
0
0
0
0.3881655741636487
0
0
0
0
0.0
0.02431656850031416
0
0
0
0.04863313700062832
0
0.07191550075833247
0
0
0
0
0
0
0.005375535636856807
0
0
0
0.01248160722028605
0
0
0
0
0.04566977146260103
0
0
0
0.01248160722028605
0
0
0
0
0
0
0
0
0
0
0
0
0
0
0
0
0.015091036428826015
0.05781328103826562
0
0.017857142857142856
0.053755356368568076
0
0
0
0
0
0
0
0
0
0.04929325863255735
0
0
0
0
0
0
0
0
0
0
0
0
0
0
0.005375535636856807
0
0
0
0.005375535636856807
0
0
0
0
0
0
0.05168421540507926
0
0
0.015091036428826015
0
0
0
0
0
0
0.0748896433217163
0
0
0
0
0
0
0
0.008520022405708257
0
0.021502142547427227
0
0
0
0.02779111608513013
0
0
0
0
0.024646629316278677
0
0
0
0
0
0
0
0.019271093679421872
0
0
0
0
0
0
0
0
0
0
0
0
0
0
0
0.051120134434249544
0
0
0
0
0
0
0
0
0
0
0
0
0
0.017040044811416515
0
0
0
0.02431656850031416
0
0
0.037192595898508034
0
0.04646535698799933
0
0
0
0
0
0
0
0
0
0.015091036428826015
0
0
0
0
0
0.018596297949254017
0
0
0
0
0
0
0.008520022405708257
0.010751071273713613
0
0
0
0
0
0
0
0
0
0
0.07989437645540746
0
0.017040044811416515
0
0.019271093679421872
0.07294970550094247
0
0
0
0
0
0
0
0.03408008962283303
0
0
0.0
0
0
0
0
0
0
0
0.010751071273713613
0
0.019891845576907798
0.01612660691057042
0
0
0
0
0
0
0
0
0
0
0
0
0.11201440886192822
0.0499264288811442
0
0
0
0
0
0
0
0
0
0
0
0
0
0
0
0
0
0
0
0
0
0
0
0
0
0
0
0
0
0
0.005375535636856807
0
0
0
0
0
0
0
0
0
0
0
0
0
0
0
0
0
0
0
0.005375535636856807
0
0
0
0
0
0
0
0
0
0.008520022405708257
0
0
0
0
0
0.039783691153815595
0
0
0
0
0.09726627400125663
0.024646629316278677
0
0.07393988794883603
0
0.12008865981254194
0
0.01248160722028605
0
0
0
0
0.1449329723569554
0
0.02584210770253963
0
0
0
0.07834274988744408
0
0
0.028003602215482055
0
0
0
0.02046657206568282
0
0
0
0
0.2101551546719484
0
0
0
0
0
0
0
0
0
0
0
0
0
0.07668020165137432
0
0.01248160722028605
0
0
0.0
0
0
0
0
0
0
0
0
0
0.005375535636856807
0
0.026377165262851113
0
0
0
0
0
0.015091036428826015
0
0.005375535636856807
0
0
0.04093314413136564
0
0
0
0.015091036428826015
0
0
0
0.02431656850031416
0
0
0
0
0.021502142547427227
0
0
0
0
0
0
0
0.02584210770253963
0
0
0
0.14304107065428237
0
0
0
0.05112013443424955
0
0.0
0
0.026877678184284038
0
0
0
0
0
0
0
0.005375535636856807
0.05357142857142857
0
0.019271093679421872
0
0
0
0
0
0
0
0
0
0
0
0
0.02584210770253963
0
0.008520022405708257
0
0
0
0
0.025267381213764605
0
0
0
0
0.008520022405708257
0
0.005375535636856807
0
0.04929325863255735
0
0.005375535636856807
0.028411867982616055
0
0
0
0
0
0
0
0
0
0
0
0
0
0.01248160722028605
0
0
0
0
0
0
0.017040044811416515
0.018596297949254017
0
0
0
0
0
0
0
0
0
0
0
0.0
0
0
0
0
0
0.06004432990627097
0
0.010751071273713613
0.01248160722028605
0
0
0
0.044831160896546644
0.0
0
0
0.0
0
0.057599423454276266
0.039783691153815595
0.010751071273713613
0.10846528141984911
0.008520022405708257
0
0
0
0
0
0
0.0
0
0
0
0
0
0
0
0
0
0
0
0
0
0
0.023611058834534272
0
0
0.015091036428826015
0
0
0
0
0
0.023232678493999664
0.01612660691057042
0
0
0
0.01612660691057042
0
0
0
0.010751071273713613
0
0
0
0
0
0
0
0
0
0
0.03408008962283303
0
0
0
0
0
0
0
0.010751071273713613
0
0
0
0.005375535636856807
0
0
0.05112013443424955
0
0
0
0.013895558042565065
0
0
0
0
0
0
0
0
0
0
0
0
0.008520022405708257
0
0
0.11876841654868386
0
0
0
0
0.44788335480421004
0
0
0.4040127672040209
0
0
0.1022402688684991
0.02431656850031416
0
0
0
0
0
0
0.01612660691057042
0
0
0
0
0.005375535636856807
0
0
0
0
0.008520022405708257
0
0
0
0
0
0
0.0
0
0
0.005375535636856807
0
0
0
0.01248160722028605
0
0
0
0
0
0
0.010751071273713613
0
0
0
0
0
0
0
0
0
0
0
0.018596297949254017
0
0
0
0
0
0
0
0
0
0
0
0
0
0
0
0
0
0
0
0
0
0
0
0
0
0
0
0
0
0
0
0
0
0
0
0
0
0
0
0
0
0.008520022405708257
0
0
0
0
0
0.07191550075833247
0
0
0
0.017040044811416515
0.13315729409234578
0
0.026114249962481358
0
0.01612660691057042
0.2002574989159953
0.025560067217124775
0.015091036428826015
0
0.08600857018970891
0
0
0
0
0
0
0.005375535636856807
0
0
0
0.20418355694744833
0
0
0
0
0.10106952485505842
0
0
0
0
0
0
0
0
0.051120134434249544
0
0
0
0.008520022405708257
0.017040044811416515
0
0.024646629316278677
0
0
0.026877678184284038
0
0
0
0.008520022405708257
0
0
0
0
0
0
0
0
0
0
0
0.018596297949254017
0
0
0
0
0
0.005375535636856807
0
0
0
0
0
0
0
0
0.008520022405708257
0
0.019271093679421872
0.028608214130856475
0
0
0
0
0
0
0
0
0
0
0
0
0.07191550075833247
0
0
0
0.023232678493999664
0
0
0
0
0
0
0
0
0
0
0.008520022405708257
0
0
0.2145004179543499
0.01248160722028605
0
0.0
0.013895558042565065
0
0.023611058834534272
0.15336040330274864
0
0
0
0.0
0
0
0
0
0
0
0
0
0
0
0
0
0.017857142857142856
0
0
0.015091036428826015
0
0.008520022405708257
0
0
0
0
0
0
0.018596297949254017
0
0
0
0
0
0
0.019891845576907798
0
0
0.015091036428826015
0
0
0
0
0
0
0
0
0
0.015091036428826015
0
0
0.0
0
0.12008865981254194
0
0
0
0
0
0
0.06724674134481996
0.019891845576907798
0
0
0
0
0
0
0
0.010751071273713613
0
0
0
0
0
0
0
0
0
0
0
0
0.06724674134481996
0
0
0
0
0
0
0.015091036428826015
0
0
0
0
0.0249632144405721
0
0.010751071273713613
0
0.0998528577622884
0
0.019891845576907798
0
0
0
0
0
0.053755356368568076
0
0
0
0.7804410834849109
0
0
0
0.005375535636856807
0
0
0
0
0
0
0
0
0
0
0
0
0
0
0
0.018596297949254017
0
0.028799711727138133
0
0
0
0
0.021502142547427227
0
0
0.008520022405708257
0.04794366717222165
0
0
0
0
0
0
0.005375535636856807
0
0
0
0
0
0
0
0.0
0
0
0.09237192158575656
0.026631458818469154
0
0
0
0
0.015091036428826015
0
0.026877678184284038
0.02431656850031416
0
0
0
0
0
0.019271093679421872
0
0
0.008520022405708257
0
0
0
0
0.14205933991308028
0.021972302167469177
0.028210421368157323
0
0.8929285753289801
0
0
0
0
0
0
0
0.11364747193046422
0
0
0
0
0
0
0
0
0
0
0
0
0.18646743101724042
0
0.017040044811416515
0
0
0
0.008520022405708257
0
0
0
0.0
0
0
0
0
0
0
0
0
0
0
0.0
0
0.0
0
0
0.008520022405708257
0
0
0
0.3402916313937974
0
0.1945378125959109
0.01612660691057042
0
0
0
0
0
0
0
0
0
0
0
0
0
0
0
0
0
0.024646629316278677
0
0.037192595898508034
0
0
0
0
0
0
0.010751071273713613
0
0
0
0
0
0
0
0
0
0
0
0
0
0
0
0
0.013895558042565065
0.005375535636856807
0
0
0
0
0
0.039783691153815595
0
0
0
0
0
0
0
0
0
0
0
0
0
0
0
0
0
0
0
0
0.09726627400125663
0
0
0
0
0
0
0
0.01248160722028605
0
0.1343883909214202
0
0.04093314413136564
0
0
0
0
0
0
0.04863313700062832
0.017040044811416515
0.005375535636856807
0
0
0
0
0
0
0
0
0
0
0
0
0
0
0.008520022405708257
0.019271093679421872
0
0
0.24189910365855635
0.013895558042565065
0
0
0
0
0
0
0
0.04566977146260103
0.02046657206568282
0
0
0
0
0
0
0
0
0
0
0
0
0
0
0
0
0
0
0
0.013895558042565065
0.005375535636856807
0
0
0
0
0.12257166740248567
0
0
0
0
0
0
0
0
0
0
0
0
0
0
0
0
0.02100162962599431
0.022834885731300516
0
0.02100162962599431
0
0
0
0.3370720853568356
0.02046657206568282
0
0
0
0
0
0
0
0
0.05558223217026026
0
0
0.008520022405708257
0
0
0
0
0.05600720443096411
0
0
0
0.005375535636856807
0.021502142547427227
0
0.02100162962599431
0.010751071273713613
0
0.0499264288811442
0.017857142857142856
0
0
0
0
0
0
0
0
0
0.03571428571428571
0.015091036428826015
0
0
0.043004285094854454
0
0
0
0
0
0
0
0
0
0
0.0827179309473362
0.017040044811416515
0
0
0.11738947689187053
0
0
0
0
0
0
0
0.017040044811416515
0
0
0
0
0.0
0.017040044811416515
0
0
0
0
0
0
0
0.019271093679421872
0
0.015091036428826015
0
0
0
2.3725408937941292
0
0
0
0
0
0
0
0
0
0
0.013895558042565065
0.1838575011037285
0
0
0
0
0
0.010751071273713613
0
0
0
0.018596297949254017
0
0.16674669651078078
0.01248160722028605
0
0
0
0.22402881772385644
0.017040044811416515
0
0
0
0
0
0.023611058834534272
0
0.0998528577622884
0
0
0.26087935024251974
0
0
0.01248160722028605
0
0
0
0
0
0
0
0
0
0
0
0
0.08204351341297796
0.02046657206568282
0
0
0
0
0.015091036428826015
0
0
0
0
0.010751071273713613
0
0
0
0
0
0
0
0
0
0
0
0
0
0
0
0
0.08204351341297796
0.02898659447139108
0
0.053755356368568076
0
0.013895558042565065
0
0
0
0.08204351341297796
0.02046657206568282
0
0
0
0
0
0.01612660691057042
0.017857142857142856
0.010751071273713613
0
0
0
0.06300488887798293
0
0
0
0
0
0
0
0
0
0
0
0
0
0
0.005375535636856807
0
0
0
0
0
0
0
0
0
0
0
0
0.008520022405708257
0
0.01248160722028605
0
0.055145287298224134
0.038542187358843745
0
0
0
0
0
0
0
0
0
0
0
0
0
0
0
0.10445699984992543
0.008520022405708257
0
0.017857142857142856
0
0
0
0
0
0
0
0
0
0.017040044811416515
0.010751071273713613
0.013895558042565065
0
0
0
0
0
0
0.11876841654868386
0
0
0
0
0
0
0.02046657206568282
0
0
0
0
0
0
0
0
0
0
0
0.27304875069686013
0
0
0
0
0
0
0
0
0
0
0
0
0
0
0
0
0
0
0
0
0
0
0
0
0
0
0
0
0
0
0
0.0985865172651147
0.005375535636856807
0.07580214364129381
0
0
0
0.0
0
0
0.10550866105140445
0
0
0.11116446434052052
0
0
0
0
0
0.015091036428826015
0
0.07393988794883603
0
1.6857527403274077
0
0
0
0
0.03225321382114084
0.02779111608513013
0
0
0
0
0
0.021502142547427227
0.039783691153815595
0
0
0
0
0
0
0
0
0
0
0
0
0
0
0
0
0.45738486859766153
0
0
0
0
0.010751071273713613
0.061399716197048454
0.017857142857142856
0
0
0
0
0
0
0
0
0
0.013895558042565065
0.005375535636856807
0
0
0.015091036428826015
0
0.013895558042565065
0.005375535636856807
0
0
0
0
0
0
0
0.24862324135632055
0.08582464239256943
0.005375535636856807
0
0
0
0.005375535636856807
0
0
0.015091036428826015
0
0.0885649560951077
0
0
0
0
0
0
0
0
0
0
0.044831160896546644
0
0
0.1370093143878031
0.05357142857142857
0.05053476242752921
0
0
0
0
0
0.008520022405708257
0.03018207285765203
0
0
0
0
0.14399855863569067
0
0
0
0.02431656850031416
0.021502142547427227
0
0
0
0
0
0
0
0
0
0
0.017857142857142856
0
0
0
0
0.018596297949254017
0
0
0
0
0
0
0
0.008520022405708257
0
0
0
0
0.07083317650360282
0.15091036428826016
0
0.005375535636856807
0.01248160722028605
0
0
0
0.037192595898508034
0
0
0
0
0
0
0
0
0
0
0
0
0.44788335480421004
0
0.06036414571530406
0
0
0.017040044811416515
0
0
0
0
0
0
0.09726627400125663
0.09133954292520206
0.023611058834534272
0.023971833586110824
0
0
0
0
0
0
0.022415580448273322
0
0
0
0
0
0
0
0.043004285094854454
0.05600720443096411
0
0.05967553673072339
0
0
0
0
0
0
0
0
0
0
0
0
0
0
0
0.12008865981254194
0
0
0.04863313700062832
0
0
0
0
0.010751071273713613
0
0
0
0
0
0.010751071273713613
0
0
0.09726627400125663
0
0
0.08204351341297796
0
0.3018207285765203
0
0
0
0.025267381213764605
0
0
0
0.12374241141592633
0
0
0
0
0
0
0
0
0
0
0
0.061399716197048454
0.005375535636856807
0
0
0.01612660691057042
0
0.015091036428826015
0
0
0
0
0
0.026377165262851113
0.0
0.025560067217124775
0.025267381213764605
0
0
0
0
0
0.022415580448273322
0
0
0.010751071273713613
0
0
0
0
0
0
0.11029057459644827
0.10986151083734588
0
0.05938420827434193
0
0
0
0
0
0
0
0
0
0
0
0
0.03225321382114084
0.11364747193046422
0.021502142547427227
0
0
0.015091036428826015
0.24189910365855635
0.013895558042565065
0
0
0
0
0
0
0.026377165262851113
0
0
0
0.008520022405708257
0
0.010751071273713613
0
0
0
0
0
0
0
0.008520022405708257
0
0
0
0
0.1760842153378058
0
0
0
0
0
0
0
0
0
0
0
0
0
0
0
0.027347837804325984
0
0.371227234247779
0.05326291763693831
0
0
0
0.07294970550094247
0
0
0
0
0
0
0
0
0
0
0
0.017040044811416515
0.005375535636856807
0
0
0
0
0
0.05326291763693831
0.3049232457317743
0.005375535636856807
0.005375535636856807
0
0
0
0
0
0
0
0
0
0
0
0
0
0
0
0
0.021502142547427227
0
0
0.041686674127695195
0.14205933991308028
0
0
0
0
0
0
0
0
0
0
0
0
0
0.02046657206568282
0
0
0
0
0
0.4180244644839294
0
0.14760826015851283
0
0
0
0.013895558042565065
0
0
0
0
0
0.0
0
0
0
0
0
0
0.07834274988744408
0.02100162962599431
0
0.021502142547427227
0.02584210770253963
0
0
0
0.05600720443096411
0.008520022405708257
0
0
0
0
0
0
0
0
0
0
0
0.1023328603284141
0
0
0.038542187358843745
0
0
0
0
0
0
0
0
0
0
0.039783691153815595
0
0
0
0.11201440886192822
0
0
0
0
0
0
0.03018207285765203
0
0
0.08582464239256943
0
0
0
0
0.2744309211585969
0
0.015091036428826015
0.0
0
0
0
0.03571428571428571
0
0
0
0
0
0
0
0
0.0
0
0
0
0
0
0
0
0
0
0
0
0
0
0
0.022834885731300516
0.0
0.01612660691057042
0
0
0
0
0
0
0
0
0
0
0
0
0
0
0.061399716197048454
0
0.005375535636856807
0.02898659447139108
0
0
0
0
0
0
0
0
0
0
0
0
0.43309843995574215
0
0.018596297949254017
0
0
0
0.20665156422191797
0
0
0.08186628826273128
0
0
0
0
0
0
0.005375535636856807
0.019891845576907798
0
0.047222117669068545
0
0
0.0
0
0
0.17047120789569634
0
0
0
0
0
0
0
0
0.03571428571428571
0
0
0
0
0.015091036428826015
0.20159798208996693
1.1498824912729826
0.01612660691057042
0
0.0
0
0.08204351341297796
0
0
0.005375535636856807
0
0
0
0
0
0
0.39835791905807844
0.11364747193046422
0
0
0
0.03018207285765203
0
0
0
0
0
0
0
0
0
0
0.0
0.13673918902162993
0.0
0
0
0
0
0.05938420827434193
0
0
0
0
0.019891845576907798
0.005375535636856807
0
0.010751071273713613
0
0
0
0
0
0.021502142547427227
0
0
0
0
0
0
0
0
0.3302438144844903
0
0.3370720853568356
0
0
0
0
0
0.019891845576907798
0.013895558042565065
0
0.1248160722028605
0
0.015091036428826015
0
0.02100162962599431
0
0.008520022405708257
0
0
0
0
0.017857142857142856
0
0
0
0
0.0249632144405721
0
0
0
0
0
0
0
0
0
0
0.6867881534667216
0
0.1128416854726293
0
0
0
0.028799711727138133
0
0.3659078948781292
0
0
0
0.021502142547427227
0.10106952485505842
0
0
0
0
0
0
0
0.09293071397599866
0.17391956682834647
0.028003602215482055
0
0
0
0
0
0
0
0.010751071273713613
0
0
0
0
0
0
0
0
0.015091036428826015
0
0
0
0.0
0
0
0
0.05112013443424955
0
0
0
0
0
0
0
0
0.16926252820894394
0.07668020165137432
0.044831160896546644
0
0
0
0
0
0
0
0.03018207285765203
0.039783691153815595
0
0.015091036428826015
0
0
0.026377165262851113
0
0
0
0
0
0
0
0.5619175801091358
0
0
0.1539532026429276
0
0
0.02779111608513013
0
0
0.013895558042565065
0
0.01612660691057042
0
0
0
0
0.2872567495872949
0
0
0.015091036428826015
0
0
0.015091036428826015
0
0
0
0
0.03225321382114084
0
0
0
0
0.4310689674001973
0
0
0.18642021172928408
0.0
0
0.027116320354962278
0
0
0
0
0.019271093679421872
0
0
0
0.3659078948781292
0.04646535698799933
0
0
0
0
3.2466349072972296
0
0
0.01248160722028605
0
0.3402916313937974
0.013895558042565065
0
0
0
0
0.03018207285765203
0
0
0
0
0
0
0.0
0
0
0
0.019891845576907798
0
0
0
0
0
0.15091036428826016
0
0
0
0
0
0
0
0
0
0
0
0
0
0
0
0
0
0.005375535636856807
0
0
0
0
0
0.0
0
0
0
0.10751071273713615
0
0
0
0
0
0
0.019271093679421872
0
0
0
0
0.015091036428826015
0
0.02100162962599431
0.017040044811416515
0
0
0
0
0
0
0
0
0
0
0
0
0
0
0
0
0
0
0
0
0
0
0.07294970550094247
0
0
0
0
0
0
0
0
0
0
0
0.021972302167469177
0.04794366717222165
0
0
0
0
0
0
0.027116320354962278
0
0
0
0.02046657206568282
0
0
0.005375535636856807
0
0
0
0
0
0.02431656850031416
0
0
0
0
0
0
0.027116320354962278
0
0.02584210770253963
0
0
0.07191550075833247
0.03571428571428571
0
0
0
0
0
0
0
0
0
0.021502142547427227
0.01612660691057042
0
0
0.6867881534667216
0
0.10939135121730394
0
0
0
0
0
0
0
0
0
0
0
0
0
0
0
0
0
0
0
0
0.052228499924962715
0.019891845576907798
0.005375535636856807
0
0
0
0
0
0
0
0
0
0.01612660691057042
0
0
0
0
0
0
0
0.0
0
0
0
0
0
0
0.018596297949254017
0
0
0.0
0
0
0
0
0
0
0
0
0
0
0
0
0.10550866105140445
0
0
0
0.005375535636856807
0.0
0.24017731962508387
0
0
0
0
0
0
0
0
0
0
0
0
0
0
0
0
0
0
0.09635546839710936
0
0
0
0
0
0
0
0
0
0
0
0.07191550075833247
0.008520022405708257
0
0
0
0
0.14787977589767207
0
0
0.14673684611483817
0
0.11519884690855253
0.010751071273713613
0.16674669651078078
0.061399716197048454
0
0
0
0
0
0
0
0
0
0
0
0
0
0
0
0
0
0
0
0
0
0
0
0
0
0
0
0
0
0
0.02046657206568282
0.11116446434052052
0.05600720443096411
0
0.043004285094854454
0
0
0
0
0
0
0
0
0
0
0
0.008520022405708257
0
0
0
0
0
0
0
0
0
0
0
0
0
0
0
0
0
0
0
0
0
0
0
0
0
0
0
0
0
0.01612660691057042
0
0
0
0
0.05967553673072339
0.3370720853568356
0.03408008962283303
0
0
0.017040044811416515
0
0.010751071273713613
0
0
0
0
0
0.015091036428826015
0
0
0
0
0
0
0
0
0
0
0.008520022405708257
0
0
0
0
0
0
0
0
0
0.015091036428826015
0
0
0
0.026114249962481358
0
0
0
0.052228499924962715
0
0
0
0
0
0
0
0.039783691153815595
0.022415580448273322
0
0
0.023611058834534272
0.019891845576907798
0
0
0
0
0
0
0
0
0
0
0.005375535636856807
0
0.02431656850031416
0.005375535636856807
0
0.02100162962599431
0
0
0.021972302167469177
0
0
0
0
0
0
0
0
0
0
0
0
0
0.03225321382114084
0.01612660691057042
0
0
0
0
0.01612660691057042
0.005375535636856807
0.018596297949254017
0
0
0
0
0.017857142857142856
0
0
0.04794366717222165
0
0.1988830758783124
0.02100162962599431
0.017857142857142856
0.017857142857142856
0
0.010751071273713613
0.005375535636856807
0
0
0
0.044831160896546644
0
0
0
0.03408008962283303
0.026631458818469154
0
0
0
0
0
0
0.028411867982616055
0
0
0
0
0
0.005375535636856807
0
0
0.021502142547427227
0
0
0
0
0
0
0
0
0.008520022405708257
0
0
0
0
0
0
0
0.021502142547427227
0
0.21553448370009864
0
0
0
0
0
0
0
0
0.021972302167469177
0
0
0
0
0
0
0.05578889384776205
0
0
0
0
0
0
0
0
0
0
0.06450642764228168
0
0
0
0
0.1128416854726293
0
0
0
0
0
0
0
0.008520022405708257
0
0
0
0.0
0
0
0
0
0
0
0
0
0
0
0
0
0
0
0
0
0
0
0
0
0
0
0
0
0
0.013895558042565065
0
0
0
0.17391956682834647
0
0.021502142547427227
0
0
0.06591690650240753
0
0
0
0
0
0
0
0
0
0
0.022834885731300516
0
0.025267381213764605
0
0
0
0
0.057599423454276266
0
0
0
0
0
0.021502142547427227
0.04394460433493835
0
0.06724674134481996
0.017857142857142856
0
0
0.017040044811416515
0
0
0
0
0
0
0
0
0
0
0
0.06969803548199899
0
0
0
0
0
0.010751071273713613
0.008520022405708257
0
0
0
0
0
0
0.023232678493999664
0
0
0.010751071273713613
0.038542187358843745
0
0
0
0
0
0.08204351341297796
0
0
0.10652583527387662
0
0
0
0
0
0.010751071273713613
0
0
0
0.021972302167469177
0.04566977146260103
0
0
0
0
0.008520022405708257
0
0
0
0.08523560394784817
0
0
0
0
0
0
0
0
0
0
0
0
0
0
0
0
0
0
0.017857142857142856
0.0958873343444433
0
0
0
0
0
0
0
0.051120134434249544
0
0
0.04200325925198862
0
0
0
0.008520022405708257
0.010751071273713613
0
0
0
0
0
0
0.11029057459644827
0
0
0
0
0
0
0
0
0
0
0
0.010751071273713613
0.005375535636856807
0
0
0
0
0
0
0
0
0
0
0
0
0
0
0
0
0.054232640709924555
0
0
0
0
0.027572643649112067
0
0.008520022405708257
0
0
0
0
0
0
0
0
0
0.018596297949254017
0
0.017040044811416515
0
0
0
0
0
0.07083317650360282
0
0
0
0
0.010751071273713613
0
0
0
0
0.008520022405708257
0
0
0
0
0
0
0
0
0
0
0
0
0
0
0
0.02046657206568282
0.08966232179309329
0
0
0
0
0
0
0
0
0
0
0
0
0.02100162962599431
0.021502142547427227
0
0
0
0
0.023232678493999664
0
0
0
0
0
0.0
0
0
0
0
0
0
0
0
0
0
0
0
0
0
0
0
0
0
0
0
0.005375535636856807
0
0.019891845576907798
0
0
0
0
0
0
0
0
0
0
0
0.005375535636856807
0
0.026631458818469154
0
0.0
0
0
0
0
0
0
0.0
0
0.13057124981240678
0
0.15011082476567741
0
0
0
0
0
0
0
0.017857142857142856
0
0.023971833586110824
0.017040044811416515
0
0.022415580448273322
0
0
0.04794366717222165
0
0.005375535636856807
0
0.005375535636856807
0
0
0.010751071273713613
0
0
0
0
0
0
0
0
0
0.0
0
0
0
0
0
0
0
0.021972302167469177
0.013895558042565065
0
0
0.005375535636856807
0
0
0
0
0
0
0
0.013895558042565065
0.010751071273713613
0.05053476242752921
0
0.010751071273713613
0
0
0
0
0
0
0
0
0
0
0
0
1.3111410202546503
0.010751071273713613
0
0
0.015091036428826015
0
0.01248160722028605
0
0
0
0
0
0.18013298971881292
0
0
0
0.1343883909214202
0
0.08401080664644617
0.010751071273713613
0
0
0
0
0
0
0.2002574989159953
0
0.02046657206568282
0.017857142857142856
0.08186628826273128
0
0.02779111608513013
0
0.02779111608513013
0
0
0
0
0
0.005375535636856807
0.0
0.05642084273631465
0
0
0
0.14929445160140334
0
0
0.008520022405708257
0
0
0.021502142547427227
0
0
0
0
0
0
0
0
0
0
0.08957667096084201
0
0
0
0
0
0
0
0
0
0
0
0
0
0
0
0
0
0.018596297949254017
0
0
0
0
0
0
0.022834885731300516
0
0
0.02584210770253963
0
0.08695978341417324
0
0
0
0.025560067217124775
0
0
0
0.029521652031702567
0.10106952485505842
0
0.01248160722028605
0
0
0
0
0
0
0.14001801107741027
0
0
0
0
0
0
0
0
0
0
0
0
0
0.05275433052570223
0
0
0
0
0
0
0
0
0
0
0
0
0
0
0
0
0
0
0
0
0
0.05053476242752921
0
0.023611058834534272
0
0
0
0
0.008520022405708257
0
0
0
0
0
0
0
0
0
0
0
0
0
0
0
0
0
0
0
0
0
0.11616339246999832
0
0
0
0
0
0.010751071273713613
0.5283243878821812
0
0
0
0
0
0
0
0
0
0
0.010751071273713613
0
0
0
0
0.019891845576907798
0
0
0
0
0.008520022405708257
0.024646629316278677
0
0
0
0.07834274988744408
0
0
0
0
0
0
0
0
0
0
0
0
0
0
0.043004285094854454
0
0
0
0
0
0
0.04837982073171126
0
0
0.021502142547427227
0.022415580448273322
0
0
0.005375535636856807
0
0
0
0.010751071273713613
0
0
0.005375535636856807
0
0
0
0
0
0.09006649485940646
0
0.08523560394784817
0
0
0
0.01248160722028605
0
0
0
0.013895558042565065
0
0
0
0
0
0
0
0
0
0
0
0
0
0
0
0
0
0
0
0
0
0
0
0
0
0
0
0
0
0
0
0
0
0
0
0
0
0
0
0
0.010751071273713613
0
0
0
0
0
0
0
0
0.0
0
0.7458697240689617
0
0
0
0
0
0
0
0
0
0
0.017857142857142856
0
0.008520022405708257
0
0
0
0.02779111608513013
0
0
0.0890763124115129
0
0
0
0
0
0.022834885731300516
0.01612660691057042
0.005375535636856807
0
0
0.04646535698799933
0
0
0
0
0
0
0
0
0
0.021502142547427227
0.017857142857142856
0
0
0
0
0
0
0
0
0
0.023232678493999664
0
0.11667631825568477
0
0
0
0
0.023232678493999664
0
0
0
0.02100162962599431
0
0.0499264288811442
0
0.005375535636856807
0.0
0
0
0
0
0
0
0
0
0
0
0
0
0
0
0
0
0.02100162962599431
0
0
0
0
0
0
0
0
0
0
0
0.017040044811416515
0
0.017857142857142856
0
0
0
0
0
0
0
0
0
0
0.015091036428826015
0.005375535636856807
0
0.07294970550094247
0
0
0
0
0
0.1343883909214202
0
0.023232678493999664
0
0
0
0
0.3418569568649408
0
0
0
0
0
0
0
0.019891845576907798
0
0
0
0
0
0
0
0
0
0.02100162962599431
0.013895558042565065
0.015091036428826015
0.019271093679421872
0
0
0
0
0.06591690650240753
0
0
0
0
0
0
0.1771299121902154
0
0.010751071273713613
0.017040044811416515
0
0
0
0
0.0
0
0
0
0
0
0
0
0
0
0.054232640709924555
0
0
0
0
0
0
0
0.0
0.02779111608513013
0
0.008520022405708257
0
0.1144328565234259
0.02046657206568282
0
0
0
0
0
0
0.013895558042565065
0
0.02100162962599431
0
0
0
0
0
0
0
0
0
0
0
0.01248160722028605
0
0
0
0
0
0
0
0
0
0
0
0
0
0
0
0
0
0.021502142547427227
0
0.0985865172651147
0
0
0
0.017857142857142856
0.03018207285765203
0.024646629316278677
0
0
0
0
0
0
0
0
0
0
0.005375535636856807
0
0
0
0
0
0
0
0
0
0.15091036428826016
0.14589941100188494
0.038542187358843745
0
0
0
0
0
0
0.025560067217124775
0.023232678493999664
0
0
0
0
0
0
0
0
0
0
0
0
0
0
0
0
0
0.01612660691057042
0
0
0
0
0
0
0
0
0
0
0
0
0
0
0
0
0
0.005375535636856807
0
0.008520022405708257
0
0
0.10336843081015852
0.022834885731300516
0.26569486828532307
0
0
0
0.3386970458144407
0
0
0
0
0
0.1829539474390646
0.04394460433493835
0
0
0
0
0
0
0
0.02100162962599431
0
0.017857142857142856
0
0
0
0
0
0
0
0
0.008520022405708257
0.013895558042565065
0
0.010751071273713613
0
0.20665156422191797
0
0.005375535636856807
0
0
0
0
0
0
0
0
0
0
0
0
0
0
0
0
0
0
0
0
0.04794366717222165
0.013895558042565065
0
0
0
0
0.04863313700062832
0
0
0
0.017040044811416515
0
0
0
0
0.023971833586110824
0
0
0.0499264288811442
0
0
0
0
0
0.019271093679421872
0.2574739271777083
0.053755356368568076
0
0
0
0
0
0
0
0
0.39835791905807844
0.12008865981254194
0
0
0
1.935493887042579
0
0.021972302167469177
1.0255708705948223
0
0.4949696456637053
0
0.021972302167469177
0.11808660812681027
0.24145658286121624
0.005375535636856807
0
0.39440375100657576
0.769766013214638
0
0.17915334192168403
0.0775263231076189
0
0.043004285094854454
0
0
0
1.217488090236461
0
0.12316256211434208
0
0
0.11201440886192822
0
0.043004285094854454
0.010751071273713613
0
0.010751071273713613
0.04837982073171126
0.19602521550837437
0
0
0
0
0
0.09006649485940646
0
0
0.017857142857142856
0
0
0
0
0
0
0
0.008520022405708257
0
0.24862324135632055
0
0
0
0
0
0
0
0
0
0.0885649560951077
0.030492324573177434
0
0
0
0
0
0.005375535636856807
0
0
0
0
0
0.018596297949254017
0.2580257105691267
0
0
0.04794366717222165
0
0.02431656850031416
0
0
0
0
0
0
0
0
0
0.07393988794883603
0
0.04646535698799933
0.010751071273713613
0
0
0
0
0
0
0
0
0
0
0.015091036428826015
0
0
0
0.018596297949254017
0
0
0.47507366619473546
0
0
0.01248160722028605
0
0
0
0
0
0
0
0
0
0
0
0
0
0.019271093679421872
0.005375535636856807
0
0
0
0
0
0
0
0
0
0
0
0.019271093679421872
0
0
0
0
0
0
0
0.013895558042565065
0.019891845576907798
0
0
0
0.04646535698799933
0
0
0
0
0
0
0
0
0.15668549977488816
0
0
0
0
0
0
0
0
0
0
0.04863313700062832
0.038542187358843745
0.08957667096084201
0
0.018596297949254017
0
0
0
0.0
0
0
0
0
0.02046657206568282
0
0
0
0
0.05275433052570223
0
0.021972302167469177
0
0
0
0
0
0
0
0
0
0
0
0
0.4040127672040209
0
0
0
0
0
0
0
0
0
0
0
0
0
0
0
0
0
0
0
0
0.0
0.06036414571530406
0
0
0
0
0
0.008520022405708257
0
0
0
0
0
0
0
0
0
0.017040044811416515
0
0.013895558042565065
0
0
0
0.005375535636856807
0
0
0
0
0
0
0
0
0
0
0
0
0
0
0
0.15246162286588716
0
0
0
0
0
0
0
0
0
0
0
0
0
0
0
0
0
0
0
0
0
0
0
0
0
0
0
0
0
0
0
0
0
0
0
0.021502142547427227
0
0
0.010751071273713613
0
0
0
0.025267381213764605
0
0
0
0
0
0
0
0
0
0
0
0.025267381213764605
0.07989437645540746
0
0
0
0.019891845576907798
0
0.0
0
0
0
0
0
0
0.013895558042565065
0
0
0
0
0
0
0.023611058834534272
0
0
0
0
0
0
0
0
0
0
0
0
0
0
0
0
0
0
0.34783913365669294
0
0
0.04794366717222165
0
0
0
0.010751071273713613
0
0.015091036428826015
0
0.017857142857142856
0.06969803548199899
0
0
0
0.02431656850031416
0
0
0.037192595898508034
0
0
0
0
0
0
0
0
0.015091036428826015
0.2929460470031607
0
0
0
0
0
0.01612660691057042
0
0.021972302167469177
0
0.01248160722028605
0.01612660691057042
0.01248160722028605
0
0
0
0
0
0
0.08966232179309329
0
0
0
0
0
0
0
0
0
0
0
0
0.8580016718173996
0
0
0.0499264288811442
0
0
0.043004285094854454
0
0.010751071273713613
0
0
0.023232678493999664
0
0
0
0.028608214130856475
0
0.3402916313937974
0
0
0.0775263231076189
0
0
0
0.0
0
0.0
0
0
0
0
0
0
0
0
0
0
0.017040044811416515
0
0
0
0.013895558042565065
0
0
0
0.01248160722028605
0.03018207285765203
0
0
0
0
0
0
0
0.2090122322419647
0
0
0
0
0
0
0
0.015091036428826015
0.07580214364129381
0
0.022415580448273322
0
0
0
0
0.05112013443424955
0
0
0
0.008520022405708257
0
0
0
0
0.29521652031702567
0.02046657206568282
0
0
0
0
0.3386970458144407
0
0
0.333726250851718
0
0.14304107065428237
0
0
0
0.2591974055442432
0.055145287298224134
0
0.08337334825539039
0
0.8740940135031002
0
0
0.10550866105140445
0
0
0.044831160896546644
0.05682373596523211
0
0
0.008520022405708257
0
0
0
0.01248160722028605
0
0
0
0
2.8720231872244724
0
0
0
0
0
0.11364747193046422
0
0
0
0
0.01248160722028605
0
0
0.013895558042565065
0
0
0
0.8740940135031002
0
0
0
0
0.06969803548199899
0
0.008520022405708257
0
0
0
0.057599423454276266
0.05053476242752921
0.010751071273713613
0
0.044831160896546644
0
0
0.0880421076689029
0.45033247429703227
0
0.1449329723569554
0.01248160722028605
0.08695978341417324
0.3354155703049518
0
0
0
0
0.0499264288811442
0
0.04929325863255735
0.01248160722028605
0
0.05797318894278216
0.019891845576907798
0
0.01612660691057042
0
0
0
0
0
0
0
0
0
0
0
0
0
0
0
0
0
0.45738486859766153
0
0
0
0
0
0
0
0
0.0775263231076189
0.02584210770253963
0.7769476292385017
0.08204351341297796
0.0
0
0.39640021945130666
0
0
0
0.02100162962599431
0
0
0
0
0
0
