0.0
0.0
0.0
0.0
0.0
0.0
0.0
0.0
0.0
0.0
0.0
0.0
0.0
0.0
0.0
0.0
0.0
0.0
0.0
0.0
0.0
0.0
0.0
0.0
0.0
0.0
0.0012157041333066086
0.0
0.0
0.0
0.0
0.0
0.0
0.0
0.0
0.0
0.0
0.0
0.0
0.0
0.0
0.0
0.0
0.0
0.0
0.0
0.0
0.0
0.0
0.0
0.0
0.0
0.0
0.0
0.0
0.0
0.0
0.0
0.0
0.0
0.0
0.0
0.0
0.0
0.0
0.0
0.0
0.0
0.0
0.0
0.0
0.0
0.0
0.0
0.0
0.0
0.0
0.0
0.0
0.0
0.0
0.0
0.0
0.0
0.0
0.0
0.0
0.0
0.0
0.0
0.0
0.004038481715501914
0.0
0.0
0.0
0.0
0.0
0.0
0.0
0.0
0.0
0.005780536389788064
0.0
0.0
0.0
0.0
0.0
0.0
0.0
0.0
0.0012157041333066086
0.0
0.0
0.0
0.0
0.0
0.0
0.0
0.0
0.0
0.0
0.0
0.0
0.0
0.0
0.0
0.0
0.0
0.0
0.0
0.0
0.0
0.0
0.0
0.0
0.0
0.0
0.0
0.0
0.0
0.0
0.0
0.0
0.0
0.0
0.0
0.0
0.0
0.0
0.0
0.0
0.0
0.0
0.0
0.0
0.0
0.0
0.0
0.0
0.0
0.0
0.0
0.0
0.0
0.0
0.0
0.0
0.0
0.0
0.0
0.0
0.0
0.0
0.0
0.0
0.0
0.0
0.0
0.0
0.0
0.0
0.0
0.0
0.0
0.0
0.0
0.0
0.0
0.0
0.0
0.0
0.0
0.0
0.0
0.0
0.0
0.0
0.0
0.0
0.0
0.0
0.0
0.0
0.0
0.0
0.0
0.0
0.0
0.0
0.0
0.0
0.0
0.005714343993702676
0.0
0.0
0.0
0.0
0.0
0.0
0.0
0.0
0.0
0.0
0.0
0.0
0.0
0.0
0.0
0.0
0.0
0.0
0.0
0.0
0.0
0.0
0.0
0.0
0.0
0.0
0.0
0.0
0.0
0.0
0.0
0.0
0.0
0.0
0.0
0.0
0.0
0.0
0.0
0.0
0.0
0.0
0.0
0.0
0.0
0.0
0.0
0.0
0.0
0.0
0.0
0.0
0.0
0.0
0.0
0.0
0.0012157041333066086
0.0
0.0
0.0
0.0
0.0
0.0
0.0
0.0
0.0
0.0
0.0
0.0
0.0
0.0
0.0
0.0
0.0
0.0
0.0
0.0
0.0
0.0
0.0
0.0
0.0
0.0
0.0
0.0
0.0
0.0
0.0
0.0
0.0
0.0
0.0
0.0
0.0
0.0
0.0
0.0
0.0
0.0
0.0
0.0
0.0
0.0
0.0
0.0
0.0
0.0
0.0
0.0
0.0
0.0
0.0
0.0
0.0
0.0
0.0
0.0036471123999198252
0.0
0.0
0.0
0.0
0.0
0.0
0.0012157041333066086
0.0
0.0
0.0
0.0
0.0
0.0
0.0
0.0
0.0
0.0
0.0028227775821953057
0.0072942247998396504
0.0
0.0
0.0
0.0
0.041780739431183704
0.014248869136373984
0.0
0.0
0.0
0.0
0.0
0.0
0.0
0.0
0.0
0.0
0.0
0.0
0.0
0.0
0.0
0.0
0.0
0.0
0.0
0.0
0.0
0.0
0.004749623045457994
0.0
0.0
0.0
0.0
0.0
0.0
0.0
0.0
0.0
0.0
0.0
0.0
0.0
0.0
0.0
0.0
0.0
0.0
0.0
0.0
0.006285099193138593
0.010238738947212243
0.0
0.011291110328781223
0.0
0.0
0.0012157041333066086
0.008997279720792135
0.0
0.0
0.0
0.0
0.0
0.0
0.004205645317668933
0.0
0.0
0.0
0.0
0.0
0.0
0.0
0.0
0.004498639860396067
0.0
0.0
0.0
0.0
0.012939779964230265
0.0
0.0
0.0
0.0
0.0
0.0
0.005645555164390611
0.015712747982846484
0.0
0.0072942247998396504
0.0038536909265253763
0.0
0.0
0.0
0.0
0.0
0.0
0.0
0.0
0.0
0.0
0.0
0.0
0.0
0.0
0.0
0.0
0.0
0.0
0.0
0.0
0.0
0.0
0.0
0.0
0.0
0.0
0.006825825964808163
0.0
0.0
0.008716507459751811
0.0
0.0
0.0343062964884861
0.0
0.0
0.0
0.041780739431183704
0.03799892393317883
0.005069395059831985
0.0
0.0
0.0
0.0028227775821953057
0.0
0.0
0.0
0.0
0.005573957863182513
0.0
0.0
0.0
0.0
0.0
0.0
0.0
0.0
0.0
0.0
0.0
0.0
0.0
0.0
0.0
0.0
0.0
0.0
0.0
0.0
0.0
0.0
0.0
0.0
0.0
0.0
0.0
0.0
0.0
0.0
0.0
0.020656892144320923
0.005339758445666769
0.0
0.0
0.014588449599679301
0.0
0.0
0.004862816533226434
0.0
0.018514468462842756
0.049198960299049674
0.0
0.0
0.0
0.0
0.0012157041333066086
0.0019268454632626881
0.0
0.0
0.0
0.0
0.0
0.0
0.005965327178764602
0.12708045688183034
0.11948318929769207
0.0
0.0
0.008997279720792135
0.004628617115710689
0.0
0.0
0.08434107479837087
0.0
0.0
0.0
0.0
0.0
0.0
0.0
0.0
0.0
0.0
0.0
0.0
0.0
0.0
0.0
0.004969145470845211
0.0
0.0
0.0
0.0
0.0
0.0
0.0
0.006676468508720682
0.0
0.0
0.0
0.0
0.011561072779576128
0.0
0.0
0.0
0.07164517928061243
0.0
0.009257234231421378
0.030662453904658108
0.0
0.0
0.0038536909265253763
0.0
0.0
0.0
0.0
0.0
0.0031425495965692967
0.0
0.0
0.0
0.0
0.0
0.0
0.0
0.0
0.0
0.0
0.0012157041333066086
0.0
0.0
0.0
0.0
0.0019268454632626881
0.0
0.0
0.0
0.0
0.0
0.0
0.0
0.0019268454632626881
0.0
0.0
0.0
0.0
0.0
0.0
0.004205645317668933
0.0
0.0
0.0
0.004862816533226434
0.0
0.0
0.0
0.0
0.0
0.0
0.0
0.0
0.006184849604151821
0.0
0.0
0.0
0.0
0.0
0.0
0.0
0.0
0.0
0.0
0.0
0.0
0.0
0.0
0.0
0.0
0.0
0.0
0.0
0.0
0.0
0.0
0.011811735150603082
0.004038481715501914
0.0
0.0
0.0019268454632626881
0.0
0.0
0.0
0.008076963431003828
0.0
0.0
0.0019268454632626881
0.0
0.0
0.0
0.0
0.0019268454632626881
0.0
0.0
0.0
0.0
0.0
0.0
0.0
0.0
0.0031425495965692967
0.0
0.0
0.0
0.0
0.0
0.0
0.05421349450975542
0.0
0.0
0.0
0.0
0.0
0.0
0.0
0.0
0.0
0.0
0.004205645317668933
0.0
0.0
0.0
0.0
0.0
0.0
0.0
0.0
0.0
0.0
0.004358253729875906
0.0
0.0
0.0
0.0
0.0
0.0
0.0
0.0
0.0
0.0
0.0
0.0
0.0
0.0
0.005965327178764602
0.0
0.0
0.0
0.0
0.0
0.0068959909341079
0.0
0.0
0.0
0.0
0.016264048352926625
0.0
0.01672187358954754
0.0
0.004862816533226434
0.0
0.0
0.0
0.0
0.0
0.0
0.0
0.0
0.0
0.008468332746585917
0.0
0.0
0.0
0.0
0.0
0.0
0.0
0.0
0.0
0.0
0.0
0.0
0.0
0.0
0.0
0.0
0.0
0.0
0.0
0.004358253729875906
0.0
0.0
0.0
0.0
0.0
0.0
0.0
0.0
0.0
0.0
0.0
0.0
0.0
0.0
0.0
0.0
0.0
0.0
0.0
0.0
0.02587955992846053
0.005573957863182513
0.0
0.0
0.0
0.0
0.0
0.0
0.013992481046189347
0.013722518595394438
0.0
0.0
0.0
0.0
0.0
0.0
0.0
0.0
0.0
0.0
0.0
0.0
0.0
0.0
0.010998625934494076
0.0
0.0
0.0
0.0
0.0
0.0
0.0
0.0
0.0
0.0
0.0
0.0
0.0
0.0
0.0
0.0
0.011147915726365027
0.0
0.0
0.0
0.0
0.0
0.01799455944158427
0.0
0.0
0.0
0.0
0.0
0.0
0.0
0.0
0.0
0.0
0.039332775473840266
0.005421349450975542
0.004205645317668933
0.0
0.0
0.0
0.0
0.0
0.0
0.0
0.005339758445666769
0.0
0.0
0.0
0.0062356905645993875
0.0
0.0
0.0
0.0
0.0
0.0
0.0
0.0
0.0
0.0
0.0
0.0
0.0
0.0
0.0
0.0
0.0
0.0
0.0
0.0
0.0
0.0
0.0
0.0
0.0
0.0
0.0
0.0
0.0
0.0
0.0
0.0
0.0
0.0
0.0
0.0
0.0
0.0012157041333066086
0.0
0.0
0.0
0.0
0.0
0.0
0.0
0.0
0.0
0.0
0.0
0.0
0.0
0.0
0.0
0.0
0.0
0.006825825964808163
0.0
0.0
0.0
0.0
0.0
0.0
0.0
0.0
0.0
0.0
0.0
0.0
0.026221850315893514
0.0
0.0
0.002431408266613217
0.0
0.0
0.0
0.0
0.0
0.008076963431003828
0.005164223036080231
0.005645555164390611
0.0
0.0
0.0
0.0
0.0
0.0
0.0
0.0
0.0
0.0
0.0
0.0
0.0
0.0
0.0
0.0
0.0
0.0
0.0
0.0
0.0
0.0
0.0
0.0
0.0
0.0
0.0
0.0
0.0
0.005339758445666769
0.0
0.0
0.0
0.0
0.0
0.0
0.0
0.0
0.0
0.0
0.0
0.033763683129016564
0.008411290635337866
0.0
0.0
0.0
0.0012157041333066086
0.0
0.0
0.0
0.0
0.0
0.0
0.0
0.0
0.009257234231421378
0.0
0.0
0.0
0.0
0.0
0.0
0.0028227775821953057
0.0
0.0
0.0
0.0
0.0
0.0
0.0
0.0
0.0
0.0
0.004628617115710689
0.0
0.0
0.0
0.0
0.0
0.008468332746585917
0.0
0.0
0.0
0.0
0.0
0.0
0.0
0.0
0.0
0.0
0.0
0.0
0.0
0.0
0.0
0.07766027920556298
0.0
0.0
0.0
0.042360152293943444
0.0
0.0
0.0
0.0
0.0
0.0
0.0
0.006022836931749674
0.0
0.004862816533226434
0.0
0.0
0.0
0.0
0.0
0.0
0.0
0.0
0.0
0.0
0.0
0.0
0.0
0.014907436412535635
0.0
0.0
0.0
0.0
0.0
0.0
0.0
0.0
0.0
0.0
0.0
0.0
0.0
0.0
0.0
0.0
0.0
0.0
0.0
0.0
0.0
0.0
0.0
0.0
0.0012157041333066086
0.0
0.0
0.0
0.0
0.0
0.0
0.0
0.0
0.0
0.0
0.0
0.0
0.0
0.0
0.0
0.0
0.0
0.0
0.0
0.0019268454632626881
0.0
0.0
0.0
0.0
0.0
0.0
0.0
0.0036471123999198252
0.0
0.0
0.0
0.0
0.0
0.0
0.0
0.0
0.0
0.0
0.0
0.0
0.0
0.0
0.0
0.0
0.0
0.0
0.0
0.0
0.0
0.0
0.0
0.0
0.0
0.0
0.0
0.0
0.0
0.0
0.0
0.0
0.0
0.0
0.034129129824040816
0.0
0.0
0.0
0.0
0.0
0.0
0.0
0.004498639860396067
0.008411290635337866
0.0
0.0
0.0
0.0
0.0
0.0
0.0
0.0
0.0
0.0
0.0
0.0
0.0
0.0
0.008076963431003828
0.0
0.0
0.0
0.0
0.0
0.0
0.0
0.0
0.0
0.0
0.0
0.0
0.0
0.0
0.0
0.033382342543603415
0.0
0.0
0.0
0.0
0.006676468508720682
0.0
0.0
0.0
0.0
0.0
0.0
0.0
0.006285099193138593
0.0
0.0
0.0
0.0
0.0
0.0
0.0
0.0
0.0
0.0
0.0
0.0
0.0
0.040058811052324096
0.0
0.0
0.0
0.0
0.0
0.0
0.0012157041333066086
0.005645555164390611
0.0
0.0
0.0
0.0
0.0
0.0
0.0
0.005905867575301541
0.0
0.0
0.0
0.0
0.0
0.0
0.0
0.0
0.004205645317668933
0.0
0.0
0.0
0.0
0.0
0.0
0.0
0.13230567486541503
0.0
0.0
0.0
0.0
0.0
0.0
0.0
0.0
0.0028227775821953057
0.002431408266613217
0.0
0.0
0.0
0.0
0.0
0.0
0.0
0.0
0.0
0.0
0.0
0.0
0.006825825964808163
0.0
0.0
0.0
0.0
0.0
0.0
0.0
0.0
0.0
0.0
0.0
0.0
0.004358253729875906
0.0
0.0
0.0
0.0
0.0
0.0
0.0
0.0
0.0
0.0
0.0
0.0
0.0
0.0
0.0
0.0
0.027445037190788876
0.0
0.0
0.0
0.0
0.016497938901741113
0.0
0.0
0.0
0.0
0.0
0.0
0.0
0.0
0.0
0.0
0.0
0.0
0.012471381129198775
0.0
0.0
0.0
0.0
0.0028227775821953057
0.0
0.07468628196138034
0.0
0.0
0.0
0.0
0.0
0.0
0.0
0.0
0.0
0.0
0.0
0.0
0.0
0.0
0.0
0.0
0.0
0.0
0.0
0.0
0.008716507459751811
0.0
0.0
0.0
0.0
0.0
0.0
0.0012157041333066086
0.0
0.0
0.0
0.0
0.0
0.0
0.0
0.0
0.0
0.0
0.0
0.0
0.0
0.0
0.0
0.0
0.0
0.002431408266613217
0.0
0.0
0.0
0.0
0.0
0.0
0.0
0.0
0.0
0.0
0.0
0.0
0.0
0.0
0.0
0.0
0.0
0.0
0.0
0.0
0.0
0.0
0.0
0.0
0.0
0.0
0.0
0.0
0.0
0.0
0.0
0.0
0.0
0.0
0.0
0.0
0.0
0.0
0.0
0.0
0.0
0.0
0.0
0.0
0.0
0.0
0.0
0.0
0.0
0.0
0.0
0.0
0.0
0.0
0.0
0.0
0.0
0.0
0.0
0.0
0.0
0.0
0.0
0.0
0.0
0.0
0.0
0.0
0.0
0.0
0.0
0.0
0.0
0.0012157041333066086
0.0
0.0
0.008076963431003828
0.0
0.002431408266613217
0.002431408266613217
0.0
0.0
0.0
0.0
0.0
0.0
0.0
0.0
0.0
0.011688642498034597
0.0
0.0
0.0
0.0
0.0
0.0
0.0
0.0
0.0
0.0
0.0
0.0
0.0
0.0012157041333066086
0.0
0.0012157041333066086
0.0
0.0
0.0
0.0
0.0
0.0
0.0
0.0
0.0
0.008468332746585917
0.0
0.0019268454632626881
0.0
0.0
0.0
0.0
0.006022836931749674
0.0
0.006637053584282151
0.0
0.0
0.0
0.0
0.0
0.0
0.0
0.0
0.15462530379701328
0.0
0.0
0.0
0.0
0.0
0.0
0.0
0.0
0.0
0.0
0.0
0.0
0.0
0.0
0.0
0.0
0.0
0.0
0.0
0.0
0.0
0.005069395059831985
0.0
0.0
0.0
0.0
0.0
0.0
0.0
0.0
0.0
0.0
0.006596732490707312
0.0
0.0
0.0
0.0
0.0
0.0
0.0
0.0
0.0
0.0012157041333066086
0.0
0.0
0.0
0.0
0.0
0.0
0.0
0.0
0.0
0.0
0.0
0.0
0.0
0.0
0.0
0.0
0.0
0.0
0.0
0.0
0.0
0.0
0.0
0.0
0.0
0.0
0.0
0.0
0.0
0.013074761189627717
0.0
0.0
0.0
0.0
0.0
0.0
0.0
0.0
0.0
0.0
0.0
0.0
0.0
0.006379927169386839
0.0
0.0
0.0
0.0
0.0
0.0
0.0031425495965692967
0.0012157041333066086
0.0
0.005254185848808523
0.0
0.0
0.0019268454632626881
0.0
0.0
0.0
0.0
0.0
0.0
0.0
0.0
0.0
0.0
0.0
0.0137919818682158
0.0
0.0
0.0
0.0
0.0072942247998396504
0.0
0.0
0.005645555164390611
0.013505473251606625
0.0
0.0
0.0
0.0
0.0
0.0
0.0
0.0
0.0
0.005499312967247038
0.0
0.0
0.0
0.0
0.0
0.0
0.0
0.0
0.0
0.0
0.0
0.0
0.0
0.0
0.0
0.0
0.0
0.005164223036080231
0.0
0.0
0.0
0.0
0.0
0.0
0.0
0.0
0.0
0.0
0.0
0.0
0.0
0.0
0.0
0.0
0.0
0.0
0.0
0.0031425495965692967
0.0
0.008716507459751811
0.0
0.0
0.006078520666533044
0.0
0.0
0.0
0.0
0.009499246090915988
0.0
0.0
0.0
0.0
0.0
0.0
0.0
0.0
0.0
0.0
0.0
0.0
0.0
0.0
0.0
0.0
0.0
0.0
0.0
0.0
0.0
0.0
0.0
0.0
0.0
0.0
0.0
0.0
0.0
0.0
0.0058443212490172985
0.0
0.0
0.0034129129824040814
0.0
0.0
0.0
0.0
0.0
0.0
0.0
0.0
0.0
0.0
0.0
0.0
0.0
0.0
0.0
0.0
0.0
0.0
0.0
0.0
0.01885529757941578
0.0
0.0
0.0
0.0
0.0
0.0
0.0
0.0
0.0
0.0
0.0
0.0
0.0
0.0
0.0
0.0
0.0
0.0
0.0
0.0
0.0
0.0
0.0
0.0
0.0
0.0012157041333066086
0.0
0.0
0.0
0.0
0.0
0.0
0.0
0.0
0.006825825964808163
0.0
0.0
0.0
0.0
0.0
0.0
0.0
0.0038536909265253763
0.0
0.0
0.0
0.0
0.0
0.0
0.0
0.0
0.0
0.0
0.0
0.0
0.0
0.0
0.0
0.0
0.0012157041333066086
0.0
0.0
0.0
0.0
0.0
0.0
0.0
0.0
0.0
0.0
0.0
0.0
0.0
0.002431408266613217
0.0019268454632626881
0.0
0.004038481715501914
0.0
0.0
0.0
0.0
0.0
0.0
0.0
0.0
0.0
0.012045673863499348
0.005069395059831985
0.0
0.0
0.0
0.0
0.0
0.0
0.0
0.0
0.0
0.0
0.0
0.0
0.0
0.0
0.0
0.0
0.0
0.0
0.0
0.0
0.0
0.0
0.0
0.0
0.0
0.0072942247998396504
0.0
0.0
0.0
0.0
0.0
0.0
0.0
0.0
0.0
0.0
0.0
0.0
0.0
0.005645555164390611
0.0
0.0
0.0
0.0
0.0
0.0
0.0
0.0
0.0
0.0
0.0
0.0
0.012115445146505742
0.0
0.0
0.0
0.0
0.0
0.0
0.002431408266613217
0.0
0.0
0.0
0.0
0.0
0.0
0.0
0.0
0.0
0.0
0.0
0.0
0.0
0.0
0.0
0.0
0.0
0.0
0.0
0.0
0.0
0.0
0.0
0.0
0.0
0.0
0.0
0.0
0.0
0.0
0.0
0.0
0.0
0.0
0.0
0.0
0.0
0.0
0.0
0.0
0.0
0.0
0.0
0.0
0.0
0.0
0.0
0.0
0.0012157041333066086
0.0
0.0
0.02749656483623519
0.01672187358954754
0.0
0.005573957863182513
0.0
0.006789661996489122
0.0
0.0
0.0
0.0
0.0
0.0
0.04588823805281365
0.0
0.0058443212490172985
0.0
0.0
0.0
0.005905867575301541
0.0
0.0
0.0
0.0
0.0
0.0
0.0
0.0
0.0
0.0
0.0
0.0
0.0
0.0
0.0031425495965692967
0.0
0.0
0.0
0.0
0.0
0.0
0.0
0.0
0.0
0.0
0.0
0.0
0.0
0.0
0.0
0.0
0.0
0.0
0.0
0.0
0.0
0.0
0.0
0.0
0.0
0.0
0.0
0.0
0.0
0.0
0.0
0.0
0.0
0.0
0.0
0.0
0.0
0.0
0.0
0.0
0.0
0.0
0.0
0.0
0.0
0.0
0.005499312967247038
0.0
0.0
0.0
0.0012157041333066086
0.0
0.0
0.0
0.005645555164390611
0.0
0.0031425495965692967
0.0038536909265253763
0.0
0.017532963747051898
0.0
0.0
0.0
0.0
0.0
0.0
0.0
0.0
0.0
0.0
0.0
0.0
0.0
0.0
0.006285099193138593
0.002431408266613217
0.0
0.0
0.0
0.0
0.0
0.0
0.0
0.0
0.0
0.0
0.0
0.0
0.0
0.0
0.0
0.0
0.0
0.01013879011966397
0.0
0.0
0.0
0.0
0.0
0.0
0.0
0.0
0.0
0.0
0.0
0.0
0.0
0.0
0.0
0.0
0.0
0.005573957863182513
0.0
0.0
0.0
0.0
0.0
0.0
0.0
0.0
0.0
0.0
0.0
0.0
0.0
0.0
0.0
0.0
0.0
0.0
0.0
0.0
0.0
0.0
0.0
0.0
0.0
0.0
0.0
0.0
0.0
0.0
0.0
0.0028227775821953057
0.0
0.0
0.0
0.0
0.0
0.0
0.0
0.0
0.0
0.0
0.02036898598946737
0.0
0.0
0.0
0.0
0.0
0.0
0.005069395059831985
0.0
0.0
0.0
0.0
0.005573957863182513
0.0
0.0
0.0
0.018397472342794867
0.0
0.0
0.0
0.0
0.0
0.0
0.0
0.0
0.0
0.0
0.0
0.0
0.0
0.0
0.0
0.0
0.0
0.0
0.0
0.0
0.0
0.0
0.01601927533700031
0.0
0.0
0.0034129129824040814
0.0
0.0
0.0
0.0
0.0
0.0
0.0
0.0
0.0
0.0
0.0
0.0
0.0
0.004358253729875906
0.0
0.0
0.0
0.0
0.0
0.0
0.0
0.0
0.0
0.0
0.0
0.0
0.0
0.0
0.0
0.0
0.0
0.0
0.0
0.0
0.0
0.0
0.0
0.0
0.0
0.0
0.01156107277957613
0.0
0.0
0.0
0.0
0.0
0.0
0.0
0.0
0.0
0.0
0.0
0.0
0.0
0.0
0.0036471123999198252
0.0
0.0
0.0
0.0
0.033575085502768234
0.0
0.0
0.0
0.0
0.02025820987740994
0.0
0.0
0.0351421144993212
0.0
0.0
0.0
0.0
0.0
0.0
0.0
0.0
0.0
0.0
0.0
0.0
0.0
0.005164223036080231
0.0
0.0
0.0
0.0
0.0
0.0
0.0
0.0
0.0
0.0
0.0
0.0
0.0
0.0
0.0031425495965692967
0.0012157041333066086
0.0
0.0
0.0
0.0
0.0
0.0
0.0
0.0
0.0
0.0
0.0
0.0
0.0
0.004205645317668933
0.0
0.0
0.0
0.0
0.0
0.0
0.0
0.0
0.0
0.0
0.0
0.0
0.0
0.0
0.0
0.0
0.0012157041333066086
0.0
0.0
0.0
0.0
0.0
0.0
0.0
0.0
0.0
0.0
0.0
0.0
0.0
0.0
0.0
0.0
0.006285099193138593
0.0
0.0012157041333066086
0.0
0.0
0.0
0.0
0.0
0.0
0.0
0.0
0.0
0.0
0.0
0.0
0.0
0.0
0.0
0.0
0.0
0.0019268454632626881
0.0
0.0
0.0
0.0
0.0
0.0
0.0
0.0
0.03011418465874837
0.0
0.0
0.0
0.0
0.0194096699463454
0.005780536389788065
0.0
0.0
0.0
0.0
0.0
0.0
0.0
0.0
0.0
0.0
0.0
0.0
0.0
0.019790197472121938
0.0
0.0
0.0
0.0
0.0
0.0
0.0
0.0
0.0
0.0
0.0
0.0
0.0
0.0038536909265253763
0.0
0.0
0.0
0.0
0.011561072779576128
0.0
0.0
0.0
0.0
0.006078520666533044
0.0
0.0
0.0
0.0
0.0
0.0
0.00651319811641931
0.0
0.0
0.0
0.0
0.0
0.0
0.0
0.0
0.0
0.0
0.0
0.0
0.0
0.0
0.0
0.0
0.005164223036080231
0.0
0.0
0.0
0.0
0.0
0.0
0.0
0.0
0.004358253729875906
0.012939779964230265
0.0
0.0
0.0
0.0
0.0
0.0
0.0
0.0
0.0
0.0
0.0
0.0
0.0
0.0
0.005254185848808523
0.0
0.005254185848808523
0.0
0.0
0.0
0.0
0.0
0.0
0.0
0.0
0.0
0.0
0.0
0.0
0.0
0.006930048127009285
0.0
0.0
0.0
0.0
0.0
0.005339758445666769
0.005780536389788065
0.0
0.0
0.0
0.0
0.0
0.0
0.0
0.0
0.0
0.0
0.0
0.0
0.0
0.0
0.0
0.0
0.004038481715501914
0.0
0.0
0.0034129129824040814
0.0
0.0
0.0
0.0
0.0
0.0
0.0
0.0
0.004205645317668933
0.0036471123999198252
0.0
0.002431408266613217
0.0
0.0
0.0
0.004498639860396067
0.0
0.0
0.0
0.0
0.0
0.0
0.0
0.0
0.0
0.0
0.0
0.005965327178764602
0.0034129129824040814
0.0
0.0
0.0
0.0
0.006789661996489122
0.0
0.0
0.0
0.0
0.0
0.0
0.0
0.0
0.004205645317668933
0.0
0.0
0.0
0.0
0.0
0.0
0.0
0.0
0.0
0.0
0.0
0.0
0.0
0.0
0.0
0.0
0.0
0.0
0.0012157041333066086
0.01013879011966397
0.0
0.0
0.0
0.0
0.0
0.0
0.0034129129824040814
0.0
0.0
0.0
0.0
0.0
0.0
0.0
0.0
0.011291110328781223
0.0
0.0
0.0
0.0
0.0
0.0
0.0
0.01823556199959913
0.0
0.0
0.0
0.11296040611718253
0.0
0.0
0.0
0.0
0.0
0.013885851347132067
0.0
0.0
0.0
0.0
0.0
0.0
0.0
0.0
0.0
0.0
0.0
0.0
0.0
0.0
0.0
0.00651319811641931
0.0
0.0
0.0
0.0
0.0
0.0
0.0
0.0038536909265253763
0.005421349450975542
0.02730330385923265
0.0
0.0
0.0
0.005780536389788065
0.0
0.0
0.0
0.0
0.0
0.0
0.0
0.0
0.0
0.0
0.0
0.0
0.041780739431183704
0.0
0.0
0.0
0.0
0.0
0.0
0.0
0.01823556199959913
0.005499312967247038
0.0
0.0
0.0
0.0
0.0
0.0
0.0
0.0
0.0
0.0
0.0
0.0
0.0
0.0
0.004969145470845211
0.0
0.0
0.03481728285931975
0.0
0.0
0.0
0.0
0.0
0.0
0.0
0.0
0.0
0.0
0.0
0.0
0.0
0.0
0.02452996312372649
0.0
0.0
0.0
0.0
0.0
0.007028422899864239
0.0
0.0
0.0
0.0
0.0
0.0
0.0
0.0
0.0
0.0
0.0
0.0
0.0
0.0
0.0
0.0
0.0
0.0
0.0
0.0
0.0
0.0
0.0
0.0
0.0
0.0019268454632626881
0.0
0.0
0.0
0.02098872156928402
0.0
0.0
0.0
0.0
0.0
0.0
0.0
0.0
0.0
0.0
0.0
0.0
0.0
0.0
0.0
0.0
0.0
0.0
0.0
0.0
0.011147915726365027
0.009257234231421378
0.008411290635337866
0.0
0.0
0.0
0.0
0.0
0.0
0.0
0.0
0.0
0.0
0.0
0.0
0.0
0.0
0.0
0.0
0.0
0.0
0.0
0.0
0.0
0.0
0.012570198386277187
0.0
0.0
0.0
0.0
0.0
0.0
0.0
0.004498639860396067
0.0
0.0
0.0
0.0
0.0
0.0
0.0
0.0
0.0
0.0
0.0
0.0
0.0
0.0
0.0
0.0
0.0
0.0036471123999198252
0.0
0.0
0.0
0.0
0.0
0.0
0.0
0.0
0.0
0.0
0.0
0.0
0.006078520666533044
0.004749623045457994
0.0
0.0
0.0
0.0
0.0
0.0
0.0
0.0
0.0
0.0
0.0
0.0
0.0
0.0
0.0
0.0
0.0
0.0
0.0
0.0
0.0
0.0
0.0
0.006285099193138593
0.0
0.004358253729875906
0.0031425495965692967
0.0038536909265253763
0.06078520666533044
0.0031425495965692967
0.0
0.0
0.0
0.0
0.0
0.0
0.0
0.0
0.0
0.0
0.004205645317668933
0.0
0.0
0.0
0.0
0.0
0.0
0.0
0.0
0.0
0.0
0.0
0.0
0.004038481715501914
0.0
0.0
0.0
0.004498639860396067
0.0
0.0
0.0
0.0
0.0
0.0
0.048510336889064996
0.0
0.0
0.0
0.0
0.0
0.0
0.0
0.0
0.0
0.0
0.0
0.0
0.0
0.0
0.0
0.0
0.0
0.0
0.0
0.0
0.0012157041333066086
0.0
0.0
0.11781081815915785
0.0
0.0
0.0
0.0
0.0
0.0
0.0
0.0
0.0
0.03142549596569297
0.0
0.0
0.0
0.0
0.0
0.0
0.0
0.006333153988863138
0.0
0.0028227775821953057
0.0
0.0
0.0
0.0
0.0
0.002431408266613217
0.0
0.0
0.0
0.0
0.0
0.0
0.0
0.0
0.0
0.0
0.0
0.0
0.0
0.0
0.0036471123999198252
0.0012157041333066086
0.0
0.0
0.0
0.0
0.0
0.0
0.0
0.0
0.0
0.0
0.0
0.0
0.0
0.0
0.0
0.059733482258539354
0.0
0.0028227775821953057
0.0
0.0
0.0
0.0
0.0
0.0
0.0
0.0
0.0
0.0
0.0
0.0
0.0
0.016497938901741113
0.0
0.0
0.0
0.0
0.0
0.0
0.0
0.0
0.0
0.0
0.0
0.1976807107050694
0.0
0.0
0.004498639860396067
0.0
0.0
0.002431408266613217
0.0
0.0
0.0019268454632626881
0.0
0.0
0.06237043314308356
0.0
0.0
0.002431408266613217
0.0
0.0
0.0
0.0
0.0
0.0
0.0
0.0
0.0
0.0
0.0
0.0
0.0
0.0
0.0
0.0
0.0062356905645993875
0.0
0.0
0.0
0.0
0.0
0.03387333098634367
0.0
0.0
0.13766471415844095
0.0
0.0
0.0
0.0
0.0
0.0
0.0
0.0
0.0
0.0
0.0031425495965692967
0.0
0.0
0.0019268454632626881
0.0
0.006184849604151821
0.0
0.0019268454632626881
0.0
0.0
0.0
0.0
0.0
0.0
0.0
0.0
0.0
0.0
0.0
0.0
0.0
0.0
0.0
0.0
0.0
0.0
0.0
0.0
0.0
0.0
0.0
0.004628617115710689
0.0
0.006184849604151821
0.026221850315893514
0.0
0.0
0.0
0.0
0.0028227775821953057
0.0
0.0
0.01855454881245546
0.009257234231421378
0.0
0.0
0.0
0.0
0.0019268454632626881
0.0
0.0
0.0
0.0
0.0
0.0
0.014248869136373984
0.0
0.0
0.0
0.0
0.0
0.0
0.0
0.0
0.0
0.0
0.0
0.0
0.0
0.0
0.0
0.0
0.0
0.0
0.0
0.0
0.015208185179495954
0.0
0.0
0.0
0.0
0.0
0.0012157041333066086
0.0019268454632626881
0.0
0.0
0.0
0.0
0.0
0.0
0.0
0.0
0.0
0.0
0.0
0.028497738272747968
0.0
0.0
0.0
0.0
0.0
0.004862816533226434
0.0
0.0
0.0
0.0
0.0
0.004038481715501914
0.0
0.0
0.0
0.0
0.0
0.0
0.0
0.0
0.0
0.0038536909265253763
0.0
0.015712747982846484
0.0
0.0
0.0
0.0
0.0
0.0
0.02014505130166094
0.0
0.0
0.0
0.0
0.0
0.0
0.0
0.0
0.0
0.0
0.0
0.0
0.0
0.0
0.0
0.0
0.0
0.0
0.1097801487631555
0.0
0.0
0.0
0.0
0.0
0.0
0.0
0.0
0.0
0.0
0.0
0.0
0.0
0.0
0.0
0.0
0.0
0.0
0.004038481715501914
0.0
0.0
0.0
0.0
0.0
0.0
0.0
0.0
0.004498639860396067
0.0
0.0
0.0
0.005573957863182513
0.0
0.0
0.0
0.0
0.0
0.0
0.0
0.0
0.029826635893823013
0.03082952741220301
0.0
0.08170628951080172
0.0
0.0
0.0
0.0
0.0
0.0
0.0
0.022295831452730053
0.004205645317668933
0.21886078685204113
0.0
0.0
0.0
0.0
0.0
0.012570198386277187
0.0
0.0
0.0
0.0
0.0
0.0
0.0
0.0
0.0
0.0
0.0
0.0
0.0
0.0
0.0
0.0
0.0
0.0
0.0019268454632626881
0.0
0.0028227775821953057
0.0
0.0
0.0137919818682158
0.0
0.0
0.0
0.0
0.0
0.004628617115710689
0.0
0.0019268454632626881
0.0
0.0
0.0
0.0
0.0
0.0
0.0
0.0
0.0
0.0
0.0
0.0
0.0
0.0
0.0
0.0
0.0
0.0
0.0
0.0
0.0
0.0
0.0
0.042170537399185436
0.012939779964230265
0.0
0.0
0.0
0.0
0.0
0.0
0.0
0.0
0.0
0.013352937017441365
0.0
0.0
0.0
0.0
0.0
0.0
0.0
0.0
0.0
0.0
0.0
0.0
0.0028227775821953057
0.0
0.016153926862007655
0.0
0.01682258127067573
0.0
0.0
0.0
0.0
0.0
0.006825825964808163
0.0
0.0
0.0
0.0
0.07815837739703173
0.0
0.0
0.0
0.0
0.0
0.0
0.0
0.0
0.0
0.0
0.0
0.0
0.0
0.0
0.0
0.004038481715501914
0.0
0.0
0.0
0.0
0.0
0.0
0.0
0.0
0.0
0.0
0.0
0.0
0.0
0.0
0.0
0.017143031981108028
0.0
0.0
0.013651651929616326
0.0
0.0
0.0028227775821953057
0.006285099193138593
0.0
0.0
0.0
0.0
0.0
0.0
0.0
0.0
0.0
0.0
0.0
0.0
0.0
0.0
0.0
0.0540218930064265
0.0
0.0
0.0
0.0
0.0
0.0
0.0
0.0
0.0
0.0
0.0
0.0
0.0
0.0
0.005421349450975542
0.0
0.0
0.0
0.0
0.0
0.0
0.005069395059831985
0.0
0.0
0.0
0.005069395059831985
0.005164223036080231
0.0
0.0
0.0
0.006333153988863138
0.0
0.0
0.0
0.0
0.0
0.0
0.0
0.0
0.0
0.0
0.0
0.0
0.0
0.0
0.0
0.0
0.0
0.02036898598946737
0.0
0.0034129129824040814
0.0
0.0
0.0
0.0
0.002431408266613217
0.0
0.0
0.0
0.0
0.0
0.0
0.0
0.0
0.0
0.010998625934494076
0.0
0.0
0.0
0.0
0.034129129824040816
0.0
0.0
0.0
0.0
0.0036471123999198252
0.0
0.0
0.027984962092378694
0.0
0.0
0.0028227775821953057
0.0
0.0
0.0
0.0
0.0
0.0
0.0
0.0
0.009257234231421378
0.0
0.0
0.0
0.0
0.0
0.0
0.0
0.0
0.0
0.0
0.0
0.017895981536293806
0.0
0.01156107277957613
0.0
0.0
0.0
0.0
0.0
0.0
0.0
0.004498639860396067
0.0
0.0
0.0
0.0
0.0
0.0
0.0
0.0
0.018707071693798163
0.004969145470845211
0.0
0.006715017100553646
0.0
0.0
0.0
0.0
0.0
0.0
0.0
0.0
0.0
0.0
0.0
0.0
0.0036471123999198252
0.0
0.0
0.0
0.0
0.0
0.006078520666533044
0.0
0.0
0.0
0.0
0.0
0.0
0.0
0.0
0.0
0.0
0.0
0.0
0.0
0.0
0.0
0.0
0.0
0.0
0.0
0.0
0.0
0.0
0.0
0.0
0.0
0.0
0.0
0.0
0.0
0.0
0.0
0.0
0.0
0.0
0.0
0.0
0.0
0.0
0.0
0.0
0.0
0.0
0.006184849604151821
0.0
0.048973683661662715
0.0
0.0
0.0
0.0
0.0
0.0
0.0
0.0
0.0
0.0
0.0
0.0
0.0
0.0
0.0
0.0
0.0
0.0
0.0
0.0
0.0
0.0
0.0
0.0
0.0827518912092948
0.0
0.0
0.0
0.0
0.0
0.0
0.0
0.0
0.0
0.0
0.0
0.004358253729875906
0.0
0.0
0.0
0.0
0.0
0.0
0.0
0.0
0.0
0.0031425495965692967
0.0
0.004205645317668933
0.0
0.0
0.0
0.0
0.0
0.0
0.0
0.0
0.0
0.0
0.004749623045457994
0.0
0.0
0.0
0.0
0.0
0.0
0.0
0.013505473251606625
0.0
0.013352937017441365
0.0
0.0
0.0
0.0
0.0
0.0
0.0
0.0
0.0
0.0
0.0
0.0
0.0
0.0
0.0
0.0
0.005905867575301541
0.0
0.004628617115710689
0.0
0.0058443212490172985
0.0
0.0
0.0
0.0
0.0
0.0
0.0031425495965692967
0.0
0.0
0.0
0.0
0.0
0.0
0.0
0.0
0.0
0.0
0.0
0.0
0.004358253729875906
0.0
0.0
0.0
0.0
0.0
0.0
0.0
0.0
0.0
0.0
0.0
0.0
0.0
0.0
0.018999461966589415
0.0
0.0
0.0
0.0
0.0
0.0
0.0
0.0
0.0
0.006469889982115133
0.0
0.0
0.0
0.0
0.0068959909341079
0.0
0.0
0.0
0.0
0.0
0.0
0.0
0.0
0.0
0.0
0.0
0.0
0.0
0.0
0.004205645317668933
0.0
0.0
0.0
0.0
0.0
0.0
0.0
0.0
0.0
0.0
0.0
0.0
0.0
0.0
0.0
0.010328446072160461
0.0
0.0
0.0
0.0
0.0
0.0
0.0
0.0
0.0
0.0
0.0
0.0
0.0
0.0
0.0
0.0
0.009257234231421378
0.0
0.0
0.0065554625789733785
0.0
0.0
0.0
0.0
0.004749623045457994
0.0
0.0
0.0
0.0
0.0
0.0
0.0
0.06296616470785206
0.0
0.0
0.0
0.0
0.0038536909265253763
0.006676468508720682
0.0
0.0
0.0
0.0
0.0
0.0
0.0
0.0
0.0012157041333066086
0.0
0.0
0.0
0.0
0.0
0.0
0.0
0.0
0.0
0.03212742661829378
0.0
0.0
0.0
0.0
0.0
0.0
0.0
0.009499246090915988
0.004038481715501914
0.0
0.0
0.0
0.0
0.017064564912020408
0.07164517928061243
0.007028422899864239
0.0
0.0
0.0
0.0
0.0
0.0
0.014588449599679301
0.0
0.0
0.0
0.0
0.0
0.0
0.0
0.04158028876205571
0.019276455970976266
0.0
0.0
0.0
0.010238738947212243
0.0
0.0
0.0
0.0
0.0
0.0
0.0
0.0
0.0
0.0
0.0
0.012369699208303641
0.0
0.0
0.0
0.0
0.0
0.0872952223071974
0.0
0.0
0.0
0.0
0.0
0.0
0.0
0.0
0.0
0.0
0.0
0.0
0.0
0.0
0.0
0.0
0.0
0.0
0.0
0.0019268454632626881
0.0
0.0
0.006789661996489122
0.0
0.02772019250803714
0.0
0.0
0.0
0.0
0.0
0.0
0.0
0.0
0.005645555164390611
0.0
0.0
0.0
0.004749623045457994
0.002431408266613217
0.0
0.0
0.0
0.0
0.0
0.0
0.0
0.0
0.0
0.0
0.0
0.0
0.0
0.0028227775821953057
0.0
0.0
0.0
0.0
0.0
0.0
0.0
0.12002043149950643
0.0
0.01913978150816052
0.0
0.0
0.0
0.0
0.0
0.0344799546705395
0.0
0.0012157041333066086
0.0
0.0
0.022857375974810704
0.0
0.0
0.0
0.0
0.0
0.0
0.0
0.0
0.026221850315893514
0.0
0.0
0.0
0.0
0.0
0.0
0.0
0.0
0.0
0.0
0.0
0.0
0.0
0.0
0.0
0.0
0.0
0.0
0.0
0.0
0.0
0.0
0.0
0.0
0.0
0.0
0.0
0.0
0.0028227775821953057
0.0
0.0
0.0
0.0
0.0
0.0
0.0
0.005069395059831985
0.0
0.0
0.0
0.0
0.0
0.0
0.0
0.0
0.0
0.0
0.0
0.0
0.0
0.0
0.0
0.0
0.0
0.0
0.0
0.0
0.0
0.042360152293943444
0.0
0.0
0.041780739431183704
0.0
0.0
0.012570198386277187
0.0
0.0
0.0
0.0
0.0
0.0
0.0
0.0
0.0
0.0
0.005780536389788065
0.0
0.0
0.0
0.0
0.0
0.0
0.0019268454632626881
0.0
0.0
0.0
0.005645555164390611
0.0
0.0
0.0031425495965692967
0.08356147886236741
0.0
0.0
0.006022836931749674
0.0
0.0
0.0
0.0
0.0
0.0
0.0
0.02179126864937953
0.0
0.0
0.0
0.0275839637364316
0.005254185848808523
0.0
0.0
0.0
0.0
0.3953614214101388
0.0
0.0
0.0
0.0
0.02098872156928402
0.0
0.0
0.0
0.0
0.0
0.0
0.0
0.0
0.0
0.0
0.0
0.0
0.0
0.0
0.0
0.0
0.004498639860396067
0.0
0.0
0.0
0.0
0.0
0.006825825964808163
0.0
0.0
0.0
0.0
0.0
0.0019268454632626881
0.0
0.0
0.0
0.0
0.0
0.0
0.0
0.0
0.0
0.02710674725487771
0.0
0.0
0.0
0.0
0.0
0.002431408266613217
0.0
0.0
0.0
0.004038481715501914
0.0
0.01823556199959913
0.0
0.0
0.0
0.0
0.0
0.0
0.0
0.0
0.0
0.0
0.0
0.0
0.0
0.0
0.0
0.0
0.0
0.0
0.0
0.0
0.0
0.0
0.0
0.0
0.0
0.0
0.0
0.0
0.0
0.0
0.0
0.0
0.0
0.0
0.0
0.0
0.0
0.016497938901741113
0.0
0.0
0.0
0.0
0.0
0.0
0.0
0.0
0.0
0.0
0.0
0.009938290941690422
0.0
0.0
0.0
0.0
0.0
0.0
0.0
0.006132490780931622
0.0
0.0
0.0
0.0
0.0
0.0
0.0
0.0
0.0
0.0
0.0
0.0
0.0
0.0
0.0
0.0019268454632626881
0.0
0.0
0.0
0.006132490780931622
0.0
0.0
0.0
0.0
0.010842698901951085
0.004038481715501914
0.0
0.0
0.0
0.0
0.0
0.0
0.0
0.0
0.0
0.0
0.0
0.0
0.0
0.23298083761668895
0.0
0.0
0.0
0.0
0.0
0.0
0.0
0.0
0.0
0.0
0.0
0.0
0.0
0.0
0.0
0.0
0.005645555164390611
0.0
0.0
0.0
0.0
0.0012157041333066086
0.011811735150603082
0.0
0.0
0.0
0.0
0.0
0.0
0.0
0.0
0.0
0.0
0.0
0.0
0.0034129129824040814
0.0
0.0
0.0
0.0
0.0
0.0
0.0
0.0
0.0
0.0
0.0
0.0
0.0
0.0
0.0
0.0
0.0
0.0
0.0
0.0
0.0
0.0
0.0
0.0
0.0
0.0
0.0
0.0
0.0
0.011930654357529205
0.0
0.0
0.0
0.0
0.0
0.0611069579684021
0.0
0.0
0.0
0.002431408266613217
0.0
0.0
0.0
0.0
0.0
0.0
0.0
0.0
0.0
0.0
0.0
0.0
0.0
0.0
0.008716507459751811
0.0
0.0012157041333066086
0.002431408266613217
0.0
0.0
0.0
0.0
0.0
0.0
0.0019268454632626881
0.0
0.005421349450975542
0.0
0.0
0.0
0.0
0.0
0.0
0.0
0.0
0.059733482258539354
0.0
0.01302639623283862
0.0072942247998396504
0.0
0.0
0.0
0.0
0.0
0.0
0.0
0.01013879011966397
0.0
0.0
0.0
0.0028227775821953057
0.0
0.0
0.0
0.0
0.004358253729875906
0.0
0.0
0.0
0.0
0.0
0.0
0.0
0.0
0.0
0.0
0.004862816533226434
0.0
0.0
0.0
0.006285099193138593
0.0
0.0
0.012666307977726277
0.0
0.0
0.0
0.0
0.0
0.0
0.0
0.0
0.0
0.0
0.0
0.0
0.0
0.0
0.0012157041333066086
0.0
0.0
0.0
0.0
0.0
0.0
0.0
0.0
0.0
0.0
0.0
0.0
0.0
0.0
0.0
0.0
0.0
0.0
0.0
0.0
0.0
0.0
0.0
0.0
0.0
0.0
0.0
0.0
0.0
0.0
0.0
0.0
0.0
0.0
0.09009062565112072
0.0038536909265253763
0.0
0.0
0.0038536909265253763
0.0
0.0
0.0
0.0
0.0
0.0
0.0
0.010238738947212243
0.0
0.0
0.0
0.0
0.0
0.0
0.0
0.0
0.0
0.0
0.0
0.0
0.0
0.0
0.0
0.0
0.004205645317668933
0.0
0.0
0.0
0.0
0.0
0.004205645317668933
0.0
0.0
0.0031425495965692967
0.0
0.0
0.017717602725904624
0.0
0.0
0.0077073818530507526
0.0
0.0
0.0
0.0
0.0
0.0
0.0
0.0
0.0
0.0
0.0
0.0
0.0
0.0
0.0
0.0012157041333066086
0.0
0.0
0.0
0.0
0.0
0.0
0.005499312967247038
0.0
0.0
0.0
0.0
0.0
0.0
0.0
0.0
0.0
0.0
0.0
0.0012157041333066086
0.0
0.0
0.0
0.0
0.0
0.0
0.0
0.0036471123999198252
0.0
0.0
0.0
0.0
0.0
0.0
0.0
0.0
0.0
0.0
0.0
0.0
0.0
0.0
0.0
0.0
0.0
0.05140388258927004
0.004749623045457994
0.0
0.0
0.0
0.0
0.0
0.0
0.0
0.0
0.0
0.0
0.0
0.0
0.0077073818530507526
0.006022836931749674
0.0036471123999198252
0.0
0.0
0.0
0.0
0.0
0.006425485323658755
0.0
0.002431408266613217
0.0
0.0
0.0
0.0
0.0
0.0
0.0
0.002431408266613217
0.0
0.0
0.0
0.0
0.0
0.0
0.0
0.0
0.0
0.0
0.0
0.0038536909265253763
0.0
0.0
0.0
0.0
0.0038536909265253763
0.0139269131437279
0.0
0.0
0.0
0.0
0.0
0.0
0.0
0.0
0.009938290941690422
0.0
0.0
0.0
0.0
0.0
0.0
0.0
0.0
0.0
0.0
0.0
0.0
0.0
0.0
0.0
0.0
0.0
0.009725633066452868
0.0
0.0019268454632626881
0.0
0.0
0.13397847055712364
0.0034129129824040814
0.002431408266613217
0.0
0.0
0.0
0.0
0.0
0.0
0.004969145470845211
0.0034129129824040814
0.0
0.0
0.0
0.0
0.0
0.0
0.0
0.0
0.0
0.0
0.0
0.0
0.0
0.0
0.0
0.0
0.0
0.0
0.0
0.0
0.0
0.0
0.0
0.0
0.0
0.0
0.0
0.0
0.0
0.0
0.0
0.013110925157946757
0.0
0.0
0.0
0.0
0.0
0.0
0.0038536909265253763
0.0
0.006132490780931622
0.0
0.0
0.0
0.0
0.0
0.0
0.005164223036080231
0.0
0.005714343993702676
0.0
0.0
0.0
0.0
0.0
0.004749623045457994
0.0
0.0
0.0
0.0
0.0
0.0
0.0
0.0
0.0
0.0
0.0
0.0
0.0
0.0
0.0
0.0
0.0
0.0
0.0
0.0
0.0
0.0
0.0
0.0
0.0
0.0
0.0
0.0
0.0
0.0
0.0
0.0
0.0
0.0
0.0
0.0
0.0
0.0
0.002431408266613217
0.0
0.0
0.0
0.0
0.0
0.0
0.0
0.0
0.0
0.0
0.0
0.024091347726998696
0.0
0.008716507459751811
0.008716507459751811
0.0
0.0
0.0
0.0
0.0
0.0
0.019876581883380845
0.010328446072160461
0.0
0.0
0.0
0.0
0.0
0.0
0.0
0.0
0.0
0.0
0.0
0.0
0.0
0.0
0.0
0.0
0.004205645317668933
0.0
0.0
0.0
0.0
0.0
0.0
0.0
0.0
0.002431408266613217
0.0
0.004038481715501914
0.0
0.0
0.0
0.0
0.0
0.0
0.0
0.0
0.0038536909265253763
0.0
0.0
0.0
0.0
0.0
0.0
0.0
0.0
0.0
0.004205645317668933
0.0
0.0
0.013992481046189347
0.0
0.0
0.0
0.0
0.0
0.0
0.0
0.0
0.0
0.0
0.0
0.0
0.0
0.0
0.0
0.0
0.0
0.0
0.0
0.0
0.0
0.0
0.0
0.0
0.0
0.0
0.0
0.0
0.0
0.0
0.0
0.0
0.0
0.0
0.0
0.0031425495965692967
0.0
0.0
0.0
0.0
0.0
0.0
0.0
0.0
0.0
0.0
0.0012157041333066086
0.0
0.0
0.0
0.0
0.0
0.0
0.0012157041333066086
0.0
0.0
0.0
0.0
0.0
0.0
0.004038481715501914
0.0
0.0
0.0
0.0
0.0
0.0
0.002431408266613217
0.0
0.0
0.0
0.0
0.0
0.0
0.0
0.0
0.0
0.0
0.0
0.0
0.0
0.0
0.0
0.0
0.0
0.0
0.0
0.002431408266613217
0.0
0.0
0.0019268454632626881
0.0
0.004862816533226434
0.0
0.0
0.0
0.0
0.0
0.0
0.0
0.0
0.0
0.0
0.0
0.004862816533226434
0.0
0.0
0.0
0.0
0.0
0.0
0.0
0.0
0.0
0.0
0.0
0.0
0.0
0.005645555164390611
0.0
0.0
0.0
0.0
0.0
0.0
0.0
0.0
0.0
0.0
0.0
0.0
0.0
0.0
0.0
0.0
0.0
0.0
0.0
0.0
0.0
0.0
0.0
0.0
0.0
0.0
0.006022836931749674
0.0
0.0
0.0
0.0
0.0
0.0
0.0
0.0
0.0
0.0
0.0
0.0
0.027158647985956488
0.0
0.0
0.0
0.0
0.0
0.0
0.0
0.0
0.0
0.0
0.0
0.0
0.0
0.0
0.0
0.005421349450975542
0.0
0.0
0.0
0.0
0.0
0.0
0.0
0.0
0.0
0.0
0.0
0.0
0.0
0.0
0.0
0.0
0.0
0.0
0.0
0.0
0.0
0.0
0.0
0.0
0.0
0.0
0.0
0.0
0.0
0.0
0.0
0.0
0.0
0.0
0.0
0.0
0.0
0.0
0.0
0.0
0.0
0.0
0.0
0.006022836931749674
0.0
0.0
0.0
0.0
0.0
0.0
0.0
0.0
0.0
0.0988403553525347
0.0
0.0
0.0
0.0
0.0
0.0
0.0
0.0
0.0
0.0
0.0
0.013579323992978244
0.0
0.0
0.0
0.01823556199959913
0.0
0.018999461966589415
0.0
0.0
0.0
0.0
0.0
0.0
0.0
0.012939779964230265
0.0
0.018514468462842756
0.0
0.0
0.0
0.0
0.0
0.0
0.0
0.0
0.0
0.0
0.004205645317668933
0.0012157041333066086
0.0
0.0
0.0
0.0
0.0
0.04051641975481988
0.005499312967247038
0.0
0.0
0.0
0.0
0.0
0.0
0.0
0.0
0.0
0.0
0.0
0.0
0.0
0.0
0.0
0.0067527366258033125
0.0
0.0
0.0
0.0
0.0
0.0
0.0
0.0012157041333066086
0.0
0.0
0.0
0.0
0.0
0.0
0.0
0.0
0.0
0.0126169359530068
0.0
0.0034129129824040814
0.0
0.0
0.0
0.0
0.005164223036080231
0.0
0.0
0.0058443212490172985
0.0
0.0065554625789733785
0.0
0.0
0.0
0.0
0.0
0.0
0.0
0.060088216578486134
0.0
0.0
0.0
0.0
0.0
0.0
0.0
0.0
0.0
0.006333153988863138
0.0
0.0
0.0
0.0
0.0
0.0
0.0
0.0
0.0
0.0
0.0
0.0072942247998396504
0.0
0.0
0.0
0.0
0.0
0.01013879011966397
0.0
0.0
0.0
0.0
0.0
0.0
0.0
0.005780536389788064
0.0
0.0
0.0031425495965692967
0.0
0.0
0.0
0.0
0.0
0.0
0.005714343993702676
0.0
0.0
0.006078520666533044
0.0
0.0
0.0
0.0
0.0
0.0
0.0
0.0
0.0
0.0
0.0
0.0
0.0
0.0
0.0
0.0
0.004862816533226434
0.0
0.0
0.0
0.0
0.0
0.0
0.0
0.0
0.015762557546425568
0.0
0.002431408266613217
0.0
0.0
0.0
0.0
0.08434107479837087
0.0
0.0
0.0
0.0
0.0
0.0
0.0
0.0
0.0
0.0
0.0
0.0
0.0
0.0
0.0072942247998396504
0.004498639860396067
0.0
0.005421349450975542
0.0
0.0
0.0
0.0
0.01913978150816052
0.0
0.0
0.0
0.0
0.0
0.0
0.0
0.0
0.0
0.0
0.0
0.0
0.0
0.0
0.0
0.0
0.0
0.0
0.0
0.0
0.0
0.0
0.0
0.0
0.0
0.0
0.0
0.0
0.0
0.0
0.0
0.0
0.005645555164390611
0.0
0.0
0.0
0.0
0.0
0.0
0.0
0.0
0.0
0.0
0.0
0.03394830998244561
0.0
0.019276455970976266
0.0
0.0
0.0
0.0
0.0
0.0
0.0
0.0031425495965692967
0.0
0.0
0.0
0.0
0.0
0.0
0.0
0.0
0.0
0.0
0.0
0.0
0.0
0.0
0.0
0.0
0.0
0.0
0.0
0.0
0.0
0.0
0.0
0.0
0.0
0.0
0.0
0.0
0.0
0.0
0.0
0.0
0.0
0.0
0.0
0.0
0.0
0.0
0.008997279720792135
0.0
0.0
0.0
0.0
0.0
0.0
0.0
0.0
0.0
0.0
0.0
0.0
0.049198960299049674
0.0
0.0
0.0
0.0
0.0
0.014907436412535635
0.0
0.0
0.0012157041333066086
0.0
0.0
0.0
0.0
0.0
0.004862816533226434
0.004969145470845211
0.0
0.0
0.0012157041333066086
0.006715017100553646
0.0034129129824040814
0.0
0.0
0.0
0.0
0.005164223036080231
0.0
0.0
0.0
0.0
0.010508371697617046
0.0
0.0
0.0
0.0
0.0
0.0
0.0034129129824040814
0.0
0.0
0.0
0.0
0.0
0.0
0.0
0.0
0.0028227775821953057
0.0
0.0
0.0
0.004862816533226434
0.0
0.0
0.006596732490707312
0.0
0.0
0.0
0.0
0.010508371697617046
0.0
0.0
0.0
0.0
0.0
0.005645555164390611
0.0
0.0
0.0
0.0
0.0
0.0
0.0
0.0
0.0
0.0
0.0
0.0
0.0
0.0
0.0
0.0
0.0
0.0
0.0
0.0
0.0
0.0
0.0
0.0
0.0
0.0
0.0
0.0
0.0
0.0
0.0
0.0
0.0
0.0
0.0
0.0
0.0
0.0
0.0
0.0
0.0
0.0
0.0
0.0
0.0
0.0
0.0
0.005499312967247038
0.0
0.0
0.0
0.0
0.0
0.0
0.0
0.0
0.0
0.0
0.0
0.0
0.08434107479837087
0.0012157041333066086
0.0
0.0
0.0
0.0
0.0
0.0
0.004498639860396067
0.0
0.0
0.0
0.0
0.0
0.0
0.0
0.0
0.0
0.0
0.0
0.0
0.0
0.0
0.0
0.0
0.0
0.004969145470845211
0.0
0.0
0.0
0.0
0.0
0.0
0.006676468508720682
0.0
0.002431408266613217
0.0
0.0
0.0
0.0028227775821953057
0.0
0.0
0.0
0.0
0.0
0.0
0.0
0.0
0.0
0.0
0.0
0.0
0.0
0.0
0.0
0.0
0.0
0.0
0.004862816533226434
0.0
0.0
0.0
0.0
0.0
0.0
0.0
0.0
0.0
0.0
0.0
0.0
0.0
0.0
0.0
0.0
0.0
0.0
0.0
0.0
0.0
0.0
0.0
0.0
0.0
0.0038536909265253763
0.0
0.0
0.0
0.0
0.0
0.0
0.0
0.0
0.0
0.0
0.0
0.0
0.0
0.0
0.0
0.0
0.0031425495965692967
0.0
0.0
0.0
0.0
0.005573957863182513
0.0
0.0
0.0
0.0
0.0
0.0
0.0
0.0
0.0
0.0
0.0
0.0
0.0
0.0
0.0
0.0
0.0
0.0
0.0
0.0
0.0
0.0
0.0
0.0
0.0
0.0
0.08873573754250612
0.005499312967247038
0.0
0.0
0.0
0.0
0.0
0.0012157041333066086
0.0
0.0
0.005254185848808523
0.0
0.0
0.0
0.0
0.0
0.0
0.0
0.0
0.0
0.0
0.0
0.0
0.0
0.0
0.0
0.0
0.0
0.0072942247998396504
0.0
0.0
0.0
0.0
0.0
0.0
0.0
0.0
0.0
0.0
0.0
0.0
0.0
0.0
0.0
0.0
0.0
0.0
0.0
0.0019268454632626881
0.0
0.0
0.0058443212490172985
0.010328446072160461
0.033382342543603415
0.0
0.0
0.0
0.13230567486541503
0.0
0.0
0.0
0.0
0.0
0.0068959909341079
0.0
0.0
0.0
0.0
0.0
0.0
0.0034129129824040814
0.022857375974810704
0.0
0.0
0.0
0.0
0.0
0.0
0.0
0.0
0.0
0.0
0.0028227775821953057
0.0019268454632626881
0.0
0.0
0.0
0.0
0.0
0.0
0.0
0.0
0.0
0.0
0.0
0.0
0.0
0.0
0.0
0.0
0.0
0.0
0.0
0.0
0.0
0.0
0.0
0.0
0.0
0.0
0.0
0.03252809670585325
0.0
0.002431408266613217
0.0
0.0
0.0019268454632626881
0.0
0.0
0.0
0.0
0.0
0.0
0.0
0.0
0.0
0.005421349450975542
0.0
0.0
0.0
0.0
0.0
0.0
0.0
0.0
0.004358253729875906
0.07116878980326645
0.06686372733186348
0.0
0.0
0.0
0.0
0.0
0.0
0.0
0.0
0.01386009625401857
0.013579323992978244
0.0
0.0
0.0
0.1765006345580977
0.0
0.0
0.07731265189850664
0.0
0.02098872156928402
0.0
0.004969145470845211
0.02670587403488273
0.034129129824040816
0.0
0.0
0.07547385227466942
0.13230567486541503
0.0
0.02701094650321325
0.0058443212490172985
0.0
0.0
0.0
0.0
0.0
0.14120050764647815
0.0
0.0139269131437279
0.0
0.004205645317668933
0.018999461966589415
0.0
0.019451266132905737
0.0
0.0
0.002431408266613217
0.0
0.0
0.0
0.0
0.0
0.0
0.0
0.027158647985956488
0.0
0.0
0.0
0.0
0.0
0.0
0.0
0.0
0.0
0.0
0.0
0.0
0.0351421144993212
0.0
0.0
0.0
0.0
0.0
0.0
0.0
0.0
0.0
0.02670587403488273
0.0137919818682158
0.0
0.0
0.0
0.0
0.0
0.0
0.006825825964808163
0.0
0.0
0.0
0.0
0.0
0.0
0.0
0.006184849604151821
0.0
0.0038536909265253763
0.0
0.0
0.0
0.0
0.0
0.0
0.0
0.0
0.0
0.0
0.005573957863182513
0.0
0.005254185848808523
0.0
0.0
0.008997279720792135
0.0
0.002431408266613217
0.002431408266613217
0.0
0.0
0.0
0.0
0.0
0.0
0.0
0.0
0.0
0.0
0.0
0.0
0.0
0.0
0.0
0.0
0.0
0.0
0.0
0.0
0.0
0.0
0.0
0.0
0.0
0.0
0.0
0.0
0.0
0.0
0.0
0.0
0.0
0.0
0.0
0.0
0.0
0.0
0.0
0.0
0.0
0.0
0.0
0.0
0.0
0.004862816533226434
0.0
0.0
0.0
0.0031425495965692967
0.0
0.0
0.0
0.0
0.0
0.005254185848808523
0.0
0.0
0.0
0.0
0.0
0.0126169359530068
0.0
0.0
0.005905867575301541
0.0
0.0
0.0
0.0
0.0
0.0012157041333066086
0.0
0.0
0.0
0.0
0.0
0.004358253729875906
0.0067527366258033125
0.0
0.008411290635337866
0.0
0.005780536389788065
0.0
0.0
0.0
0.0
0.0
0.0
0.0
0.0
0.0
0.0
0.0
0.005965327178764602
0.0
0.0
0.0
0.0
0.0
0.0
0.0
0.0
0.0
0.0
0.0
0.0
0.0
0.0
0.07731265189850664
0.0
0.0
0.0
0.0
0.0
0.0
0.0
0.0
0.0
0.0
0.0
0.0
0.0
0.0
0.0
0.0
0.0
0.0
0.0
0.0
0.0
0.02730330385923265
0.0
0.0
0.0
0.010328446072160461
0.0
0.0
0.0
0.0
0.0
0.0
0.0
0.0
0.0
0.0
0.0
0.0
0.0
0.0
0.0
0.0
0.0
0.0
0.0
0.0
0.0
0.0
0.0
0.0
0.0
0.0
0.0
0.0
0.0
0.0
0.0
0.0
0.0028227775821953057
0.068959909341079
0.0
0.0
0.0
0.0
0.0
0.0
0.0
0.0
0.005164223036080231
0.0
0.0
0.0
0.0
0.0
0.0
0.0
0.0
0.0
0.0
0.0
0.0
0.0
0.0
0.0
0.0
0.0
0.0
0.0
0.0
0.0
0.0
0.0
0.0
0.0
0.0
0.009725633066452868
0.0
0.0
0.0
0.0
0.0
0.0
0.0
0.0
0.004358253729875906
0.0
0.0
0.0
0.0
0.0
0.0
0.0
0.0
0.0
0.011428687987405352
0.006022836931749674
0.0
0.0
0.0
0.0
0.0
0.0
0.0
0.0
0.0
0.0
0.0
0.0
0.0
0.0
0.0
0.0
0.0
0.0
0.0
0.021359033782667076
0.0
0.0
0.0
0.0
0.002431408266613217
0.0
0.0
0.019666387736920133
0.0
0.0
0.0
0.0
0.0
0.0
0.0
0.0
0.0
0.0
0.013110925157946757
0.0
0.004969145470845211
0.0
0.0
0.0
0.0
0.0
0.0
0.0
0.0
0.0
0.015762557546425568
0.0
0.0
0.0
0.0
0.0
0.0
0.0126169359530068
0.0
0.0012157041333066086
0.0
0.0
0.0
0.0
0.0
0.0
0.0
0.012045673863499348
0.005069395059831985
0.0
0.0
0.0
0.0
0.0
0.0
0.009938290941690422
0.0
0.0
0.0
0.0
0.0
0.0
0.0
0.0
0.0
0.0
0.0
0.0
0.0
0.0
0.0
0.0
0.0
0.0
0.0
0.0
0.0
0.0
0.0
0.09702067377812999
0.0
0.0
0.005645555164390611
0.0
0.0
0.0
0.0
0.0
0.0
0.0
0.0
0.0
0.0
0.0
0.0
0.0
0.11893608889260945
0.004358253729875906
0.0
0.017532963747051898
0.0
0.0
0.0
0.0
0.0
0.0
0.0
0.0
0.0
0.0
0.0
0.0
0.0
0.0
0.0
0.0
0.0
0.0
0.0
0.0
0.0
0.0
0.0
0.0
0.0
0.0
0.0
0.0
0.0
0.0
0.0
0.0
0.0
0.02025820987740994
0.0
0.0
0.0
0.0
0.0
0.0
0.0
0.0034129129824040814
0.0
0.0
0.0
0.0
0.0
0.0
0.0
0.005780536389788065
0.0
0.0
0.0
0.0
0.0
0.0
0.0
0.0
0.020029405526162048
0.004628617115710689
0.0019268454632626881
0.0
0.0
0.0
0.07659802229050344
0.0
0.0012157041333066086
0.0343062964884861
0.0
0.012939779964230265
0.0
0.0038536909265253763
0.010328446072160461
0.02605279246567724
0.0062356905645993875
0.0
0.0
0.0
0.21886078685204113
0.0
0.0
0.02386130871505841
0.0028227775821953057
0.0
0.01013879011966397
0.03212742661829378
0.0
0.0
0.0
0.0
0.0
0.0
0.0028227775821953057
0.0
0.0
0.0
0.0
0.22592081223436505
0.0
0.0
0.0
0.0
0.0
0.0
0.0
0.0
0.0
0.0
0.0
0.0
0.0
0.0
0.0
0.0
0.0
0.1765006345580977
0.0
0.0
0.0
0.0
0.021016743395234093
0.0
0.0
0.0
0.0
0.0
0.032565990582096555
0.011428687987405352
0.0
0.0
0.005069395059831985
0.0
0.0
0.03318526792141076
0.013579323992978244
0.0
0.0065554625789733785
0.0
0.0
0.0413759456046474
0.0
0.0
0.0
0.0
0.005645555164390611
0.0
0.011147915726365027
0.0
0.0
0.019666387736920133
0.004498639860396067
0.0
0.0072942247998396504
0.0
0.0
0.0
0.0
0.0
0.0
0.0
0.0
0.0
0.0
0.0
0.0
0.0
0.0
0.0
0.0
0.0
0.0482719365387553
0.0
0.0
0.0
0.0
0.0
0.0
0.005164223036080231
0.004969145470845211
0.0058443212490172985
0.0
0.028113691599456956
0.0
0.0
0.0
0.0068959909341079
0.0
0.0019268454632626881
0.0
0.0
0.0
0.0
0.0
0.0
0.0
0.0
