0.006466731965211138
0.0
0.005539626881003921
0.0
0.0
0.0
0.0
0.0
0.0
0.0
0.0
0.0
0.0
0.0
0.0
0.0
0.0
0.0
0.0
0.0
0.0
0.0
0.0
0.0
0.0
0.0
0.0
0.005539626881003921
0.0062649288634115865
0.0
0.0
0.0
0.0
0.0
0.0
0.0
0.0
0.0017475577114548127
0.0017475577114548127
0.0
0.0
0.0
0.0
0.0
0.0
0.0
0.0
0.0
0.0
0.006990230845819251
0.0017475577114548127
0.0
0.0
0.0
0.0
0.0
0.0
0.0
0.0
0.012933463930422277
0.0
0.0
0.0
0.0
0.0
0.0
0.0
0.0
0.0
0.0
0.0
0.0
0.0
0.0
0.0
0.0
0.0
0.0
0.0
0.0
0.0
0.0
0.0
0.0
0.0
0.023715556738653148
0.0
0.0
0.0
0.0
0.0
0.0
0.0
0.0
0.0
0.0
0.0
0.0
0.0
0.0
0.0
0.0
0.0
0.0
0.0
0.0
0.0
0.0
0.0
0.0
0.0
0.0
0.0
0.0
0.0
0.0
0.0
0.0
0.0
0.0
0.0
0.0
0.0
0.0
0.0
0.0
0.0
0.0
0.0
0.0
0.0017475577114548127
0.0
0.0
0.0
0.0
0.0
0.0
0.0
0.0
0.0
0.0
0.0
0.0
0.0
0.0
0.0
0.0
0.0
0.0
0.0
0.0
0.0
0.0
0.0
0.0
0.0
0.0
0.0
0.0
0.0
0.0
0.0
0.0
0.0
0.0
0.0
0.0
0.0
0.0
0.0
0.0034951154229096253
0.0
0.0
0.0
0.0
0.0
0.0
0.0
0.0
0.0
0.0
0.0
0.0
0.0
0.005539626881003921
0.0
0.0
0.0
0.0
0.0
0.0
0.0
0.0
0.0
0.006653572454287202
0.0
0.0
0.0
0.0
0.0
0.0
0.0
0.0
0.0
0.0
0.0
0.0
0.0
0.0
0.0
0.0
0.0
0.0
0.0
0.022270495451458212
0.0
0.0
0.0
0.0060455564024002135
0.0
0.0
0.0
0.0
0.0
0.0
0.0
0.0
0.0
0.0
0.0
0.0
0.006466731965211138
0.0
0.0
0.0
0.0
0.0
0.0
0.0
0.0
0.0
0.008401130165742017
0.004517371151956774
0.0062649288634115865
0.0
0.0
0.0
0.0
0.0
0.0
0.0
0.0
0.0
0.006990230845819251
0.0
0.0
0.0
0.0
0.0
0.0
0.0
0.0
0.0
0.0
0.008012486574866398
0.0
0.0
0.005805261059118804
0.0
0.0
0.0
0.0
0.0017475577114548127
0.0
0.0
0.0
0.0
0.0
0.0
0.0
0.0
0.0
0.0
0.0
0.0
0.0
0.0
0.0
0.0
0.0
0.012933463930422277
0.0
0.0
0.0
0.0
0.0
0.0
0.0
0.0
0.0
0.0
0.0
0.0
0.0
0.012091112804800427
0.0
0.0
0.0
0.0
0.0
0.0
0.0
0.0
0.0
0.0
0.0017475577114548127
0.0
0.0062649288634115865
0.0
0.0
0.0
0.0
0.0017475577114548127
0.0
0.0
0.0
0.0
0.008737788557274065
0.0
0.0
0.0
0.0
0.0
0.0
0.0
0.0
0.0
0.0
0.0
0.0
0.0060455564024002135
0.0
0.0
0.0
0.0
0.0
0.0
0.004057703347663992
0.0
0.007793114113855026
0.0
0.0
0.0
0.010009871560971675
0.0
0.0
0.0
0.0
0.0
0.0
0.0
0.0
0.0
0.0
0.0
0.0
0.0
0.0
0.0
0.004057703347663992
0.0
0.016802260331484034
0.0
0.008890634919966842
0.0
0.0
0.0
0.013655033576331906
0.006827516788165953
0.0
0.0
0.0
0.0
0.0
0.0
0.0
0.0
0.0
0.0
0.0
0.006653572454287202
0.0
0.004057703347663992
0.0
0.0
0.0
0.0
0.0
0.0
0.0
0.0
0.02434622008598395
0.0
0.0
0.0
0.006466731965211138
0.0
0.0
0.0
0.0
0.0
0.0
0.0
0.0
0.0
0.0
0.0
0.0
0.01813666920720064
0.0
0.0
0.012933463930422277
0.004057703347663992
0.0
0.0
0.0
0.03720150592811373
0.0
0.0
0.0
0.0
0.0
0.0
0.0
0.0
0.0
0.0
0.0
0.0
0.0
0.0
0.0
0.0
0.0
0.0
0.00490601474283239
0.0
0.0
0.0
0.0
0.0
0.0
0.0
0.0
0.0
0.0
0.0
0.0
0.0
0.0
0.0
0.0
0.0
0.0
0.0
0.0
0.0
0.0
0.0
0.03556253967986737
0.0
0.0
0.0
0.0
0.050049357804858384
0.0091038204015691
0.0072871845924587335
0.0
0.0
0.034630975865110256
0.0
0.0
0.004517371151956774
0.0
0.0
0.0
0.0
0.0
0.0
0.0
0.0
0.0
0.0
0.0
0.0
0.0
0.0
0.0
0.0
0.0
0.006653572454287202
0.0
0.0
0.0
0.0
0.0
0.0
0.0
0.0
0.0
0.0
0.0
0.0
0.0
0.0
0.0
0.0
0.007423498483819405
0.0
0.0
0.0
0.0
0.014286154417024058
0.005805261059118804
0.0
0.0
0.0
0.08082607800051364
0.0
0.0
0.0
0.0
0.0
0.0
0.008115406695327985
0.0
0.0
0.0
0.0
0.0
0.0
0.1014868787719683
0.24247823400154095
0.0
0.0
0.006466731965211138
0.0
0.0
0.0
0.050516298750321036
0.0
0.0
0.0
0.0
0.0
0.0
0.0
0.0
0.0
0.0
0.0
0.0
0.0
0.0
0.0
0.0
0.0
0.0
0.0
0.006653572454287202
0.0
0.0017475577114548127
0.0017475577114548127
0.0
0.0
0.0
0.0
0.0
0.011079253762007841
0.0
0.0
0.0
0.03745052528076209
0.0
0.0
0.0
0.0
0.0
0.005539626881003921
0.0
0.0
0.0
0.0
0.0
0.0
0.0
0.0
0.0
0.0
0.0
0.0
0.0
0.0
0.0
0.0
0.0
0.0
0.0
0.0
0.0
0.0
0.008963718090496384
0.0
0.0
0.0
0.0
0.0
0.0
0.0
0.0
0.0
0.0
0.0027698134405019603
0.0
0.0
0.0
0.0
0.0
0.0
0.013980461691638501
0.0
0.0
0.0
0.0
0.0
0.0
0.0
0.0
0.0
0.0
0.0
0.0
0.0
0.0
0.0
0.0
0.0
0.0
0.0
0.0
0.0
0.0
0.0
0.0
0.0
0.0
0.0
0.0
0.0
0.0
0.0
0.0
0.0
0.0
0.0
0.0
0.0
0.0
0.0
0.0
0.0
0.0
0.0
0.0
0.0
0.0
0.0
0.0
0.006990230845819251
0.0
0.0
0.0027698134405019603
0.0
0.0
0.0
0.0
0.0
0.0
0.0
0.0
0.0
0.0
0.0
0.015586228227710053
0.0
0.0
0.0
0.0
0.0
0.0
0.0
0.0
0.0
0.0
0.0
0.0
0.0
0.0
0.0
0.0
0.0
0.0
0.0
0.0
0.0
0.0
0.0
0.0
0.0
0.0
0.0
0.0
0.0
0.006653572454287202
0.0
0.0
0.0
0.0
0.0
0.0
0.0
0.0
0.0
0.0
0.0
0.0
0.009912890649013989
0.0
0.0
0.0
0.0
0.015586228227710053
0.0
0.008012486574866398
0.0
0.0
0.0
0.0
0.0
0.0
0.0
0.0
0.0
0.0
0.007552818770573617
0.008115406695327985
0.0
0.0
0.0
0.0
0.0
0.0
0.0
0.0
0.0
0.0
0.0
0.0
0.0
0.0
0.0
0.0
0.0
0.0
0.005805261059118804
0.0
0.0
0.0
0.0
0.0
0.0
0.0
0.0
0.0
0.0
0.0
0.0
0.0
0.0
0.0
0.0
0.0
0.007143077208512029
0.0
0.0
0.0
0.0
0.008012486574866398
0.0
0.0
0.0
0.0
0.0
0.0
0.030170994098882086
0.009862964406782797
0.0
0.0
0.008737788557274065
0.008012486574866398
0.0027698134405019603
0.0
0.0
0.0
0.0
0.0
0.0
0.0
0.018600752964056864
0.0
0.0
0.0
0.016428579353331904
0.0
0.0
0.0
0.0
0.0
0.0
0.0
0.0
0.0
0.0
0.0
0.0
0.0
0.0
0.008012486574866398
0.0
0.0
0.0
0.0
0.0
0.0
0.0
0.0
0.0
0.0
0.0
0.024928320964517647
0.0
0.0
0.0
0.0
0.0
0.0
0.0
0.0
0.0
0.0
0.0
0.0
0.0
0.0
0.0
0.0
0.0
0.009171056195274217
0.07170974472397107
0.0
0.0
0.0
0.0
0.0
0.0
0.0
0.0
0.0
0.0
0.0
0.0
0.0
0.0
0.0
0.0
0.0
0.0
0.0
0.0
0.0
0.0
0.0
0.0
0.0
0.0
0.0
0.0
0.0
0.0
0.0
0.0
0.0
0.0
0.0
0.0027698134405019603
0.0017475577114548127
0.0
0.0
0.0
0.0
0.0
0.004057703347663992
0.0
0.0
0.0
0.0
0.0
0.0
0.0
0.0
0.0
0.0
0.0
0.0
0.0
0.0
0.0
0.0
0.0
0.0
0.0
0.0
0.0
0.0
0.0
0.0
0.0
0.009423385894789164
0.0
0.0
0.0
0.0
0.0
0.0
0.0
0.0
0.0
0.01484699696763881
0.0
0.0
0.0
0.0
0.0
0.0
0.0
0.0
0.0
0.0017475577114548127
0.0
0.0
0.0
0.0
0.0
0.0
0.0
0.0
0.0
0.0
0.0
0.0
0.0
0.0
0.0
0.0
0.0
0.0
0.0
0.0
0.0
0.0
0.0
0.0
0.0
0.0
0.0
0.0
0.0
0.0
0.0
0.0
0.019413929163420378
0.0060455564024002135
0.0027698134405019603
0.0
0.0
0.0
0.0
0.0
0.0
0.0
0.0
0.0
0.0
0.0
0.013307144908574405
0.0
0.0
0.0
0.0
0.0
0.0
0.0
0.0
0.0
0.0
0.007423498483819405
0.0
0.0
0.0
0.0
0.0
0.0
0.0
0.0
0.0
0.0
0.0
0.0
0.0
0.0
0.0
0.0
0.0
0.0
0.0
0.0
0.0
0.0
0.028958229873017587
0.0
0.0
0.0
0.0
0.0
0.0710408151403778
0.0
0.0
0.0
0.16237900603514926
0.0
0.008890634919966842
0.0
0.0
0.0
0.0
0.016979204300272225
0.0
0.0
0.0
0.0
0.0
0.0
0.0
0.0
0.0
0.0
0.0
0.0
0.0
0.0
0.0
0.0
0.0
0.0
0.0
0.0
0.0
0.0
0.0
0.0
0.0
0.0
0.0
0.0
0.0
0.0
0.0
0.0
0.0
0.0
0.0
0.0
0.0
0.0
0.0
0.0
0.0
0.0
0.006466731965211138
0.0
0.0
0.0
0.0
0.0
0.0
0.0
0.007552818770573617
0.0
0.0
0.0
0.0
0.0
0.0
0.0
0.0
0.0
0.0
0.0
0.0
0.0
0.0
0.0
0.0
0.0
0.0
0.0
0.0
0.0
0.0
0.0
0.0
0.0
0.0
0.0
0.0
0.0
0.0
0.0
0.0
0.0
0.0
0.009423385894789164
0.004517371151956774
0.0
0.0
0.0
0.0
0.0
0.0
0.0
0.0
0.0
0.0
0.0
0.0
0.0
0.0
0.0
0.0
0.0
0.01962405897132956
0.0
0.0
0.0
0.012091112804800427
0.0
0.0
0.0
0.0
0.0
0.0
0.0
0.0
0.0
0.0027698134405019603
0.0
0.0
0.0
0.0
0.0
0.0
0.0
0.0
0.0
0.0
0.0
0.0
0.0
0.0
0.0
0.0
0.0
0.0
0.0
0.0
0.0
0.0
0.0
0.007793114113855026
0.0
0.0
0.014574369184917467
0.0
0.0
0.0
0.009597330228667914
0.0
0.0
0.0
0.0
0.0
0.0
0.0
0.0
0.0
0.0
0.0
0.0
0.0
0.0
0.0
0.0
0.0
0.0
0.0
0.0
0.0
0.019194660457335828
0.0
0.038827858326840756
0.0
0.0
0.0
0.004057703347663992
0.0
0.0
0.0
0.0
0.0
0.0
0.0
0.0
0.0
0.008489602150136112
0.0
0.0
0.0
0.0
0.017415783177356415
0.0
0.0
0.0
0.0
0.0
0.0
0.0
0.0034951154229096253
0.0
0.0
0.0
0.06005922936583005
0.0
0.0
0.0
0.0
0.0
0.0
0.0
0.0
0.0
0.0
0.0
0.0
0.0
0.0
0.0
0.0419413850749155
0.0017475577114548127
0.0
0.0
0.0
0.0
0.0
0.0
0.0
0.0
0.0
0.0
0.0
0.0
0.0
0.0
0.0
0.0
0.0
0.0
0.0
0.0
0.0
0.0
0.0
0.0
0.0
0.0
0.004057703347663992
0.0
0.0
0.0
0.0
0.0
0.0
0.0
0.0
0.009862964406782797
0.0
0.0
0.0
0.006990230845819251
0.0
0.0
0.0
0.0
0.0
0.0
0.0
0.0
0.0
0.0
0.0
0.0
0.0
0.008963718090496384
0.0
0.0
0.0
0.0
0.0
0.0
0.06832031000424849
0.0
0.0
0.0
0.0
0.0
0.004057703347663992
0.0
0.0017475577114548127
0.0
0.0
0.0
0.0
0.0
0.0
0.0
0.0
0.0
0.0
0.0
0.0
0.0062649288634115865
0.0
0.0
0.0
0.0
0.0
0.0
0.0
0.0
0.0
0.0
0.0
0.0
0.0
0.0
0.0
0.0
0.0
0.0
0.0
0.0
0.0
0.0
0.0
0.0
0.0
0.0
0.0
0.0
0.005242673134364438
0.0
0.0
0.0
0.010485346268728876
0.0
0.0
0.0
0.0
0.0
0.0
0.0
0.0
0.0
0.0
0.0
0.0
0.0
0.0
0.0
0.0
0.0
0.0
0.0
0.0
0.0
0.0
0.009171056195274217
0.0
0.0
0.0
0.0
0.0
0.0
0.0
0.0
0.0
0.0
0.0
0.0
0.0
0.0
0.0
0.0
0.0
0.0
0.0
0.0
0.0
0.0
0.0
0.0
0.0
0.0
0.0
0.0
0.0
0.0
0.0
0.0
0.0
0.0034951154229096253
0.0
0.0
0.0
0.0
0.0
0.0
0.0
0.0
0.0
0.0
0.0
0.0
0.004057703347663992
0.0
0.0
0.0
0.0
0.0
0.0
0.0
0.0
0.006653572454287202
0.0
0.0
0.016802260331484034
0.0
0.0
0.0
0.0
0.0062649288634115865
0.0
0.0
0.0
0.0
0.0
0.0
0.0
0.0
0.0
0.0
0.0
0.0
0.0
0.0
0.008309440321505882
0.0
0.0
0.0
0.0
0.0
0.0
0.0
0.0
0.0
0.0
0.0
0.0
0.017315487932555128
0.0027698134405019603
0.0
0.0
0.0
0.0
0.0
0.0
0.0
0.0
0.0062649288634115865
0.16165215600102728
0.0
0.0
0.0
0.0
0.0
0.0
0.0
0.0
0.0
0.0
0.0
0.0
0.0
0.0
0.0
0.0
0.0
0.0
0.0
0.0
0.008657743966277564
0.0
0.0
0.006653572454287202
0.0
0.0
0.0
0.0
0.0
0.0
0.0
0.0
0.04741355408237555
0.0
0.008657743966277564
0.0
0.0
0.0
0.015351656366668702
0.0
0.0027698134405019603
0.0
0.0
0.0
0.0
0.0
0.0
0.0
0.0
0.0
0.0
0.0
0.0
0.0
0.0
0.0
0.0
0.0
0.0
0.0
0.0
0.0
0.0
0.0
0.0
0.0
0.0
0.0
0.0
0.0
0.0
0.0
0.0
0.005242673134364438
0.0
0.0
0.0
0.008963718090496384
0.0
0.0
0.0
0.0
0.0
0.0
0.0
0.0
0.009171056195274217
0.0060455564024002135
0.0
0.0
0.0
0.0034951154229096253
0.0
0.0
0.0
0.0
0.0
0.0
0.0
0.0
0.0
0.0
0.0
0.0
0.0
0.0
0.0
0.0
0.0034951154229096253
0.0
0.0
0.019825781298027978
0.0
0.0
0.0
0.0
0.0
0.0
0.0
0.0
0.009706964581710189
0.0
0.0
0.0
0.0
0.0
0.0
0.0
0.0
0.0
0.0
0.0
0.0
0.0017475577114548127
0.0
0.0
0.0
0.0
0.0
0.0
0.0
0.0
0.0
0.0
0.0
0.0
0.0
0.0
0.0
0.0
0.0
0.0
0.004057703347663992
0.0
0.0
0.0
0.0
0.0
0.0
0.0
0.0
0.0
0.0
0.0034951154229096253
0.0
0.0
0.0
0.0
0.0
0.0
0.0
0.0
0.0
0.0
0.0
0.0
0.0
0.0
0.006827516788165953
0.0
0.0
0.0
0.0
0.0
0.0
0.0
0.0
0.0
0.0
0.0
0.0
0.0
0.0
0.0
0.0
0.0
0.0
0.0
0.0
0.0
0.0
0.0
0.0
0.0
0.0
0.0
0.0
0.0
0.0
0.0
0.0
0.0
0.00490601474283239
0.0
0.0
0.0
0.0
0.0
0.0
0.0
0.0
0.0
0.0
0.0
0.0
0.0
0.0
0.0
0.0
0.0
0.0
0.0
0.0
0.009034742303913547
0.0
0.0
0.0
0.0
0.0
0.0
0.0
0.0
0.0
0.0
0.0
0.0
0.0
0.0
0.0
0.0
0.0
0.0
0.0
0.0
0.0
0.0
0.0
0.0
0.0
0.0
0.0
0.0
0.0
0.0
0.0
0.0
0.0
0.0
0.0
0.0
0.0
0.0
0.0
0.0
0.005242673134364438
0.0
0.0
0.0
0.0
0.0
0.0
0.0
0.0
0.0
0.0
0.0
0.0
0.0
0.0
0.0
0.0
0.0
0.0
0.0
0.0
0.0
0.0
0.0
0.0
0.0
0.0
0.0
0.0
0.0
0.0
0.0
0.0
0.0
0.0
0.0034951154229096253
0.0
0.0027698134405019603
0.0
0.0034951154229096253
0.0
0.0
0.0
0.0
0.0
0.0
0.0
0.0
0.0
0.0
0.0
0.00790518557955105
0.0
0.0
0.0
0.0
0.0034951154229096253
0.0
0.0
0.0
0.0
0.0
0.0
0.0
0.0
0.0
0.0
0.0
0.0
0.0
0.0
0.0
0.0
0.0
0.0
0.0
0.0
0.0
0.0
0.0
0.0
0.0
0.0
0.0
0.0
0.0
0.0
0.0
0.0
0.0
0.0
0.0
0.0
0.0
0.0
0.0
0.0
0.0
0.0
0.0
0.0
0.0
0.0
0.0
0.0
0.0
0.0
0.0
0.0
0.0
0.0
0.0
0.0
0.0
0.0
0.0
0.004517371151956774
0.0
0.0
0.0
0.0
0.0
0.0
0.0
0.0
0.0
0.0
0.0
0.0
0.0
0.0
0.0
0.0
0.0
0.0
0.0
0.0
0.0
0.0017475577114548127
0.0027698134405019603
0.0
0.0
0.0
0.0
0.0
0.0
0.0
0.0
0.0
0.0
0.0
0.0
0.0
0.0
0.0
0.0
0.0
0.0
0.0
0.0
0.0
0.0
0.0
0.0
0.06832031000424849
0.0
0.004057703347663992
0.0
0.0
0.0
0.0
0.0
0.0
0.0
0.0
0.0
0.0
0.0
0.0
0.0
0.0091038204015691
0.0
0.0
0.005242673134364438
0.0
0.0
0.0
0.0
0.0
0.03904017714528484
0.0
0.0
0.004517371151956774
0.0
0.0
0.0
0.0
0.0
0.0
0.0
0.0
0.0
0.0
0.0
0.0
0.0
0.0
0.0
0.0
0.0
0.0017475577114548127
0.0
0.0
0.0
0.0
0.0
0.0
0.0
0.0
0.0
0.008575074499620765
0.0
0.0
0.0
0.0
0.0
0.0
0.0
0.0
0.0
0.0
0.013307144908574405
0.0
0.0
0.0
0.0
0.0
0.0
0.0
0.0
0.0
0.0
0.00490601474283239
0.0
0.0
0.0
0.0
0.004057703347663992
0.0
0.0
0.0
0.0
0.0
0.0
0.0
0.0
0.07440301185622746
0.0
0.0
0.0
0.024928320964517647
0.0
0.0
0.0
0.008737788557274065
0.0
0.0
0.004517371151956774
0.0
0.0
0.0
0.0
0.0
0.0
0.0
0.0
0.0
0.0
0.0
0.0
0.013307144908574405
0.0
0.0
0.0
0.0
0.0
0.0
0.0
0.0
0.004057703347663992
0.0
0.0
0.0
0.0
0.0
0.008214289676665952
0.0
0.0
0.0
0.0027698134405019603
0.0
0.0
0.0
0.0
0.008012486574866398
0.0
0.0
0.0
0.0
0.0
0.0
0.0
0.0
0.0
0.0
0.0
0.0
0.0
0.0
0.0
0.0
0.0
0.0
0.0
0.0
0.0
0.0
0.0
0.0
0.0
0.0
0.0
0.0
0.0
0.0
0.0
0.0
0.0
0.0
0.0
0.0
0.0
0.0
0.0
0.0
0.0
0.0
0.01952008857264242
0.0
0.0
0.0
0.0
0.0
0.0
0.0
0.0
0.0
0.0
0.0
0.0
0.30896683356628724
0.0
0.0
0.0352614793716087
0.0
0.0017475577114548127
0.0
0.0017475577114548127
0.0
0.0
0.0
0.0
0.0
0.0
0.0
0.0
0.0
0.0
0.0
0.0
0.0
0.0
0.0
0.0
0.0
0.0
0.007675828183334351
0.0
0.0017475577114548127
0.0
0.0
0.0
0.0
0.0
0.0
0.007552818770573617
0.0
0.0060455564024002135
0.0
0.0
0.0
0.0
0.0017475577114548127
0.0
0.0
0.005539626881003921
0.0
0.0
0.0034951154229096253
0.0
0.0
0.0
0.0
0.0
0.0
0.0
0.0
0.0
0.0
0.0
0.0
0.0
0.0
0.0
0.0
0.0
0.0
0.0
0.0
0.0
0.016618880643011764
0.0
0.0
0.0
0.0
0.0
0.0
0.0027698134405019603
0.0
0.0
0.0
0.0
0.0
0.0
0.0
0.0
0.0
0.0
0.0
0.0
0.009652743291005862
0.0
0.0
0.0
0.0
0.0
0.0
0.0
0.07072281825044945
0.0
0.0
0.0
0.00790518557955105
0.0
0.0
0.0
0.0
0.0
0.0
0.0
0.0
0.0
0.01484699696763881
0.0
0.0
0.0
0.0
0.0
0.0
0.0027698134405019603
0.0
0.0
0.0
0.0
0.0
0.0
0.0
0.0
0.0
0.0
0.0
0.0017475577114548127
0.0
0.0
0.0
0.0
0.0
0.0
0.0
0.0
0.0
0.0
0.0
0.0
0.0
0.0
0.0
0.0
0.0
0.0
0.0
0.0
0.0
0.0
0.0
0.0
0.0
0.0
0.0
0.0
0.0
0.0
0.0
0.0
0.0
0.0
0.0
0.0
0.0
0.0
0.005539626881003921
0.0
0.0
0.0
0.0
0.0
0.0
0.0
0.0
0.0
0.0
0.0
0.0
0.0
0.0
0.0
0.0
0.0
0.0
0.0
0.0
0.0
0.0017475577114548127
0.0
0.0
0.0
0.0
0.004057703347663992
0.0
0.0
0.0
0.0
0.0
0.010485346268728876
0.0
0.0
0.0
0.0
0.0
0.0
0.0
0.0
0.0
0.0
0.0
0.0
0.0
0.0
0.0
0.0
0.0
0.0
0.0
0.0
0.0
0.01896542163295022
0.0
0.0
0.0
0.0
0.008214289676665952
0.0
0.0
0.0
0.0
0.0
0.0
0.0
0.0
0.0
0.0
0.0
0.0
0.0
0.0
0.0
0.0
0.0
0.0
0.0
0.0
0.0
0.0
0.0
0.0
0.0
0.04681315660095261
0.0
0.0
0.0
0.0
0.0
0.0
0.0
0.0
0.0
0.0
0.0
0.0
0.0
0.0
0.0
0.0
0.0
0.0
0.0
0.0
0.0
0.0
0.0
0.0027698134405019603
0.0
0.0062649288634115865
0.0
0.0
0.0
0.0
0.0
0.0
0.0
0.0
0.0
0.0
0.0
0.0
0.0
0.007793114113855026
0.0
0.0
0.0
0.0
0.0
0.0
0.0
0.0
0.0
0.0
0.0
0.0
0.0
0.0
0.0
0.0
0.0017475577114548127
0.01992369477624153
0.004057703347663992
0.0
0.0
0.0
0.0
0.0
0.0
0.0
0.007423498483819405
0.0
0.0
0.0
0.0
0.0
0.0
0.0
0.0
0.0
0.0
0.0
0.0
0.0
0.0
0.005805261059118804
0.0
0.0
0.0
0.0
0.005539626881003921
0.0
0.0
0.0
0.0
0.0
0.0
0.0
0.0
0.0
0.0
0.0
0.0
0.0
0.012933463930422277
0.0
0.0
0.0
0.0
0.0
0.0
0.0
0.0
0.0
0.0
0.0
0.0
0.0
0.0
0.0
0.0
0.0
0.029280132858963637
0.0
0.0
0.0
0.0
0.0
0.0
0.0
0.0
0.0
0.0
0.0
0.0
0.0
0.0
0.0
0.0
0.0
0.0
0.0
0.0
0.0
0.0
0.0
0.0
0.008012486574866398
0.0
0.0
0.0
0.0
0.0
0.0
0.0
0.0
0.0
0.0
0.0
0.0
0.0
0.0
0.0
0.0
0.0
0.0
0.0
0.008115406695327985
0.0
0.0
0.0
0.0
0.0
0.0
0.0
0.008737788557274065
0.0034951154229096253
0.0
0.0
0.0710408151403778
0.0060455564024002135
0.0027698134405019603
0.0
0.0
0.0
0.006653572454287202
0.0
0.0
0.0
0.0
0.0
0.0
0.0
0.0
0.0
0.0
0.0
0.0
0.0
0.0060455564024002135
0.0
0.028087893960571566
0.0
0.0
0.0
0.0
0.006990230845819251
0.04906014742832391
0.0
0.0
0.0
0.0
0.0
0.00490601474283239
0.0
0.008309440321505882
0.0
0.0
0.0
0.0
0.0
0.0
0.0
0.0
0.0
0.0
0.0
0.0
0.02001974312194335
0.0
0.0
0.0
0.0
0.0
0.0
0.0034951154229096253
0.0
0.0
0.0
0.0
0.0
0.0
0.006653572454287202
0.0
0.0
0.0
0.0
0.0
0.0
0.0
0.0
0.009236545405713099
0.0
0.0
0.0
0.0400394862438867
0.0
0.0
0.0
0.0
0.0
0.0
0.0
0.0277096362171393
0.0
0.0
0.0
0.0
0.0
0.0
0.008815369842902175
0.0
0.0
0.0
0.0
0.0
0.010103259750064205
0.0
0.005539626881003921
0.0
0.0
0.0
0.0
0.0
0.0
0.0
0.0
0.0
0.0
0.0
0.0
0.0
0.0
0.0
0.0
0.0
0.0
0.0
0.0
0.0
0.004517371151956774
0.0
0.0
0.0
0.0
0.0
0.040227992131842784
0.0
0.009034742303913547
0.0
0.0
0.0
0.0
0.0
0.0
0.0
0.0
0.0
0.0
0.0
0.0
0.0
0.0
0.0
0.0
0.0
0.0
0.0
0.0
0.0
0.0
0.02097069253745775
0.0
0.0
0.0
0.0
0.0
0.0
0.0
0.0
0.0
0.0
0.0
0.0
0.0
0.0
0.0
0.0027698134405019603
0.0
0.0
0.0
0.0
0.0
0.0
0.0
0.0
0.0
0.0
0.0
0.0
0.0
0.0
0.0
0.0
0.0
0.0
0.0
0.0
0.0
0.0
0.0
0.0
0.0
0.0
0.0
0.0
0.0
0.0
0.0
0.0
0.0
0.0
0.0
0.0
0.0
0.0
0.0
0.0
0.0
0.0
0.0
0.0
0.0
0.0
0.0
0.0
0.0
0.0
0.0
0.0
0.0
0.0
0.0
0.0
0.006827516788165953
0.0
0.0
0.0
0.0
0.0
0.0
0.0
0.010485346268728876
0.0
0.0
0.0
0.0
0.0
0.0
0.0
0.0
0.008737788557274065
0.0
0.0
0.0
0.0
0.0
0.0
0.0
0.0
0.0
0.0
0.0
0.0
0.004057703347663992
0.0
0.0
0.0
0.0
0.0
0.0
0.0
0.0
0.0
0.0
0.0
0.005805261059118804
0.0
0.0
0.009236545405713099
0.0
0.0
0.0
0.0
0.0
0.0
0.0
0.03984738955248306
0.0
0.0
0.0
0.0
0.0
0.0
0.0
0.0
0.0
0.0
0.0
0.0
0.0
0.0
0.0
0.01623081339065597
0.013655033576331906
0.0
0.005539626881003921
0.0
0.0
0.0027698134405019603
0.0
0.03984738955248306
0.0
0.0
0.0
0.0
0.0
0.0
0.0
0.0
0.0
0.009034742303913547
0.0
0.0
0.0
0.0
0.0
0.0
0.0
0.0
0.0
0.0
0.0
0.0
0.006990230845819251
0.0
0.0
0.0
0.0
0.008115406695327985
0.0
0.0
0.0
0.0
0.0
0.0
0.0
0.0
0.0
0.0
0.0
0.0
0.0
0.0
0.0
0.0
0.0
0.0
0.0
0.0
0.0
0.0
0.0
0.0
0.0
0.0
0.0
0.004057703347663992
0.0
0.019081343650619677
0.0
0.0
0.0
0.0
0.0
0.0
0.0
0.0
0.0
0.0
0.0
0.0
0.0
0.0
0.0
0.00790518557955105
0.0
0.0017475577114548127
0.0
0.0
0.0
0.0062649288634115865
0.0
0.0
0.0
0.0
0.0
0.1014868787719683
0.0
0.0
0.0
0.0
0.0
0.0
0.0
0.0
0.0
0.0
0.0
0.0
0.0
0.0
0.0
0.0
0.0
0.0
0.0
0.0
0.0
0.0
0.0
0.0
0.0
0.0
0.0
0.0
0.0
0.0
0.0017475577114548127
0.0
0.0
0.0
0.0
0.0
0.004057703347663992
0.0
0.0
0.0
0.0
0.0
0.0
0.0
0.0
0.0
0.0017475577114548127
0.0
0.0
0.0
0.0
0.0
0.0
0.0
0.0
0.0
0.0
0.0
0.0
0.0
0.0
0.0017475577114548127
0.0
0.0
0.0
0.0
0.0
0.0
0.0
0.0027698134405019603
0.0
0.0
0.0
0.0
0.0
0.0
0.0
0.0
0.0
0.0
0.0
0.0
0.006653572454287202
0.0
0.026671904759900528
0.04711692947394582
0.0
0.01747557711454813
0.0
0.0
0.0
0.0
0.0
0.026671904759900528
0.0
0.0
0.0
0.0
0.0
0.0
0.0
0.0
0.0
0.0
0.0
0.0
0.0
0.0
0.0
0.0
0.005539626881003921
0.0
0.0
0.0
0.0
0.0
0.0
0.0
0.0
0.0
0.0
0.0
0.0
0.0
0.0
0.0
0.0
0.0
0.0
0.02337934234156508
0.0
0.0
0.0
0.0
0.0
0.0
0.0
0.0
0.0
0.0062649288634115865
0.0
0.0017475577114548127
0.0034951154229096253
0.0
0.0
0.0
0.006827516788165953
0.0
0.0
0.0
0.0
0.0
0.0
0.0
0.0
0.016979204300272225
0.0
0.004057703347663992
0.0
0.0
0.0
0.0
0.0
0.0
0.0
0.0
0.0
0.0
0.0
0.0
0.0
0.0
0.0
0.0
0.0
0.0
0.0
0.009652743291005862
0.0
0.0
0.0
0.0
0.0017475577114548127
0.0
0.006653572454287202
0.0
0.0
0.0
0.0
0.0
0.0
0.0
0.0
0.0
0.0
0.0
0.049314822033913984
0.0
0.0
0.0
0.0017475577114548127
0.0
0.0
0.0
0.0
0.0
0.0
0.0
0.0
0.0
0.0
0.0
0.0
0.0
0.0
0.0
0.0034951154229096253
0.005805261059118804
0.0
0.0
0.0
0.0
0.0017475577114548127
0.0
0.0
0.0
0.0
0.0
0.0
0.0
0.0
0.0
0.0
0.0
0.0
0.0
0.0
0.0
0.0
0.0
0.0
0.0
0.0
0.0
0.005805261059118804
0.0
0.0
0.0
0.0
0.0060455564024002135
0.11163556664916512
0.0
0.0
0.0
0.0
0.0
0.0
0.0
0.0
0.0
0.0
0.0
0.0
0.0
0.0
0.0
0.0
0.0
0.0
0.0
0.0
0.0
0.00490601474283239
0.0
0.0
0.0
0.0
0.0
0.0
0.0
0.1883449223312658
0.0
0.0
0.0
0.0
0.0
0.006653572454287202
0.0
0.0
0.0
0.0
0.0
0.0
0.0
0.0034951154229096253
0.0
0.0
0.0
0.0
0.0
0.0
0.0
0.0
0.0
0.0
0.0
0.0
0.0
0.0
0.0
0.0
0.0
0.04041303900025682
0.0
0.0
0.0
0.0
0.0
0.0
0.0
0.0
0.0
0.0
0.0
0.0
0.0
0.0
0.0
0.0
0.0
0.0
0.0
0.0
0.0
0.014574369184917467
0.0
0.0
0.0
0.0
0.0
0.0060455564024002135
0.0
0.0
0.0
0.0
0.0
0.0
0.0
0.0
0.0
0.0
0.0
0.0
0.0
0.0
0.0
0.0
0.0
0.0
0.0
0.0
0.0027698134405019603
0.0
0.0
0.0
0.0
0.0
0.005805261059118804
0.0
0.005539626881003921
0.0
0.0
0.0
0.0
0.019960717362861608
0.0
0.0
0.0
0.0027698134405019603
0.0
0.0
0.0
0.0
0.008214289676665952
0.0027698134405019603
0.007675828183334351
0.01962405897132956
0.0
0.0
0.0
0.0
0.0
0.0
0.0
0.0
0.0
0.0
0.0
0.0
0.0
0.0
0.0
0.0
0.0
0.0
0.0
0.038827858326840756
0.0
0.0
0.0
0.0027698134405019603
0.0
0.0
0.0
0.0
0.0
0.0
0.0
0.00790518557955105
0.01484699696763881
0.007675828183334351
0.0
0.0
0.0
0.0
0.0
0.0
0.0
0.0
0.0
0.0
0.006990230845819251
0.0
0.0
0.0
0.0
0.0
0.0
0.0
0.0
0.0
0.0
0.0
0.0
0.0
0.0
0.0
0.0
0.0
0.0
0.0
0.0
0.0
0.0
0.0
0.00976004428632121
0.0
0.0
0.0
0.0
0.0
0.0
0.0
0.0
0.0
0.0
0.0
0.0
0.0
0.0
0.0
0.0
0.0
0.0
0.0
0.0
0.0
0.05887217691398869
0.0
0.0
0.0
0.008214289676665952
0.005242673134364438
0.00490601474283239
0.0
0.020113996065921392
0.0
0.0
0.0
0.0
0.0
0.0
0.00490601474283239
0.0
0.0
0.0
0.0
0.013307144908574405
0.0
0.0
0.0
0.0
0.0
0.0
0.0
0.0
0.0
0.0
0.0
0.01715014899924153
0.0
0.0
0.0
0.0
0.0
0.0
0.0
0.0
0.0
0.019400195895633417
0.0
0.0
0.0
0.0
0.0
0.0
0.0
0.0
0.008963718090496384
0.0
0.0
0.019305486582011724
0.0
0.0
0.0
0.0
0.0
0.0
0.0
0.0
0.0
0.0
0.0
0.0
0.0
0.009236545405713099
0.0
0.0
0.0
0.0
0.0
0.0
0.0
0.0
0.0
0.0
0.0
0.008012486574866398
0.008575074499620765
0.0
0.0
0.0
0.0
0.0
0.0
0.0
0.0
0.0
0.0
0.0
0.0
0.0
0.0
0.0
0.0
0.0
0.0
0.009540671825309838
0.0
0.0
0.0
0.0
0.006466731965211138
0.0
0.0
0.0
0.0
0.0
0.0
0.0
0.0
0.0
0.0
0.017781269839933684
0.0
0.08045598426368557
0.008657743966277564
0.0
0.0
0.0
0.0
0.0017475577114548127
0.0
0.0
0.0
0.0
0.0
0.0
0.0
0.0
0.0
0.0
0.0
0.0
0.0
0.0
0.0
0.0
0.0
0.0
0.029738671947041967
0.0
0.0
0.0
0.0
0.0
0.0
0.0
0.0
0.0
0.0
0.0
0.0062649288634115865
0.0
0.0
0.0
0.0
0.0
0.0
0.0
0.0
0.0
0.0
0.0277096362171393
0.0
0.0
0.0
0.0
0.0
0.0
0.0
0.0
0.0
0.0
0.0
0.0
0.0
0.0
0.0
0.010485346268728876
0.0
0.0
0.0
0.019413929163420378
0.0
0.04798665114333957
0.0
0.0
0.0
0.0
0.0
0.0
0.0
0.0
0.0
0.0
0.0
0.0
0.0
0.0
0.0
0.0
0.0
0.0
0.0
0.0
0.008401130165742017
0.0
0.0
0.0
0.0091038204015691
0.0
0.0
0.0
0.0
0.0
0.0
0.0
0.0
0.0
0.0
0.0
0.0
0.0
0.0
0.0
0.0
0.0
0.0
0.0
0.0
0.0
0.0
0.0
0.0
0.0
0.0
0.0
0.0
0.0
0.0
0.0091038204015691
0.0
0.0
0.0
0.0
0.0
0.0
0.0
0.0034951154229096253
0.0
0.0
0.0
0.0
0.0
0.0
0.039651562596055956
0.0
0.0
0.0
0.0
0.0
0.0
0.011610522118237609
0.0
0.0
0.0
0.0017475577114548127
0.0
0.0
0.0
0.0060455564024002135
0.0
0.0
0.0
0.0
0.0
0.0
0.0
0.0
0.0
0.0
0.0
0.0
0.0
0.0
0.0
0.007423498483819405
0.0
0.0
0.0
0.0
0.0
0.0
0.0
0.0
0.0
0.0
0.0
0.0
0.0
0.0
0.0
0.006827516788165953
0.006653572454287202
0.0
0.0
0.0
0.0
0.0
0.0
0.0
0.0
0.0017475577114548127
0.0
0.0
0.0
0.0
0.0
0.0034951154229096253
0.1910829626262532
0.0
0.0060455564024002135
0.0
0.0
0.0
0.038389320914671655
0.0
0.0
0.0
0.0
0.0
0.0
0.0
0.0
0.0
0.0
0.006466731965211138
0.0
0.0
0.0
0.0
0.0
0.0
0.0
0.0
0.0
0.0
0.0
0.0
0.0
0.0
0.0
0.013655033576331906
0.0
0.0
0.0
0.0
0.0
0.0
0.04681315660095261
0.10103259750064207
0.0
0.0
0.0
0.0
0.0
0.0
0.0
0.0
0.0
0.0
0.0
0.0
0.0
0.0
0.049809236940603824
0.018473090811426198
0.0
0.005805261059118804
0.0
0.0
0.044317015048031365
0.0
0.0
0.0
0.0
0.0
0.0
0.0
0.0
0.0
0.0
0.008890634919966842
0.0
0.0
0.0
0.0
0.0
0.06756920303704103
0.005539626881003921
0.0
0.0
0.0
0.0
0.0
0.0
0.0
0.0
0.0
0.0
0.0
0.0
0.0
0.0
0.0
0.0
0.0
0.0
0.0
0.0
0.0
0.01952008857264242
0.0
0.13946586343369072
0.0
0.0
0.0
0.0
0.0
0.0
0.0
0.0
0.03246162678131194
0.0
0.0
0.0
0.006827516788165953
0.0
0.0
0.0
0.0
0.0
0.0
0.0
0.0
0.0
0.0
0.0
0.0
0.0
0.0
0.0
0.0
0.0
0.0
0.0
0.0
0.007675828183334351
0.0
0.0710408151403778
0.0
0.0
0.0
0.0
0.0
0.009362631320190523
0.0
0.009912890649013989
0.0
0.0
0.0
0.0
0.0
0.0
0.0
0.0
0.0
0.0
0.0
0.0
0.0
0.037693543579156656
0.0
0.0
0.0
0.0
0.0
0.0
0.0
0.0
0.0
0.0
0.0
0.0
0.0
0.0
0.0
0.0
0.0
0.0
0.0
0.0
0.0
0.0
0.0
0.0
0.0
0.016618880643011764
0.0
0.0
0.0
0.0
0.0
0.0
0.0
0.0
0.0
0.03323776128602353
0.0072871845924587335
0.0
0.0
0.01623081339065597
0.0034951154229096253
0.0
0.013307144908574405
0.0
0.0
0.012933463930422277
0.04231889481680149
0.0
0.0
0.0
0.0
0.0
0.0
0.0
0.0
0.0
0.0
0.0
0.030446063631590487
0.0
0.0
0.0400394862438867
0.0
0.0
0.0
0.0
0.005539626881003921
0.0
0.0
0.0
0.0
0.0
0.0
0.0
0.008489602150136112
0.008309440321505882
0.0
0.0
0.0
0.0
0.0
0.0
0.0
0.0
0.0
0.0
0.0
0.0
0.0
0.0
0.050049357804858384
0.0
0.0
0.0
0.0
0.0
0.008815369842902175
0.0
0.0
0.0
0.0
0.0
0.0
0.0
0.0
0.0
0.015105637541147235
0.0
0.0
0.0
0.0
0.4059475150878732
0.0
0.0
0.0
0.0
0.030170994098882086
0.0
0.0
0.0
0.0
0.0
0.0
0.0
0.0
0.0
0.0
0.0
0.0
0.0
0.0
0.0
0.0
0.0
0.0
0.0
0.0
0.0
0.0
0.04906014742832391
0.005539626881003921
0.0
0.0
0.0
0.0
0.0
0.0
0.0
0.0
0.0
0.0
0.0
0.0017475577114548127
0.0
0.0
0.0
0.0
0.0
0.0
0.0
0.0
0.0
0.0
0.0
0.0
0.0
0.0
0.01747557711454813
0.0
0.0
0.0
0.0
0.0
0.0
0.0
0.0
0.0
0.0
0.0
0.0
0.0
0.0
0.0
0.0
0.0
0.0
0.0
0.0
0.0
0.0
0.0
0.0
0.0
0.0
0.0
0.0
0.0
0.0
0.0
0.0
0.0
0.0
0.0
0.0
0.0
0.00790518557955105
0.0
0.0
0.0
0.02844813244942533
0.0
0.0
0.0
0.0
0.0
0.0
0.0
0.0
0.007793114113855026
0.0
0.0
0.0
0.0
0.0
0.0
0.008815369842902175
0.0
0.0
0.0
0.0
0.0
0.0
0.0
0.0
0.0
0.0
0.0
0.0
0.0
0.0
0.0
0.0
0.0
0.0
0.0
0.0
0.0
0.008401130165742017
0.0
0.0
0.015586228227710053
0.0
0.0017475577114548127
0.0
0.0
0.0
0.0
0.0
0.0
0.0
0.0
0.027960923383277003
0.0
0.0
0.0
0.020297375754393658
0.0
0.062234444439767896
0.0
0.0
0.0
0.0
0.0
0.0
0.0
0.006466731965211138
0.0
0.0
0.0
0.0
0.0
0.0
0.0
0.0017475577114548127
0.0
0.0
0.0
0.0
0.0
0.0
0.0
0.0
0.0
0.0
0.0
0.0
0.0
0.0
0.0
0.0
0.0
0.0
0.0
0.0
0.0
0.0
0.0
0.0
0.0
0.0
0.0
0.0
0.0
0.0
0.0
0.0
0.0
0.0
0.0
0.0
0.0
0.0
0.0
0.0
0.0
0.0
0.0017475577114548127
0.0
0.005539626881003921
0.0
0.0
0.01715014899924153
0.0
0.0
0.0
0.0
0.0
0.13664062000849697
0.0
0.0
0.0
0.0
0.0
0.0
0.004057703347663992
0.0
0.0
0.0
0.0
0.0
0.0
0.0
0.0
0.0
0.0
0.0
0.0
0.0
0.0
0.0
0.0
0.0
0.0
0.0
0.0
0.0
0.0
0.0
0.0
0.0
0.0
0.0
0.0
0.0
0.032049946299465594
0.0
0.0034951154229096253
0.038162687301239354
0.0
0.018725262640381046
0.0
0.0
0.0
0.0
0.0
0.0
0.0
0.0
0.0072871845924587335
0.005539626881003921
0.0
0.0
0.0
0.0
0.0
0.0
0.0
0.0
0.0
0.0
0.0
0.006827516788165953
0.0
0.0
0.0
0.0
0.0
0.0
0.0
0.0
0.0
0.0
0.004517371151956774
0.0
0.0
0.0091038204015691
0.0
0.0
0.0
0.0
0.0
0.0
0.0
0.0
0.0
0.0
0.0
0.0
0.0
0.0
0.0
0.0
0.0
0.0
0.0
0.0
0.0
0.0
0.0
0.0
0.0
0.0
0.0
0.0
0.0
0.0
0.0
0.0
0.0
0.0
0.0
0.0
0.0
0.0
0.0
0.0
0.0
0.0
0.0
0.0
0.0
0.0
0.0
0.0
0.0
0.01992369477624153
0.0
0.0
0.0
0.0
0.0
0.0
0.0
0.0
0.0
0.0
0.0
0.0
0.0
0.0
0.0
0.0
0.0
0.0
0.0
0.0
0.0
0.012933463930422277
0.0
0.0
0.0
0.0
0.0
0.0
0.0060455564024002135
0.0
0.0
0.0
0.0
0.0072871845924587335
0.0
0.0
0.008489602150136112
0.0
0.005242673134364438
0.0
0.0
0.0
0.0
0.011079253762007841
0.0
0.0
0.0
0.0
0.012933463930422277
0.014574369184917467
0.0
0.005539626881003921
0.0
0.07113405161732253
0.0
0.0
0.0
0.0
0.0
0.0
0.0
0.0
0.0
0.0
0.0
0.0
0.0
0.0
0.0
0.03413758394082977
0.0
0.0
0.0
0.0
0.0
0.0
0.0
0.0
0.0
0.0
0.0
0.0
0.0
0.0
0.0
0.0
0.005242673134364438
0.0
0.0
0.0
0.0
0.0
0.0
0.0
0.0
0.0
0.0
0.0
0.0
0.005805261059118804
0.0
0.0
0.015586228227710053
0.0
0.0277096362171393
0.0
0.005805261059118804
0.0
0.0
0.0
0.0017475577114548127
0.0017475577114548127
0.0
0.0
0.0
0.0
0.0
0.0
0.0
0.008657743966277564
0.0
0.0
0.0
0.005539626881003921
0.0
0.0
0.0461827270285655
0.0
0.0
0.0
0.0
0.0
0.0
0.0
0.0
0.0
0.0
0.0
0.0
0.0
0.0
0.0
0.0
0.0
0.0
0.0
0.0
0.0
0.0
0.0
0.005805261059118804
0.0
0.0
0.0
0.02001974312194335
0.0
0.0
0.0
0.0
0.0
0.0
0.0
0.0
0.0
0.0
0.0
0.0
0.0
0.0
0.0027698134405019603
0.0
0.0
0.0
0.0
0.0
0.0
0.0
0.0
0.0
0.0
0.0
0.0
0.0
0.0
0.0
0.0
0.009171056195274217
0.0
0.0
0.0
0.0
0.0
0.0
0.0
0.0
0.014286154417024058
0.0
0.0
0.0
0.0
0.0
0.0
0.0
0.0
0.0
0.0
0.0
0.0
0.0
0.0
0.0
0.0
0.0
0.0
0.0
0.0
0.0
0.0
0.0
0.0
0.0
0.0
0.014286154417024058
0.0
0.0
0.0
0.0
0.0
0.0
0.006990230845819251
0.0
0.0
0.0
0.0
0.0
0.0
0.0
0.0
0.0
0.0
0.0
0.0
0.0
0.0
0.0
0.0
0.008214289676665952
0.0
0.0
0.0
0.0
0.009362631320190523
0.0
0.0
0.0
0.0
0.0
0.0
0.0
0.0
0.0
0.005805261059118804
0.0
0.0
0.0
0.0
0.0
0.0
0.0
0.02097069253745775
0.0
0.0
0.0
0.0
0.0
0.0
0.0
0.0
0.0
0.0
0.0
0.0
0.0
0.0
0.0
0.0
0.0
0.0
0.0
0.0
0.0
0.0
0.0
0.0
0.0062649288634115865
0.0
0.0
0.0
0.0
0.0
0.03556253967986737
0.0
0.0
0.0
0.0
0.0
0.0
0.0
0.0
0.0
0.0
0.0
0.0
0.0
0.007423498483819405
0.0
0.0
0.0
0.0
0.0
0.0
0.0
0.0
0.036946181622852396
0.0
0.011610522118237609
0.0
0.0
0.0
0.0
0.0
0.0
0.0027698134405019603
0.0
0.0
0.0
0.0
0.0
0.0
0.0
0.0
0.0
0.0
0.0
0.0
0.0
0.0
0.0
0.0
0.0
0.0
0.0
0.0
0.0
0.0
0.0
0.0
0.0
0.0
0.0
0.0
0.0060455564024002135
0.0
0.0
0.010056998032960696
0.0
0.017927436180992767
0.0
0.0
0.0
0.0
0.0
0.0
0.0
0.0
0.0
0.0
0.0
0.0
0.0
0.0
0.0
0.0017475577114548127
0.0
0.0
0.0
0.0
0.0
0.0
0.0
0.0
0.0
0.0
0.0
0.0
0.0
0.0
0.0
0.0
0.0
0.0
0.0
0.0
0.0
0.0
0.0
0.0
0.0
0.0
0.0
0.0
0.0
0.0
0.0060455564024002135
0.0
0.0
0.0
0.0
0.0
0.0
0.0
0.0
0.0
0.0
0.0
0.0
0.0
0.0
0.0
0.0
0.0
0.0
0.0034951154229096253
0.012173110042991975
0.0
0.0
0.0
0.0
0.0
0.004517371151956774
0.0
0.0
0.0
0.0
0.0
0.0
0.0
0.019960717362861608
0.0072871845924587335
0.0
0.0
0.0
0.0
0.0
0.0
0.0
0.00490601474283239
0.006990230845819251
0.0
0.0
0.0
0.0
0.0
0.0
0.0
0.0
0.0
0.0453169126234417
0.0
0.006990230845819251
0.0
0.0
0.0
0.0
0.0
0.0
0.0
0.0
0.0
0.0
0.0
0.0
0.0
0.008115406695327985
0.0
0.0
0.0
0.0
0.0
0.0
0.0
0.0
0.006990230845819251
0.0
0.0
0.0
0.006466731965211138
0.0
0.0
0.0
0.0
0.0
0.0
0.0
0.00981202948566478
0.0
0.0
0.0
0.0
0.0
0.0
0.0
0.0
0.0
0.0
0.0
0.0
0.0
0.0
0.0
0.0
0.008489602150136112
0.0
0.03904017714528484
0.0
0.0
0.0
0.004057703347663992
0.0
0.0
0.0
0.0
0.0
0.007793114113855026
0.0
0.006466731965211138
0.014574369184917467
0.0
0.0
0.0
0.0
0.0
0.0
0.0
0.0
0.0
0.0
0.0
0.0
0.0
0.0
0.0
0.0
0.0
0.0
0.0
0.0
0.0
0.0
0.0
0.0
0.0
0.0
0.0
0.0
0.0
0.0
0.0
0.0
0.0
0.0
0.0
0.0
0.0
0.0
0.0034951154229096253
0.0
0.0
0.024642869029997853
0.0
0.0
0.0
0.0
0.0
0.0
0.0
0.0
0.0
0.0
0.0
0.0
0.0
0.0
0.09133819089477146
0.0
0.0
0.0
0.0
0.0
0.0
0.0
0.0
0.0
0.0
0.0
0.05856026571792727
0.0
0.0027698134405019603
0.0
0.043688942786370324
0.0
0.0
0.0
0.0
0.0
0.0
0.0
0.0
0.0
0.018600752964056864
0.0
0.0
0.0
0.0
0.0
0.0
0.0
0.0
0.0
0.0
0.0
0.0
0.0
0.0
0.0
0.018342112390548435
0.005242673134364438
0.006653572454287202
0.013307144908574405
0.0
0.0
0.0
0.0
0.0
0.0
0.0
0.0
0.0
0.0
0.0
0.0
0.0
0.0
0.0
0.0
0.0
0.029120893745130567
0.0
0.0
0.0
0.0
0.0
0.0
0.0
0.0
0.0
0.0
0.0
0.0
0.0017475577114548127
0.0
0.0
0.0
0.0
0.0060455564024002135
0.0
0.0
0.0
0.0
0.0
0.0
0.0
0.0
0.0
0.0
0.0
0.0
0.0
0.0
0.0
0.008309440321505882
0.0
0.0
0.0
0.0
0.016428579353331904
0.0
0.0
0.0
0.0
0.0
0.0
0.0
0.0
0.0
0.0
0.0
0.0
0.0
0.0
0.0
0.0
0.0
0.0
0.0
0.0
0.0
0.0
0.0
0.00490601474283239
0.0
0.0
0.0
0.0
0.0
0.0
0.0
0.0
0.0
0.0027698134405019603
0.0
0.0
0.0
0.0
0.0
0.0
0.0
0.0
0.0
0.0
0.0
0.0
0.0
0.0
0.0
0.0
0.0
0.0
0.0
0.0
0.0
0.0
0.0
0.0
0.0
0.0
0.0
0.0
0.0
0.0
0.0
0.0
0.0
0.0
0.0
0.0
0.053966162171156296
0.0
0.0
0.0
0.00490601474283239
0.0
0.0
0.0
0.0
0.0
0.03030977925019262
0.0
0.0
0.0
0.0
0.0
0.0
0.0
0.0
0.0
0.0
0.0
0.0
0.0
0.0027698134405019603
0.0
0.0
0.0
0.0
0.0
0.0
0.0
0.008012486574866398
0.009171056195274217
0.0
0.0
0.0
0.0
0.0
0.0
0.0
0.0
0.0
0.0
0.0
0.0
0.0
0.0
0.0
0.0
0.0
0.0
0.0
0.0
0.0
0.0
0.0
0.0
0.0
0.0
0.0
0.0
0.0
0.0
0.0
0.0
0.0
0.0
0.0
0.0
0.0
0.0
0.0017475577114548127
0.0
0.0
0.0
0.0
0.0
0.00976004428632121
0.0
0.009236545405713099
0.0
0.0
0.0
0.0
0.0
0.0
0.00490601474283239
0.0
0.0
0.0
0.0
0.0
0.0
0.0
0.0
0.0
0.0
0.0
0.0
0.0
0.0
0.0
0.0
0.0
0.0
0.0
0.0
0.0
0.0
0.0034951154229096253
0.0
0.0
0.0
0.0
0.0
0.0
0.0
0.0
0.0
0.0
0.0
0.0
0.0
0.01747557711454813
0.0
0.0
0.0
0.0
0.0
0.0
0.0
0.0
0.0
0.0
0.0
0.0
0.0
0.0
0.0
0.010103259750064205
0.0
0.0
0.0
0.0
0.0
0.0
0.0
0.0
0.0
0.0
0.0
0.0
0.0
0.0
0.0
0.007143077208512029
0.0
0.0
0.0
0.019305486582011724
0.0
0.0
0.0
0.005805261059118804
0.0
0.0
0.0
0.0
0.0
0.0
0.0
0.0
0.0
0.0
0.0
0.0
0.0
0.0
0.0
0.0
0.013980461691638501
0.0
0.0
0.0
0.0
0.0
0.0
0.0
0.0
0.0
0.006990230845819251
0.0
0.0
0.00948271081647511
0.0
0.0
0.0017475577114548127
0.0
0.0
0.0
0.0
0.0
0.0
0.0
0.0
0.0
0.0
0.0
0.0
0.011079253762007841
0.0
0.0
0.0
0.0
0.0
0.0
0.0
0.0
0.0
0.0
0.0
0.0
0.0
0.0
0.0
0.0
0.0
0.0
0.0
0.0
0.0
0.0
0.0
0.0
0.0
0.0
0.0
0.0
0.0
0.0
0.0
0.0
0.0
0.0
0.0
0.0
0.0
0.0
0.0
0.0
0.0
0.0
0.0
0.0060455564024002135
0.0
0.0
0.0
0.0
0.0
0.0
0.0
0.0
0.0
0.0
0.0
0.050516298750321036
0.0
0.0
0.0
0.0
0.0
0.0
0.0
0.0
0.0
0.0
0.0
0.0
0.0
0.0
0.0
0.0
0.0
0.02048255036449786
0.0
0.0
0.0
0.0
0.0
0.0
0.0
0.007143077208512029
0.0
0.0
0.0
0.0
0.0
0.0
0.009597330228667914
0.0
0.0
0.0
0.0
0.0
0.0
0.0
0.0
0.0017475577114548127
0.0
0.0
0.0
0.0
0.0
0.0
0.0017475577114548127
0.0
0.008815369842902175
0.0
0.0
0.0
0.0
0.0
0.0
0.0
0.0
0.0
0.0
0.0
0.0
0.009300376482028432
0.0
0.0
0.0
0.0
0.0
0.0
0.0
0.0
0.0
0.0
0.0
0.0
0.0
0.0
0.0
0.0
0.0
0.0
0.0
0.0
0.0
0.004057703347663992
0.0
0.0
0.0
0.0
0.0
0.0
0.0
0.0
0.0
0.0
0.0
0.0
0.0
0.0
0.0
0.0
0.0
0.013980461691638501
0.0
0.0
0.0
0.0
0.0
0.011610522118237609
0.0
0.0
0.0
0.0
0.0
0.0
0.0
0.0
0.0
0.0
0.0
0.0
0.0
0.0
0.0
0.0
0.0
0.0
0.0
0.0
0.0
0.0
0.04906014742832391
0.0
0.0
0.0
0.0
0.004057703347663992
0.0
0.0
0.0
0.0
0.0
0.0
0.0
0.0017475577114548127
0.0
0.0
0.0
0.0
0.0
0.0
0.0
0.0
0.0
0.0
0.0
0.0
0.0
0.0
0.0
0.0
0.0
0.0
0.0
0.0
0.0
0.0
0.0
0.0
0.0
0.0
0.0
0.0
0.0
0.0
0.0
0.0
0.0
0.0
0.0
0.0
0.0034951154229096253
0.0
0.0
0.009597330228667914
0.0
0.0
0.0
0.02001974312194335
0.0
0.0
0.0
0.0
0.0
0.0
0.0
0.0
0.0
0.0
0.0
0.0
0.0
0.0
0.0
0.0
0.0
0.0
0.0
0.0
0.0
0.0
0.0
0.0
0.0
0.0
0.0
0.0
0.0
0.0
0.11516796274401496
0.0
0.0
0.0
0.0
0.0
0.0
0.0
0.0
0.0
0.0
0.0
0.0
0.0
0.0
0.01572801940309331
0.0
0.0
0.0
0.0
0.0
0.0
0.0
0.0
0.0
0.0
0.0
0.0
0.0027698134405019603
0.00790518557955105
0.0
0.0
0.0
0.0
0.0
0.0
0.0
0.0
0.007793114113855026
0.0
0.0
0.0
0.0
0.0
0.0
0.0
0.0
0.0062649288634115865
0.0
0.008737788557274065
0.0
0.0
0.0
0.0
0.0
0.0
0.0
0.0
0.06973293171684536
0.01952008857264242
0.0
0.0027698134405019603
0.005242673134364438
0.19282506966673976
0.0
0.0
0.09092933775057786
0.0
0.010056998032960696
0.0
0.0
0.009597330228667914
0.029436088456994344
0.0
0.0
0.03945185762713119
0.0400394862438867
0.0
0.009706964581710189
0.008401130165742017
0.0
0.0
0.0
0.0
0.0
0.1319329424035588
0.0
0.02001974312194335
0.0
0.0
0.0182076408031382
0.0
0.0
0.0017475577114548127
0.0
0.0
0.0
0.0
0.0
0.0
0.0
0.0
0.0
0.01952008857264242
0.0
0.0
0.0
0.0
0.0
0.0
0.0
0.0
0.004057703347663992
0.0
0.0
0.0
0.02020651950012841
0.0
0.0
0.0
0.0
0.0
0.0
0.0
0.0
0.0
0.038389320914671655
0.019825781298027978
0.0017475577114548127
0.0
0.0
0.0
0.0
0.0
0.0
0.0
0.0017475577114548127
0.0
0.0
0.0060455564024002135
0.0
0.0
0.0
0.0
0.0
0.0158103711591021
0.0
0.0
0.0
0.0
0.0
0.0
0.0
0.0
0.0
0.016024973149732797
0.0
0.0
0.0
0.0
0.0
0.0
0.0034951154229096253
0.0
0.0
0.0
0.0
0.0
0.0
0.0
0.0
0.0
0.0
0.0
0.0
0.0
0.028958229873017587
0.0
0.0
0.0
0.0
0.0034951154229096253
0.0
0.0
0.0
0.0
0.0
0.0
0.0
0.0
0.004517371151956774
0.0
0.0
0.0
0.0
0.0
0.0
0.0
0.0
0.0
0.0
0.0017475577114548127
0.0
0.0
0.0
0.0
0.0
0.0
0.0
0.0
0.0
0.0
0.0034951154229096253
0.0
0.0
0.0
0.0
0.0
0.0
0.0
0.0
0.0
0.0
0.0
0.0
0.0
0.0
0.0
0.0679168172010889
0.0
0.0
0.0
0.0
0.0
0.0
0.0
0.0
0.0017475577114548127
0.0
0.00790518557955105
0.0
0.019413929163420378
0.0
0.0
0.0
0.008309440321505882
0.0
0.0
0.0
0.0
0.0
0.0
0.0
0.0
0.0
0.0
0.0034951154229096253
0.0
0.0
0.0
0.00490601474283239
0.0
0.0
0.0027698134405019603
0.0
0.0
0.0
0.0
0.0
0.0
0.0
0.0
0.050516298750321036
0.0
0.0
0.0
0.0
0.0
0.004057703347663992
0.0
0.0
0.0
0.0
0.0
0.0
0.0
0.0
0.0
0.0
0.0
0.0
0.0
0.0
0.0
0.01962405897132956
0.0
0.0
0.0
0.0
0.0
0.0
0.0
0.0
0.0
0.0
0.0
0.0
0.0
0.0
0.0
0.0
0.0
0.0
0.0
0.0
0.0
0.0034951154229096253
0.0
0.0
0.0
0.0
0.0
0.0
0.0
0.0
0.0
0.0
0.0
0.0
0.0
0.0
0.0
0.029738671947041967
0.005805261059118804
0.0
0.0
0.0
0.0
0.0
0.0
0.0
0.007423498483819405
0.0
0.0
0.0
0.0
0.0
0.0
0.0
0.0
0.0
0.0
0.01623081339065597
0.0
0.0
0.0
0.0
0.0
0.0
0.004057703347663992
0.0
0.0
0.0
0.0
0.0
0.0
0.0034951154229096253
0.0
0.006990230845819251
0.0
0.0
0.0
0.0
0.0
0.0
0.0
0.0
0.0
0.0
0.0
0.0
0.0
0.0
0.0
0.0
0.0
0.0
0.008214289676665952
0.0
0.0
0.0
0.0
0.0
0.0
0.0
0.0
0.0
0.0
0.0
0.0
0.0
0.0
0.0
0.0
0.0
0.0
0.0
0.0
0.007675828183334351
0.0
0.0
0.0
0.0
0.0034951154229096253
0.0
0.0
0.0
0.0
0.0
0.0
0.0
0.0
0.0
0.0
0.0
0.0
0.0
0.009423385894789164
0.0
0.0
0.0
0.0
0.0
0.0
0.0
0.0
0.0
0.0
0.0
0.007552818770573617
0.0
0.0
0.0
0.00790518557955105
0.0
0.0
0.0
0.0
0.0
0.0017475577114548127
0.0
0.0
0.0
0.0
0.0
0.0
0.025973231898832695
0.029148738369834934
0.0
0.0
0.01355211345587032
0.0
0.0
0.0
0.0
0.0
0.0
0.0
0.0
0.0
0.0
0.0
0.0
0.0
0.0
0.0
0.0
0.0
0.0
0.0
0.0
0.0
0.0
0.0
0.0
0.0
0.0
0.0
0.0
0.0
0.0
0.02434622008598395
0.0
0.0
0.0
0.0
0.0
0.0
0.0
0.015105637541147235
0.0
0.0
0.0
0.009300376482028432
0.0
0.040227992131842784
0.0
0.0
0.03360452066296807
0.0
0.0
0.0
0.0
0.0
0.0
0.0
0.0
0.0
0.0
0.0
0.0
0.0
0.0
0.0
0.018600752964056864
0.0
0.0
0.0
0.0
0.0
0.0
0.0
0.0
0.0
0.00490601474283239
0.012529857726823173
0.0
0.0
0.0
0.0
0.0
0.0
0.0
0.0
0.0
0.0
0.0
0.0
0.0
0.0
0.0
0.03285715870666381
0.024037459724599194
0.0
0.0
0.0
0.0
0.0
0.0
0.0
0.0
0.0
0.0
0.0
0.0
0.008309440321505882
0.0
0.0
0.013307144908574405
0.0
0.0
0.0
0.0
0.010009871560971675
0.0
0.0
0.029588893220348387
0.0
0.009300376482028432
0.0
0.0
0.0
0.028087893960571566
0.0
0.0
0.0
0.0
0.060892127263180974
0.0
0.0
0.0
0.0
0.0
0.0
0.009236545405713099
0.0
0.0
0.0
0.0
0.0
0.0
0.0
0.0
0.0
0.0
0.0
0.3349066999474954
0.0
0.0
0.0
0.0
0.0
0.0
0.0
0.0
0.0
0.0
0.0
0.0
0.0
0.0
0.0
0.0
0.0
0.1014868787719683
0.0
0.0
0.0
0.0
0.007552818770573617
0.0
0.0
0.0017475577114548127
0.0
0.0
0.009362631320190523
0.0
0.0
0.0
0.0072871845924587335
0.0
0.0
0.0
0.03904017714528484
0.0
0.018846771789578328
0.0
0.009423385894789164
0.009912890649013989
0.0
0.0
0.0
0.0
0.0
0.0
0.008012486574866398
0.004057703347663992
0.0
0.009423385894789164
0.0
0.0
0.005242673134364438
0.0
0.0
0.0
0.0
0.0
0.0
0.0034951154229096253
0.0
0.0
0.0
0.0
0.0
0.0
0.0
0.0
0.0
0.0
0.08921601584112591
0.0
0.0
0.0
0.0017475577114548127
0.0
0.0
0.0
0.0
0.0
0.016802260331484034
0.03030977925019262
0.0
0.0
0.0
0.009912890649013989
0.0
0.0
0.0
0.0
0.0
0.0
0.0
0.0
0.0
0.0
