0.019891845576907798
0
0
0
0
0.0
0.005375535636856807
0
0.0
0
0
0.005375535636856807
0
0.0
0
0
0
0
0
0
0
0.008520022405708257
0.0
0
0
0
0
0
0.09635546839710936
0
0
0.0
0
0
0
0
0
0
0
0
0
0
0
0
0
0
0
0
0
0
0
0
0
0
0
0
0
0.0
0
0.019891845576907798
0
0
0
0.0
0.0
0
0
0
0
0
0
0
0
0.021972302167469177
0
0
0
0
0
0
0
0
0.025267381213764605
0
0
0.07294970550094247
0
0
0
0
0
0
0
0
0.013895558042565065
0
0
0
0
0
0
0
0.09298148974627009
0
0
0.0
0
0
0
0.022834885731300516
0
0
0
0.015091036428826015
0
0
0
0
0
0
0
0
0
0
0
0.01248160722028605
0
0
0
0
0
0
0
0
0
0
0
0
0
0
0
0
0
0
0
0
0
0
0
0
0
0
0
0
0
0.0249632144405721
0
0.017040044811416515
0.01248160722028605
0
0
0
0
0.0
0.008520022405708257
0
0
0
0
0
0
0
0
0.01248160722028605
0
0
0
0
0
0
0
0
0
0
0
0
0
0
0
0
0
0
0
0
0
0
0
0
0.0
0.010751071273713613
0
0
0
0.010751071273713613
0
0
0
0
0
0
0
0
0
0
0.022834885731300516
0.02431656850031416
0
0
0.018596297949254017
0.010751071273713613
0
0
0.005375535636856807
0
0
0
0
0
0
0
0
0
0
0
0
0
0
0
0
0.0
0.017857142857142856
0.02584210770253963
0
0
0.010751071273713613
0
0
0
0.0
0
0
0
0
0
0.017040044811416515
0
0
0
0
0
0
0
0
0
0.024646629316278677
0
0.019271093679421872
0
0
0
0.005375535636856807
0
0
0
0
0
0
0
0
0
0
0
0
0
0
0
0
0
0.019891845576907798
0
0
0
0
0
0
0
0
0
0.0
0
0
0
0
0
0.037192595898508034
0
0
0
0
0
0
0
0
0
0
0
0
0
0
0
0
0
0
0
0
0
0
0.026877678184284038
0.041686674127695195
0
0
0
0
0
0
0
0
0
0
0
0
0
0
0
0
0
0
0
0
0.11985916793055412
0
0
0
0.40027832687161174
0
0
0
0
0
0
0
0
0
0
0
0.0
0
0
0
0
0
0.05168421540507926
0
0
0
0
0
0.04200325925198862
0.06300488887798293
0.015091036428826015
0
0
0
0
0
0
0
0
0
0
0.02046657206568282
0
0
0
0
0
0
0
0.02779111608513013
0
0
0
0
0
0
0
0.01248160722028605
0
0
0
0
0
0.05578889384776205
0
0
0
0
0
0
0.01248160722028605
0
0
0
0
0
0
0.05721642826171295
0
0
0
0
0
0
0
0
0
0
0
0
0
0
0
0
0.008520022405708257
0
0
0.008520022405708257
0
0
0
0
0
0
0
0
0
0
0
0
0
0
0
0
0
0
0
0
0.019271093679421872
0
0.24613054023893385
0.12135500030971562
0
0
0
0.06158128105717104
0
0.044831160896546644
0
0
0.026631458818469154
0
0
0
0
0
0.024646629316278677
0
0
0
0
0
0
0.01612660691057042
0
0
0
0
0
0
0
0
0
0
0
0
0
0
0
0
0
0
0
0
0
0
0
0
0.022834885731300516
0
0.017040044811416515
0
0
0.04394460433493835
0
0
0
0
0.12431162067816028
0
0
0
0
0
0.017040044811416515
0.0249632144405721
0.026631458818469154
0
0
0
0
0
0.3121764333939644
0.7147918188994216
0.01612660691057042
0
0.019891845576907798
0.04093314413136564
0
0
0.12431162067816028
0
0
0
0
0
0
0.03408008962283303
0
0
0
0
0
0
0
0
0
0
0
0
0.02046657206568282
0
0
0
0.029521652031702567
0
0
0
0
0
0
0
0
0.11519884690855253
0.017857142857142856
0.02046657206568282
0
0.0249632144405721
0
0
0.01248160722028605
0
0
0
0
0
0
0
0
0
0
0
0
0
0
0
0
0
0
0
0
0
0
0
0
0
0
0
0
0
0
0
0
0
0
0
0
0
0
0
0
0
0
0
0
0
0.010751071273713613
0
0
0
0
0
0
0
0
0
0
0
0
0
0
0.015091036428826015
0
0
0
0
0
0
0
0
0
0
0
0
0
0
0
0
0
0
0
0
0
0.008520022405708257
0
0
0
0
0
0
0
0
0
0
0
0
0
0
0
0
0
0
0
0
0
0
0
0
0
0
0
0.05357142857142857
0
0
0
0
0
0
0
0
0
0
0.01248160722028605
0
0
0
0
0
0
0
0
0
0.01612660691057042
0
0.02046657206568282
0
0
0.008520022405708257
0
0
0
0
0
0
0
0
0
0.030492324573177434
0
0
0
0
0
0
0.024646629316278677
0
0.021502142547427227
0
0
0
0
0
0
0.019271093679421872
0
0.13939607096399798
0
0
0
0
0.022834885731300516
0
0
0
0
0
0
0
0
0
0
0
0
0.005375535636856807
0
0
0
0
0
0
0
0
0
0
0
0
0
0
0
0
0
0
0
0
0
0
0
0.028608214130856475
0
0
0
0
0
0
0
0.27842042568583425
0.09101625023228671
0
0
0
0.07393988794883603
0
0
0
0
0
0
0
0
0
0
0.02431656850031416
0
0.025267381213764605
0
0
0
0
0
0
0
0
0
0
0
0
0
0
0.04929325863255735
0
0
0
0
0
0
0
0
0
0
0
0.05112013443424955
0
0
0
0
0.08695978341417324
0
0
0
0
0
0
0
0
0.026877678184284038
0.023611058834534272
0.05326291763693831
0
0.05642084273631465
0.35844436743845687
0.005375535636856807
0
0
0
0
0
0
0.022415580448273322
0
0
0
0
0
0
0
0
0.008520022405708257
0
0
0
0.022415580448273322
0
0
0
0
0
0
0
0
0
0
0
0
0
0.013895558042565065
0
0
0
0
0
0
0.008520022405708257
0
0
0
0
0
0
0
0
0
0
0
0
0
0
0
0
0
0
0
0
0
0
0
0
0
0
0
0
0
0
0
0
0
0
0
0
0
0.0249632144405721
0
0
0
0
0
0
0.019271093679421872
0
0
0
0
0
0
0
0
0
0
0
0
0.04929325863255735
0
0
0
0
0
0
0
0
0
0
0
0
0.005375535636856807
0.005375535636856807
0
0
0
0
0
0
0
0.05971778064056134
0
0
0
0
0
0
0
0
0
0
0
0
0
0
0
0
0
0
0
0
0
0
0
0
0.04566977146260103
0
0
0
0
0
0
0
0
0
0
0
0
0
0
0.01612660691057042
0.013895558042565065
0
0
0
0
0
0
0
0
0
0
0
0
0.3746117200727572
0
0
0
0.21852350337577506
0
0.027347837804325984
0
0
0
0
0.026114249962481358
0
0
0
0
0
0.08750723869176358
0
0
0
0.01248160722028605
0
0
0
0
0
0
0
0
0
0
0
0
0
0
0
0
0
0
0
0
0
0
0
0
0
0.019271093679421872
0
0
0
0
0
0
0
0
0
0
0
0
0
0
0
0
0
0
0
0
0
0
0.019891845576907798
0
0
0
0
0.0
0
0
0
0.013895558042565065
0.01612660691057042
0
0
0
0.005375535636856807
0
0
0
0
0
0
0
0
0
0
0
0
0
0
0
0
0
0
0
0
0
0
0
0
0
0
0
0
0
0
0.05168421540507926
0.03018207285765203
0
0
0
0
0
0
0
0
0
0
0
0
0
0
0
0.10714285714285714
0
0
0
0.005375535636856807
0
0
0
0
0
0
0
0.010751071273713613
0
0
0
0
0
0
0
0
0
0.0958873343444433
0.019891845576907798
0.41330312844383593
0
0.028210421368157323
0
0
0.6199546926657539
0
0
0.038542187358843745
0
0
0
0
0
0
0
0
0
0
0
0
0
0
0
0
0
0
0.05904330406340513
0
0.2985889032028067
0
0.04200325925198862
0
0
0
0
0.010751071273713613
0
0
0
0
0
0
0
0
0.04200325925198862
0
0
0
0
0.02046657206568282
0
0
0
0.021502142547427227
0
0
0
0
0
0.40027832687161174
0
0
0
0
0
0
0
0
0
0
0.005375535636856807
0
0
0
0
0
0
0
0
0
0
0
0
0
0
0
0
0
0
0
0
0
0
0
0.005375535636856807
0.019271093679421872
0
0
0
0
0
0
0
0
0
0
0
0
0
0
0
0
0.030338750077428905
0
0
0
0
0.04863313700062832
0
0
0.015091036428826015
0
0
0
0
0
0
0
0
0
0
0
0
0
0
0
0
0.18013298971881292
0
0
0.02779111608513013
0
0
0
0
0
0
0
0
0
0
0.01248160722028605
0.01248160722028605
0
0
0.005375535636856807
0
0
0
0
0
0
0
0
0
0
0
0
0
0
0
0
0
0
0
0
0
0
0
0.015091036428826015
0
0
0
0
0
0
0
0
0
0
0
0
0
0
0
0
0
0.0
0.013895558042565065
0
0
0
0
0
0
0
0.01612660691057042
0
0
0
0
0
0
0
0.028210421368157323
0.025267381213764605
0
0
0
0
0
0
0
0
0
0
0
0
0
0.005375535636856807
0
0
0
0
0
0
0
0
0
0
0
0
0
0
0
0
0
0
0
0.0
0
0
0
0
0
0
0
0
0
0
0
0
0
0
0.017857142857142856
0
0
0
0.0249632144405721
0
0
0
0
0
0
0
0
0
0
0
0
0
0
0
0
0
0
0
0
0
0
0
0
0
0
0
0
0
0
0
0
0
0
0
0
0
0.026631458818469154
0
0.029347369222967632
0.044831160896546644
0
0
0
0
0
0
0
0.37293486203448084
0
0
0
0
0
0
0
0.07191550075833247
0
0
0
0
0
0
0
0
0
0
0
0
0.05326291763693831
0
0
0
0
0
0
0
0
0
0.019891845576907798
0
0.05833815912784238
0
0.05326291763693831
0
0
0
0
0.005375535636856807
0
0
0
0
0
0
0
0
0
0
0
0
0
0
0
0
0.01248160722028605
0
0
0
0
0
0
0
0
0
0
0
0
0
0
0.019271093679421872
0.019271093679421872
0
0
0
0
0.027572643649112067
0
0
0
0
0
0
0
0
0
0
0
0
0
0
0
0
0
0
0
0
0
0
0
0
0
0
0
0
0
0
0
0
0
0.030492324573177434
0
0
0
0
0
0
0
0
0
0
0
0
0
0
0
0
0
0.0
0
0
0
0
0
0
0
0
0
0
0
0
0
0
0
0
0
0
0
0
0
0
0
0
0
0
0
0
0
0
0
0
0
0
0
0
0
0
0
0
0
0
0
0
0
0
0
0
0
0
0
0
0
0.024646629316278677
0
0
0
0.005375535636856807
0
0
0
0
0
0
0
0
0
0
0
0
0
0
0
0
0
0
0
0
0
0
0
0
0
0
0
0
0
0
0.02046657206568282
0
0.022834885731300516
0
0
0
0.005375535636856807
0
0
0
0
0
0
0
0.010751071273713613
0.02779111608513013
0
0
0
0
0
0
0
0
0
0
0
0
0
0
0
0
0
0
0
0
0
0
0
0
0
0
0
0
0
0
0
0
0
0
0
0
0.0
0
0
0
0
0
0
0
0
0
0
0.025560067217124775
0
0
0
0
0
0
0
0.01612660691057042
0
0
0
0
0
0
0
0
0
0
0
0.018596297949254017
0
0
0
0
0
0
0
0
0.03571428571428571
0
0
0
0
0
0
0
0
0
0.026631458818469154
0.022415580448273322
0
0.01612660691057042
0.019271093679421872
0.02431656850031416
0
0
0
0.008520022405708257
0
0
0.005375535636856807
0
0
0
0
0
0
0
0
0
0
0
0
0
0
0
0
0
0
0.07956738230763119
0
0
0
0
0
0
0
0
0
0
0
0
0
0
0
0
0
0
0
0
0
0
0.03571428571428571
0
0
0
0
0
0
0
0
0
0
0
0
0
0
0
0
0
0
0
0
0
0
0
0
0
0
0
0
0
0
0
0
0.0
0
0
0
0
0
0
0
0
0
0
0
0.0
0
0
0
0
0
0
0
0
0
0
0
0
0
0.02431656850031416
0
0
0.07393988794883603
0
0.30022164953135483
0
0
0
0
0
0
0
0
0
0
0
0
0.052228499924962715
0
0
0.028003602215482055
0
0
0
0
0
0.008520022405708257
0
0
0.030022164953135484
0
0
0
0
0
0
0
0
0
0
0
0
0
0.05112013443424955
0
0
0.013895558042565065
0
0
0
0
0
0
0
0
0.008520022405708257
0
0
0
0
0
0
0
0
0
0
0.015091036428826015
0
0
0
0
0.02046657206568282
0
0
0
0
0
0
0
0.09726627400125663
0
0
0
0
0.021502142547427227
0
0
0
0
0
0.017040044811416515
0
0.02584210770253963
0
0
0
0.028608214130856475
0
0
0
0.05112013443424955
0
0
0
0.40316517276426056
0
0.010751071273713613
0
0
0
0
0
0
0
0
0
0.005375535636856807
0
0
0
0
0
0
0
0
0.017040044811416515
0
0
0
0
0
0
0
0.0
0
0
0
0
0
0
0
0
0
0
0
0
0
0.11364747193046422
0
0.0
0
0
0
0
0
0
0
0
0
0
0.023232678493999664
0
0
0
0
0
0
0
0
0
0
0
0.008520022405708257
0
0
0
0
0
0
0
0
0
0
0
0
0.0
0
0.06004432990627097
0
0
0.01248160722028605
0
0
0
0
0
0
0
0
0
0.057599423454276266
0
0
0
0
0
0
0
0
0
0
0
0
0
0
0
0
0
0.024646629316278677
0
0
0
0
0.0
0
0
0.07083317650360282
0
0
0
0
0
0.01612660691057042
0
0
0.023232678493999664
0
0
0
0
0
0
0
0
0
0
0
0
0
0
0
0
0
0
0
0
0
0
0
0
0
0
0
0
0
0
0
0
0
0
0.025560067217124775
0
0.005375535636856807
0
0
0.03225321382114084
0
0
0
0.010751071273713613
0
0
0
0
0
0
0
0
0
0
0.11876841654868386
0
0.018596297949254017
0
0
0.02985889032028067
0
0
0.46616857754310104
0
0
0.05112013443424955
0
0
0
0.04093314413136564
0
0
0
0
0
0
0
0
0
0
0
0
0
0
0
0
0.0
0
0
0
0
0
0
0
0
0
0
0
0
0
0
0
0
0
0.021502142547427227
0
0
0
0
0
0
0
0
0
0
0
0
0
0
0
0
0
0
0
0
0
0
0
0
0
0
0
0
0
0
0
0
0
0
0
0
0
0
0
0.01612660691057042
0
0
0
0
0
0
0
0
0
0
0
0
0
0.008520022405708257
0
0
0
0
0
0
0
0
0
0
0
0
0.026114249962481358
0
0
0.3146903554394212
0.15336040330274864
0
0.0775263231076189
0
0
0
0
0
0
0
0
0
0.010751071273713613
0
0.14584539781960595
0
0
0
0
0.05053476242752921
0
0
0
0
0
0
0
0
0
0
0
0
0
0
0
0.04929325863255735
0
0
0.08063303455285212
0
0
0
0
0
0
0.20159798208996693
0
0
0
0
0
0
0.010751071273713613
0
0
0
0
0
0
0
0
0
0
0
0
0
0
0
0
0
0
0.019271093679421872
0
0
0.022834885731300516
0
0
0
0
0
0
0.01248160722028605
0.017040044811416515
0
0
0
0
0
0
0.023232678493999664
0
0
0
0
0
0
0
0
0
0
0
0
0
0.09192875055186425
0
0
0
0
0
0
0
0
0
0
0
0
0
0
0
0
0
0
0
0
0
0
0
0
0
0
0
0
0
0
0
0
0
0
0
0
0
0
0
0
0.07083317650360282
0
0
0
0
0
0
0
0
0
0
0
0
0
0
0
0
0
0
0
0.12008865981254194
0
0
0
0
0
0
0.022415580448273322
0
0
0
0.0
0
0
0
0
0
0
0
0
0
0
0.005375535636856807
0
0
0.04929325863255735
0
0
0
0
0
0
0
0
0
0
0
0
0
0
0
0
0
0
0
0
0
0.019891845576907798
0
0
0
0
0
0.026877678184284038
0
0
0
0.1873058600363786
0
0
0
0
0
0
0
0
0
0.0985865172651147
0.008520022405708257
0
0
0
0
0
0
0
0
0
0
0.0863991351814144
0.015091036428826015
0.010751071273713613
0
0
0
0
0
0
0
0
0
0
0
0
0
0
0
0
0
0
0
0.005375535636856807
0
0
0
0
0.03079064052858552
0
0
0
0
0
0
0
0.053755356368568076
0.02431656850031416
0.023232678493999664
0
0
0
0
0.019271093679421872
0
0
0
0
0
0
0
0
0.06591690650240753
0
0
0.21553448370009864
0
0
0
0
0
0
0
0.028411867982616055
0
0
0
0
0
0
0
0
0
0
0
0
0.18646743101724042
0
0
0
0
0
0.008520022405708257
0
0.013895558042565065
0
0
0
0
0
0
0
0
0
0.03225321382114084
0
0
0
0
0
0
0
0
0
0
0
0.21654921997787108
0
0.02779111608513013
0.03225321382114084
0
0
0
0
0
0
0
0
0
0
0
0
0
0
0
0.019271093679421872
0
0
0.02046657206568282
0
0
0
0
0
0
0
0
0
0
0
0
0
0
0
0
0
0
0
0
0
0
0
0
0
0
0
0
0
0
0
0.019891845576907798
0
0
0
0
0
0
0
0
0
0.017040044811416515
0
0.04794366717222165
0.0
0
0
0
0.024646629316278677
0
0
0
0
0
0
0
0
0
0
0.008520022405708257
0.01248160722028605
0
0
0.02100162962599431
0
0
0
0.005375535636856807
0
0.01612660691057042
0
0
0
0
0
0
0
0
0
0
0
0
0
0
0
0
0
0
0
0
0
0
0
0
0
0
0
0
0
0
0
0
0
0
0
0
0
0
0
0
0
0
0
0
0
0
0
0
0
0
0.05682373596523211
0
0
0
0
0
0
0
0.09192875055186425
0
0
0
0
0.0
0
0
0
0
0
0
0
0
0.010751071273713613
0
0.0499264288811442
0
0
0
0
0
0
0
0.3370720853568356
0
0
0
0
0
0
0.07191550075833247
0
0
0
0
0
0
0
0
0
0
0.028003602215482055
0
0
0
0
0.021502142547427227
0
0
0
0
0
0
0
0
0
0
0
0.023611058834534272
0
0
0
0
0
0.01612660691057042
0
0
0
0
0
0.005375535636856807
0
0.0
0
0
0
0
0
0
0
0
0.20543158456077343
0.0
0
0
0
0
0
0
0
0
0
0
0
0
0
0
0.04863313700062832
0
0
0
0
0
0.038542187358843745
0
0
0
0
0
0.9053116568424967
0
0
0
0
0
0
0
0
0
0
0
0.09192875055186425
0
0
0
0
0
0
0
0
0
0
0
0
0
0
0
0
0
0
0
0.027572643649112067
0
0
0
0.023611058834534272
0
0
0
0
0
0
0
0
0
0
0
0
0
0
0
0
0
0
0
0
0.08204351341297796
0
0
0
0
0
0
0
0
0
0
0
0
0
0
0
0
0
0
0
0
0
0
0
0
0
0.02046657206568282
0.03571428571428571
0.027347837804325984
0.02898659447139108
0
0
0
0
0
0
0
0
0.02046657206568282
0
0
0
0
0
0
0
0
0
0
0
0.04200325925198862
0
0
0
0
0
0
0
0
0
0
0
0
0
0
0
0
0
0
0
0
0.044831160896546644
0
0
0
0
0
0.005375535636856807
0
0
0
0
0.0827179309473362
0
0
0
0
0
0
0
0
0
0
0
0
0
0.010751071273713613
0
0.01612660691057042
0.026114249962481358
0
0
0
0
0
0
0
0
0
0
0
0
0
0
0
0
0
0
0
0
0
0.029692104137170966
0
0
0
0
0
0
0
0
0
0
0.008520022405708257
0
0.010751071273713613
0
0.01248160722028605
0.008520022405708257
0
0
0.030338750077428905
0
0
0
0
0
0
0.01248160722028605
0
0
0.021502142547427227
0
0
0
0
0
0
0
0
0
0
0.017857142857142856
0
0
0
0
0
0
0
0
0
0
0.024646629316278677
0
0.22740643092388144
0.008520022405708257
0
0
0
0
0
0.05275433052570223
0
0
0.02779111608513013
0
0
0
0
0
0
0
0.024646629316278677
0
0.6867881534667216
0
0
0
0
0
0
0
0
0
0
0
0
0
0
0
0
0
0
0
0
0
0
0
0
0
0
0
0
0
0.21344627201224203
0
0
0
0
0
0.02046657206568282
0
0
0
0
0
0
0
0
0
0.010751071273713613
0
0
0
0
0
0.017040044811416515
0
0
0
0.008520022405708257
0
0
0
0
0
0.06215581033908014
0
0
0.026877678184284035
0
0
0
0
0
0
0
0
0
0
0
0
0
0
0
0
0
0
0.11207790224136661
0
0
0.022834885731300516
0
0
0.018596297949254017
0
0
0
0
0
0
0
0
0
0
0.0863991351814144
0
0
0
0
0.021502142547427227
0
0
0
0
0
0
0
0
0
0
0
0
0.051120134434249544
0.005375535636856807
0
0
0
0.02046657206568282
0
0
0
0
0
0
0
0
0.025267381213764605
0
0.047222117669068545
0.06036414571530406
0
0
0
0
0
0
0
0
0
0
0
0
0
0
0
0
0
0
0
0.02985889032028067
0
0
0
0
0
0
0
0
0
0
0
0.02431656850031416
0.022834885731300516
0.023611058834534272
0.023971833586110824
0
0
0
0
0
0
0
0
0
0
0.022415580448273322
0
0
0
0
0.028003602215482055
0.010751071273713613
0
0
0
0
0
0
0
0
0
0
0
0
0
0
0
0
0.030022164953135484
0.017040044811416515
0.015091036428826015
0.09726627400125663
0
0
0
0
0
0
0
0
0
0
0
0
0
0.04863313700062832
0
0
0.027347837804325984
0
0.06036414571530406
0
0
0
0.025267381213764605
0
0
0
0.09280680856194475
0
0
0
0
0
0
0
0
0
0.008520022405708257
0
0.02046657206568282
0
0
0
0
0
0
0
0
0
0
0
0.13188582631425558
0
0.07668020165137432
0
0
0
0
0
0
0
0.039783691153815595
0
0
0
0
0
0
0
0
0.11029057459644827
0
0
0.05938420827434193
0
0
0
0
0
0
0
0.03408008962283303
0
0
0
0
0
0
0
0
0
0
0.026877678184284038
0
0
0
0
0
0
0
0
0
0
0
0
0
0
0
0
0
0
0
0
0
0
0.0
0
0
0
0.058694738445935264
0
0
0.010751071273713613
0
0.05967553673072339
0
0
0
0
0
0
0.008520022405708257
0
0
0
0.05469567560865197
0
0.12374241141592633
0
0
0
0
0.02431656850031416
0
0
0
0
0
0
0
0
0
0
0
0.017040044811416515
0
0
0
0
0
0
0.026631458818469154
0.24393859658541947
0
0
0
0
0.010751071273713613
0
0
0
0
0
0
0.019271093679421872
0
0
0
0
0
0
0
0
0
0
0.05682373596523211
0
0
0
0
0
0
0
0
0.005375535636856807
0
0
0.04200325925198862
0
0.02046657206568282
0
0
0
0
0
0.02985889032028067
0
0.14760826015851283
0.005375535636856807
0
0
0
0.021502142547427227
0
0
0
0
0
0
0
0
0
0
0
0
0
0
0
0
0
0
0
0.028003602215482055
0
0
0.02779111608513013
0
0
0
0
0
0.010751071273713613
0
0
0.021502142547427227
0
0
0
0
0
0
0
0
0
0
0
0
0
0
0.019891845576907798
0
0
0
0.028003602215482055
0
0
0
0
0
0
0
0
0
0.028608214130856475
0
0
0
0
0.24393859658541947
0
0
0
0
0
0
0
0
0
0
0
0
0
0
0
0
0
0.01612660691057042
0
0
0
0
0
0
0
0
0
0
0
0
0.022834885731300516
0
0
0
0
0
0
0
0
0
0
0
0
0
0
0
0
0
0
0
0.17391956682834647
0
0
0.051120134434249544
0
0.02100162962599431
0
0
0
0.008520022405708257
0
0
0
0.371227234247779
0
0
0
0
0
0.05904330406340513
0
0
0
0
0
0
0
0
0
0
0
0
0
0
0
0
0.01612660691057042
0
0.05682373596523211
0
0
0
0
0
0
0
0
0
0
0
0
0
0
0.028799711727138133
0.27970114652586064
0
0
0
0
0
0
0
0
0
0
0
0
0
0
0.1838575011037285
0.08523560394784817
0
0.05357142857142857
0
0
0
0
0
0
0
0
0
0
0
0.01612660691057042
0
0.08204351341297796
0
0
0
0
0
0.14846052068585483
0
0
0
0
0
0
0
0
0
0
0
0
0
0.021502142547427227
0.005375535636856807
0
0
0
0
0
0
0
0.06004432990627097
0
0.367715002207457
0
0
0
0
0
0
0
0
0
0
0
0
0.04200325925198862
0
0
0
0
0
0
0
0
0
0
0
0
0
0
0
0
0
0
0
0
0.023611058834534272
0
0.3121764333939644
0
0.05642084273631465
0
0
0
0.028799711727138133
0
0.06098464914635487
0
0
0
0.021502142547427227
0.05053476242752921
0
0
0
0
0
0
0
0
0
0
0
0
0
0
0
0
0
0
0
0
0
0
0
0.0
0
0
0
0
0
0
0
0
0
0
0
0
0
0
0
0
0
0
0
0
0
0.044831160896546644
0
0
0
0
0
0
0
0
0.09945922788453898
0
0
0
0
0.026377165262851113
0
0
0
0
0
0
0
0.21852350337577506
0
0
0.12316256211434208
0
0
0.02779111608513013
0
0
0
0
0
0
0
0
0
0
0.1022402688684991
0
0.06036414571530406
0
0
0
0.010751071273713613
0
0
0
0
0
0
0
0.013895558042565065
0.21553448370009864
0
0
0.05326291763693831
0
0
0
0
0
0
0
0
0
0
0
0.1829539474390646
0.023232678493999664
0
0
0
0
0.8428763701637039
0
0
0
0
0.1546780142699079
0.02779111608513013
0
0
0
0
0
0
0
0
0
0
0
0
0
0
0
0
0
0
0
0
0
0.18109243714591217
0
0
0
0
0
0
0
0
0
0
0
0
0
0
0
0
0
0
0
0
0
0
0
0
0
0
0
0.08063303455285212
0
0
0
0
0
0
0
0.0
0
0.0
0
0
0
0
0
0
0
0
0
0
0
0
0
0
0.010751071273713613
0
0
0
0
0
0
0
0
0
0
0
0
0.02431656850031416
0
0
0
0.05833815912784238
0
0.0
0
0.0249632144405721
0
0
0.017857142857142856
0
0.023971833586110824
0
0
0
0
0
0
0.08134896106488683
0
0
0
0.04093314413136564
0
0
0
0
0
0
0
0
0
0
0
0
0
0
0
0.10846528141984911
0
0.02584210770253963
0.01612660691057042
0
0.023971833586110824
0
0
0
0
0
0
0
0
0
0
0.021502142547427227
0
0
0
0.1873058600363786
0.10714285714285714
0.21878270243460787
0
0
0
0
0.01248160722028605
0
0
0.019891845576907798
0
0
0
0
0
0
0
0
0
0
0
0
0
0.039783691153815595
0
0
0.010751071273713613
0
0
0
0
0
0
0
0
0
0
0
0
0
0
0
0
0
0.02584210770253963
0
0
0
0
0
0
0
0
0
0.010751071273713613
0
0
0.008520022405708257
0
0
0
0
0
0
0
0.026377165262851113
0.008520022405708257
0
0
0
0
0.09006649485940646
0
0
0
0
0.018596297949254017
0
0
0
0
0.023232678493999664
0
0
0
0
0
0
0
0
0
0
0
0
0
0
0
0
0
0
0
0
0
0
0
0
0
0
0
0
0
0.23477895378374106
0
0.028799711727138133
0
0.08337334825539039
0.02046657206568282
0
0
0
0
0
0
0.017040044811416515
0
0
0
0
0.01612660691057042
0
0
0
0
0
0.010751071273713613
0
0
0
0
0
0
0
0
0
0
0
0
0
0.1945378125959109
0
0
0
0
0
0
0
0.017857142857142856
0
0
0
0
0
0
0
0
0
0
0
0
0.0
0
0
0.005375535636856807
0
0
0
0
0
0
0
0
0
0
0
0
0
0
0
0
0
0
0
0
0
0
0
0
0
0.019891845576907798
0.12257166740248567
0
0
0
0
0
0
0
0
0
0
0
0
0
0
0
0
0
0
0
0
0
0
0
0
0
0
0
0
0
0
0
0
0
0.022415580448273322
0
0
0.26114249962481356
0
0
0
0.026114249962481358
0
0
0
0
0
0
0
0.039783691153815595
0.044831160896546644
0
0
0.023611058834534272
0.019891845576907798
0
0
0
0
0.0
0
0
0
0
0
0
0
0.09726627400125663
0.005375535636856807
0
0
0
0
0
0
0
0
0
0
0
0
0
0
0
0
0
0
0
0
0
0
0
0
0
0
0.018596297949254017
0
0
0
0
0
0
0
0.023971833586110824
0
0
0
0
0
0
0
0
0
0
0
0
0
0
0
0
0.10652583527387662
0
0
0
0.03408008962283303
0
0
0.2557068118435445
0
0
0
0
0
0
0
0
0.010751071273713613
0
0
0
0
0
0.0
0
0.005375535636856807
0
0
0
0
0.017040044811416515
0
0
0
0
0
0.1539532026429276
0
0.02046657206568282
0
0
0
0
0
0
0.04394460433493835
0
0
0
0
0.005375535636856807
0
0
0
0
0
0
0
0
0.017857142857142856
0.008520022405708257
0
0
0.021502142547427227
0.005375535636856807
0
0
0
0.05642084273631465
0
0
0
0
0
0
0
0
0
0
0
0
0.008520022405708257
0
0
0
0
0
0
0
0
0
0
0
0
0
0
0.015091036428826015
0
0
0
0
0
0
0
0.04394460433493835
0
0
0
0
0
0.05797318894278216
0
0
0
0
0
0.008520022405708257
0
0
0
0
0
0
0
0
0
0.04566977146260103
0
0.025267381213764605
0
0
0
0
0.057599423454276266
0
0
0
0
0
0
0.021972302167469177
0.01248160722028605
0
0
0
0
0
0.03571428571428571
0
0
0
0
0
0
0
0
0
0
0
0
0
0
0
0
0
0
0
0
0
0
0
0
0
0
0
0.010751071273713613
0
0
0
0
0
0
0.05469567560865197
0
0
0.026631458818469154
0
0
0.019271093679421872
0
0
0
0
0
0
0.021972302167469177
0
0
0
0
0
0
0.005375535636856807
0
0
0.028411867982616055
0
0
0
0
0
0
0
0
0
0
0
0
0
0
0
0
0
0
0
0
0
0
0
0
0
0
0
0
0
0
0.02100162962599431
0
0
0
0
0
0
0
0
0.010751071273713613
0.030935602853981583
0
0.0827179309473362
0
0
0
0
0
0
0
0
0
0
0
0
0
0
0
0
0
0
0
0
0
0
0
0
0
0
0
0
0
0
0
0
0
0
0
0
0
0
0
0
0.02100162962599431
0
0
0
0
0
0
0
0
0
0.017040044811416515
0
0.0
0
0
0
0
0
0
0
0
0
0
0
0
0
0
0
0
0
0
0
0
0
0
0.0
0
0
0
0
0
0
0
0
0
0
0
0
0
0
0
0
0.021502142547427227
0
0
0
0
0
0
0
0.023232678493999664
0
0.021502142547427227
0
0
0
0
0
0
0
0
0
0
0
0
0
0
0
0
0
0
0
0
0
0.01248160722028605
0
0
0
0
0
0
0
0
0
0
0.015091036428826015
0
0.015091036428826015
0.03744482166085815
0
0
0
0
0
0
0
0
0
0
0
0
0
0
0
0
0
0.18013298971881292
0
0
0
0
0
0
0
0
0
0.023971833586110824
0
0
0.022415580448273322
0
0
0
0
0
0
0
0
0
0
0
0
0
0
0
0
0
0
0
0
0
0
0
0.0
0
0
0
0
0
0.017040044811416515
0
0
0.010751071273713613
0
0
0
0
0
0
0.013895558042565065
0
0
0
0
0.1022402688684991
0
0
0
0
0
0
0
0.04646535698799933
0
0
0
0.6243528667879288
0
0
0
0
0
0
0
0
0
0
0
0.12008865981254194
0
0
0
0.053755356368568076
0
0.14001801107741027
0
0
0
0
0
0
0
0.028608214130856475
0
0
0
0
0
0
0
0
0
0
0
0
0
0
0
0
0
0.02046657206568282
0.02046657206568282
0
0.02431656850031416
0
0
0
0
0.043004285094854454
0
0
0
0
0
0
0
0
0
0.0
1.1943556128112267
0
0
0
0.0
0
0
0
0
0
0
0
0
0
0
0
0
0
0
0
0
0
0
0
0
0
0.0
0
0
0
0.02898659447139108
0
0
0
0.05112013443424955
0
0
0
0.029521652031702567
0.025267381213764605
0
0
0
0
0
0
0
0
0.028003602215482055
0
0
0
0
0
0
0
0
0.01612660691057042
0
0
0
0.01248160722028605
0.026377165262851113
0
0
0
0
0
0.008520022405708257
0.019891845576907798
0
0
0
0
0
0
0
0
0
0
0
0
0
0
0.025267381213764605
0
0
0
0.0249632144405721
0
0
0
0
0
0
0
0
0
0
0
0
0
0
0
0
0
0
0
0
0
0
0
0
0
0.015091036428826015
0
0
0
0
0
0.5283243878821812
0
0
0
0
0
0
0
0
0
0
0
0
0
0
0
0.019891845576907798
0
0
0
0
0
0
0.028210421368157323
0.01248160722028605
0
0
0
0
0
0
0
0
0
0
0
0
0
0
0
0
0.021502142547427227
0
0
0
0
0
0
0
0
0
0
0
0
0
0
0
0
0
0
0
0
0
0
0
0.019891845576907798
0
0
0
0
0.028411867982616055
0
0
0
0
0
0
0
0
0.022415580448273322
0
0
0
0
0
0
0
0
0
0
0
0
0
0
0
0
0
0
0
0
0
0
0
0
0
0
0
0
0
0
0
0
0
0
0
0
0.015091036428826015
0
0
0.010751071273713613
0
0
0
0
0
0
0
0
0
0
0.12431162067816028
0
0
0
0.017857142857142856
0
0
0
0
0
0
0
0
0
0
0
0
0
0
0
0.14846052068585483
0
0
0
0
0
0
0
0
0
0
0
0
0
0
0
0
0
0
0
0
0
0
0
0
0
0
0
0
0
0
0
0
0
0.02916907956392119
0
0
0.005375535636856807
0
0
0
0
0.1023328603284141
0.02100162962599431
0.04260011202854129
0.0998528577622884
0
0
0
0
0
0
0
0
0
0
0
0
0
0
0
0
0
0
0
0.02100162962599431
0
0
0
0
0
0
0
0
0
0
0
0
0
0.03571428571428571
0
0
0
0
0
0
0
0
0.0
0
0
0
0
0
0
0
0
0
0
0.053755356368568076
0.053755356368568076
0
0
0
0
0
0.5283243878821812
0
0.017040044811416515
0
0
0
0
0
0
0
0
0
0
0
0
0
0
0
0
0
0
0.019271093679421872
0.0
0
0
0
0
0
0
0
0
0
0.005375535636856807
0
0
0
0
0
0
0.01248160722028605
0
0
0
0
0
0
0
0
0
0
0
0
0
0
0
0
0.02046657206568282
0
0
0
0
0
0
0
0
0
0
0
0
0
0
0
0
0
0.4620358517718748
0
0
0
0
0
0
0
0
0
0
0
0
0
0
0.024646629316278677
0
0
0
0
0
0
0
0
0
0
0
0.013895558042565065
0
0
0.10751071273713614
0
0
0
0
0
0
0
0
0
0
0
0
0
0
0
0
0
0
0
0
0
0
0
0
0
0
0
0
0.06036414571530406
0
0
0
0
0
0
0.005375535636856807
0
0
0
0
0
0
0
0
0
0
0
0
0
0
0
0
0
0
0
0
0
0
0
0
0
0
0
0
0
0
0
0
0
0
0
0
0
0
0
0
0
0
0
0.02584210770253963
0
0.11808660812681027
0
0
0
0.1539532026429276
0
0
0
0
0
0.06098464914635487
0
0
0
0
0
0
0
0.025267381213764605
0
0
0
0
0
0
0
0
0
0
0
0
0
0
0
0
0.029521652031702567
0.01248160722028605
0
0
0
0
0
0.09675964146342252
0
0
0
0
0
0
0
0
0
0
0
0
0
0
0
0
0
0
0
0
0
0
0
0
0
0
0
0
0.013895558042565065
0
0.023971833586110824
0
0
0
0
0
0
0
0
0
0.08582464239256943
0
0
0
0
0
0
0
0
0
0.30642916850621416
0.09006649485940646
0
0
0
1.4360115936122362
0
0
0.3418569568649408
0
0.1546780142699079
0
0
0.20665156422191797
0.2112745100035642
0
0
0.27304875069686013
0.24632512422868416
0
0.02985889032028067
0
0.018596297949254017
0
0
0
0
0.7180057968061181
0
0.06158128105717104
0.018596297949254017
0
0.05600720443096411
0
0
0
0
0
0
0.028003602215482055
0
0
0
0
0
0.030022164953135484
0.015091036428826015
0
0
0
0
0
0
0.01612660691057042
0
0
0
0
0.27970114652586064
0
0
0
0
0
0
0
0
0
0.11808660812681027
0
0
0
0
0
0
0
0
0
0
0
0
0
0
0
0.08204351341297796
0.023971833586110824
0
0.07294970550094247
0
0.008520022405708257
0
0
0
0
0
0
0
0.024646629316278677
0
0
0
0
0
0.008520022405708257
0.010751071273713613
0
0
0
0.03408008962283303
0.008520022405708257
0
0
0.008520022405708257
0
0
0
0.01612660691057042
0
0.05938420827434193
0
0
0.01248160722028605
0
0.010751071273713613
0
0
0
0
0.013895558042565065
0
0
0
0.013895558042565065
0
0
0
0
0
0
0
0
0
0
0
0
0.039783691153815595
0
0
0
0
0
0
0
0
0
0
0
0
0
0
0
0
0
0
0
0
0
0
0.013895558042565065
0
0.026114249962481358
0
0
0
0
0
0
0.01612660691057042
0
0
0
0
0
0
0
0
0
0
0
0
0
0
0
0
0
0
0
0
0
0.026377165262851113
0
0
0
0
0
0
0
0
0
0
0
0
0.05275433052570223
0
0.09323371550862021
0
0.010751071273713613
0
0
0
0
0
0
0
0
0
0
0
0
0
0
0
0
0
0
0
0.03018207285765203
0
0
0.0
0.022834885731300516
0
0
0
0
0
0
0
0
0
0
0
0.017040044811416515
0
0
0
0
0.038542187358843745
0
0
0
0
0
0
0
0
0
0
0
0
0.010751071273713613
0
0
0
0.030492324573177434
0
0
0
0
0
0
0
0
0
0.039783691153815595
0
0
0
0
0
0
0
0
0
0
0
0
0
0
0
0
0
0
0
0
0
0
0
0
0
0
0
0
0
0
0
0
0
0
0.019271093679421872
0
0
0
0
0.017040044811416515
0
0
0.005375535636856807
0
0.05053476242752921
0
0
0
0
0
0
0
0
0
0
0
0.010751071273713613
0
0
0
0
0
0
0
0
0
0
0
0
0
0
0
0
0.05797318894278216
0
0
0
0
0
0
0
0
0
0
0.02898659447139108
0
0
0
0
0
0
0
0
0
0.008520022405708257
0
0.023232678493999664
0
0
0
0
0
0
0
0
0
0
0
0
0
0
0
0
0
0.022415580448273322
0
0
0
0
0
0
0
0
0
0
0
0
0
0
0
0
0
0
0
0.005375535636856807
0
0
0
0.02898659447139108
0
0
0.023611058834534272
0
0
0
0.39835791905807844
0
0
0
0
0
0.021502142547427227
0
0
0
0
0
0
0
0
0
0
0.1546780142699079
0
0
0.23257896932285668
0
0
0
0
0
0
0
0
0
0
0
0
0
0
0
0
0
0
0
0
0
0
0
0
0
0
0
0
0
0
0
0
0
0.08957667096084201
0
0
0
0
0
0
0
0
0
0
0.022415580448273322
0
0
0
0
0
0
0
0
0
0
0
0
0
0.029521652031702567
0
0
0
0
0
0.09237192158575656
0
0
0.15169375038714453
0
0.05721642826171295
0
0
0.022834885731300516
0.057599423454276266
0.055145287298224134
0
0
0
0.12487057335758575
0
0
0.07913149578855334
0.01248160722028605
0
0
0.028411867982616055
0
0
0
0
0
0
0
0
0
0
0
1.1550528035576682
0
0
0
0.01612660691057042
0
0.028411867982616055
0
0
0
0.005375535636856807
0
0
0
0
0
0
0
0.3121764333939644
0
0
0
0
0.023232678493999664
0
0
0
0
0
0.028799711727138133
0
0
0
0.022415580448273322
0
0
0.029347369222967632
0.06004432990627097
0
0
0
0
0.12196929829270974
0
0
0
0
0
0
0
0
0
0.26087935024251974
0
0
0
0
0
0
0
0
0.06591690650240753
0
0
0
0
0
0
0
0
0
0
0
0.15246162286588716
0
0
0
0
0
0
0
0
0.10336843081015852
0.12921053851269815
0.15538952584770035
0.08204351341297796
0
0
0.030492324573177434
0
0
0
0.02100162962599431
0
0
0
0
0
0
