0.005089173273037626
0.0
0.0
0.0
0.0
0.0
0.0
0.0
0.0
0.0
0.0
0.0
0.0
0.0
0.0
0.0
0.0
0.0
0.0
0.0
0.0
0.0
0.0
0.0
0.0
0.0
0.0
0.0
0.004930358750088577
0.0
0.0
0.0
0.0
0.0
0.0
0.0
0.0027505775857330607
0.0
0.0
0.0
0.0
0.0
0.0
0.0
0.0
0.0
0.0
0.0
0.0
0.0
0.0
0.0
0.0031933216867405232
0.0
0.0
0.0
0.0
0.0
0.0
0.005089173273037626
0.0
0.0
0.0
0.0
0.0
0.0
0.0
0.0
0.0
0.0
0.0
0.0
0.0
0.005621441836829977
0.0
0.0
0.0
0.0
0.0
0.0
0.0
0.002179781164355516
0.012928924131808314
0.0
0.0
0.0
0.0
0.0
0.0
0.0
0.0
0.004568610479607054
0.0
0.0
0.0
0.0
0.0
0.0
0.0
0.0
0.0
0.0
0.0
0.0
0.0
0.0
0.0
0.0
0.0
0.0
0.0
0.0
0.0
0.0
0.0
0.0
0.0
0.0
0.0
0.005621441836829977
0.0
0.0
0.0
0.0
0.0
0.0
0.0
0.0
0.0
0.0035550699572220465
0.0
0.0
0.0
0.0
0.0
0.0
0.0
0.0
0.0
0.0
0.0
0.0
0.0
0.0
0.0
0.0
0.0
0.0
0.0
0.0
0.0
0.0
0.0
0.0
0.0
0.0063866433734810464
0.0
0.0
0.0
0.0
0.0
0.002179781164355516
0.0
0.0
0.0
0.0
0.0
0.0
0.0
0.0031933216867405232
0.0
0.0
0.003860923761904515
0.0
0.0
0.004125866378599591
0.0
0.0
0.004359562328711032
0.0
0.0
0.0
0.007110139914444093
0.0
0.0
0.0
0.0
0.0
0.0
0.0
0.0
0.0
0.0
0.0
0.005236212554771045
0.0
0.0
0.0
0.0
0.0
0.0
0.0
0.0
0.0
0.0
0.0
0.0
0.0
0.0
0.0
0.0
0.0
0.006464462065904157
0.0
0.0
0.00622120406200261
0.0
0.0
0.004757717534799996
0.0
0.0
0.0
0.0
0.0
0.0
0.0
0.0
0.01336225363711509
0.0
0.0
0.0
0.005089173273037626
0.0
0.0
0.0
0.0
0.0
0.0
0.0
0.0
0.0
0.006611501347637576
0.0035550699572220465
0.004930358750088577
0.0
0.0
0.0
0.0
0.0
0.0
0.0
0.0
0.0
0.0055011551714661214
0.0
0.0
0.0
0.0
0.0
0.0
0.0
0.0
0.0
0.0
0.006305647542955106
0.0031933216867405232
0.004930358750088577
0.004568610479607054
0.0
0.0
0.0
0.0
0.0
0.0
0.0
0.0
0.0
0.0
0.0
0.0
0.0
0.0055011551714661214
0.0
0.0
0.0
0.004757717534799996
0.0
0.0
0.0
0.004757717534799996
0.005089173273037626
0.0
0.0
0.0
0.0
0.0
0.0
0.0
0.0
0.0
0.0027505775857330607
0.0
0.0
0.0
0.0
0.0
0.0
0.0
0.0
0.004568610479607054
0.0
0.0
0.0
0.0
0.0
0.0
0.0
0.0
0.0
0.0
0.0
0.0
0.0
0.0
0.0
0.0
0.0
0.006876443964332652
0.0
0.004125866378599591
0.0035550699572220465
0.0
0.0
0.0
0.0
0.0
0.0
0.0
0.0
0.0
0.0
0.0
0.0
0.0
0.0
0.0
0.0
0.0
0.0
0.0
0.0
0.0
0.0
0.023632634422775193
0.0
0.0
0.0
0.0
0.0
0.0
0.003860923761904515
0.004757717534799996
0.0
0.0
0.002179781164355516
0.0
0.0
0.0
0.0
0.0
0.0
0.0
0.0
0.006996730629696508
0.0
0.0
0.004125866378599591
0.0
0.0
0.003860923761904515
0.0
0.0
0.0
0.0
0.0
0.0
0.0
0.0
0.0
0.0
0.0
0.0
0.0
0.0
0.0
0.0
0.0
0.0
0.0
0.0
0.0
0.0063866433734810464
0.0
0.0
0.0
0.0
0.0
0.0
0.0
0.0
0.0
0.0
0.0
0.003860923761904515
0.0
0.0
0.0
0.0
0.0
0.0
0.0
0.0
0.0
0.0
0.0
0.0
0.01463837613068023
0.0
0.0
0.0
0.0
0.0
0.0
0.0
0.0
0.0
0.012377599135798773
0.0
0.0
0.0
0.0
0.0
0.0
0.0
0.0
0.0
0.0
0.0
0.0
0.0
0.0
0.0
0.0
0.0
0.0
0.0
0.0
0.0
0.0
0.0
0.0
0.0
0.0
0.0
0.0
0.005621441836829977
0.0
0.004930358750088577
0.0
0.03498365314848254
0.031047728665390305
0.0
0.0
0.0
0.07089790326832557
0.0
0.011469702243155125
0.0
0.0
0.006813450663335784
0.0
0.0
0.0
0.0
0.0
0.0
0.0027505775857330607
0.0
0.0
0.0
0.0
0.0
0.0
0.0
0.0035550699572220465
0.0031933216867405232
0.0
0.0
0.0
0.0
0.005236212554771045
0.0
0.0
0.0
0.0
0.0
0.0
0.0
0.0
0.004930358750088577
0.002179781164355516
0.0
0.0
0.0
0.0
0.0
0.0
0.0
0.0
0.0
0.0
0.0055011551714661214
0.005621441836829977
0.0
0.0
0.0
0.0
0.07155935299386468
0.0
0.0
0.0
0.0
0.0
0.0
0.0
0.013626901326671569
0.0
0.0
0.0
0.0
0.013496783287925139
0.11181506196705748
0.11926558832310778
0.0
0.0
0.005089173273037626
0.0
0.0
0.0
0.04770623532924312
0.0
0.0
0.0
0.0
0.0
0.0
0.0
0.0
0.0
0.0
0.0
0.0
0.0
0.0
0.0
0.005621441836829977
0.0
0.0
0.0
0.005236212554771045
0.0
0.0
0.0
0.030211536061806224
0.0
0.0
0.0
0.0
0.0
0.0
0.0
0.0
0.022104543687452592
0.0
0.005236212554771045
0.013874997398311025
0.0063866433734810464
0.0
0.0
0.0
0.0
0.0
0.0
0.0
0.0
0.0
0.0
0.0
0.0
0.0
0.0
0.0
0.0
0.0
0.002179781164355516
0.0
0.0
0.0
0.0
0.003860923761904515
0.0
0.0070542454486450384
0.0
0.0
0.0
0.0
0.0
0.0
0.0
0.0
0.0
0.0
0.0
0.0
0.0
0.004757717534799996
0.0
0.002179781164355516
0.0
0.0
0.0035550699572220465
0.0
0.0
0.014220279828888186
0.0
0.0
0.0
0.0
0.013993461259393016
0.0
0.0
0.003860923761904515
0.0
0.0
0.0013752887928665304
0.0
0.0
0.0
0.0
0.0
0.0
0.0
0.0
0.0
0.0
0.0
0.0
0.0
0.0
0.0
0.0
0.006681126818557545
0.0
0.0
0.0
0.0
0.0
0.0
0.0
0.0
0.0013752887928665304
0.0
0.0
0.0
0.0
0.0
0.0
0.0
0.0
0.0
0.0
0.0
0.0
0.0
0.0
0.0
0.0035550699572220465
0.0
0.0
0.0
0.0
0.0
0.0
0.0
0.0
0.0
0.0
0.0
0.0
0.0
0.0
0.0
0.0
0.0
0.0
0.0
0.0
0.0
0.0
0.0
0.0
0.0
0.0
0.0
0.0
0.0
0.0
0.0
0.0
0.0
0.0
0.0
0.0
0.005236212554771045
0.0
0.0
0.0
0.0
0.0
0.0
0.0
0.0
0.0
0.0
0.0
0.0
0.03900611500592747
0.0
0.0
0.0058421271021483505
0.0
0.0
0.0
0.0
0.0
0.0
0.0
0.0
0.0
0.0
0.0
0.0
0.014791076250265732
0.0
0.0059438992724735835
0.0
0.002179781164355516
0.0013752887928665304
0.0
0.0
0.0
0.0
0.0
0.0
0.0
0.0
0.0
0.0
0.0
0.0
0.0
0.0
0.0
0.0
0.004568610479607054
0.0
0.0
0.0035550699572220465
0.0
0.0
0.0
0.0
0.0
0.0013752887928665304
0.0
0.0
0.0
0.0
0.0
0.0
0.007110139914444093
0.0
0.0
0.0
0.0
0.0
0.01463837613068023
0.006305647542955106
0.0
0.0
0.0
0.0
0.0
0.0
0.04748779371559848
0.015523864332695153
0.0
0.0
0.006876443964332652
0.012611295085910213
0.0
0.0
0.0
0.0
0.0
0.0
0.0
0.0
0.02927675226136046
0.0
0.0
0.0
0.006464462065904157
0.0
0.0
0.0
0.0
0.0
0.0
0.0
0.0
0.0
0.0
0.0
0.0
0.0
0.0
0.006305647542955106
0.0
0.0
0.0
0.0
0.0
0.005089173273037626
0.0
0.0
0.0
0.0
0.0
0.006539343493066549
0.0
0.0
0.0
0.0
0.014831987438253123
0.006133006327666526
0.0
0.0
0.0
0.0
0.0
0.0
0.0
0.006876443964332652
0.0
0.006813450663335784
0.0
0.050521911265104164
0.028216981794580154
0.0
0.0
0.0
0.0
0.0
0.0
0.003860923761904515
0.0
0.0
0.0
0.0
0.0
0.0
0.0
0.0
0.0
0.0
0.0
0.0
0.0
0.005734851121577562
0.0
0.0
0.0013752887928665304
0.0
0.0
0.0
0.0
0.0
0.0
0.0
0.0
0.0
0.0
0.0
0.0
0.0
0.0
0.0
0.0
0.0
0.0
0.0
0.0
0.0
0.0
0.0
0.0
0.0
0.0
0.0
0.0
0.0
0.01047242510954209
0.003860923761904515
0.003860923761904515
0.0
0.0
0.0
0.0
0.0
0.0
0.0
0.0
0.0
0.0
0.0
0.0
0.06674394347213906
0.0
0.0
0.0
0.0
0.0
0.0
0.0
0.0
0.004568610479607054
0.0
0.0
0.0
0.0
0.0
0.0
0.0
0.0
0.0
0.0
0.0
0.0
0.0
0.0
0.0
0.0
0.0
0.0
0.0
0.0
0.0
0.0
0.0
0.0
0.0
0.0
0.0
0.0
0.0
0.0
0.0
0.0
0.0
0.0
0.0
0.0
0.0
0.0
0.0
0.0
0.0
0.0
0.0
0.007639163796693625
0.0
0.0
0.0
0.0
0.0
0.0
0.0
0.0
0.0
0.0
0.0
0.0
0.0
0.0
0.0
0.0
0.0
0.0
0.0
0.0
0.0031933216867405232
0.0
0.0
0.0
0.0058421271021483505
0.0
0.0
0.0
0.0
0.006996730629696508
0.0
0.0
0.0
0.0
0.0
0.0
0.0
0.0
0.0
0.0
0.0
0.0
0.002179781164355516
0.0
0.0
0.0
0.0
0.022789478564607422
0.0
0.0013752887928665304
0.0
0.002179781164355516
0.0
0.04792074084302463
0.0
0.0
0.0
0.07986790140504108
0.0
0.006996730629696508
0.0
0.0
0.0
0.004359562328711032
0.0
0.020440351990007353
0.0
0.0
0.0
0.0
0.014925362208536897
0.0
0.0
0.0
0.0
0.0
0.0
0.0
0.0
0.0
0.0
0.0
0.0
0.0
0.0
0.0
0.0
0.0
0.0
0.0
0.0
0.0
0.0
0.0
0.0
0.005734851121577562
0.0
0.0
0.013993461259393016
0.0
0.0
0.0
0.0
0.0
0.0
0.0
0.0
0.0
0.0
0.0
0.0035550699572220465
0.008251732757199181
0.0
0.0
0.0
0.0059438992724735835
0.0
0.0
0.009860717500177155
0.0
0.0
0.0
0.0
0.005089173273037626
0.0
0.0
0.0
0.0
0.0
0.0
0.0
0.0
0.0
0.0
0.0
0.0
0.0
0.0
0.0
0.0
0.0
0.0
0.0
0.0
0.0
0.0
0.0
0.0
0.0
0.0
0.007415993719126561
0.0
0.0
0.0
0.0
0.0
0.004125866378599591
0.0
0.0
0.0
0.0
0.0
0.0
0.0
0.0
0.0
0.0
0.0
0.006611501347637576
0.03088739009523612
0.0031933216867405232
0.0
0.0
0.009515435069599992
0.0
0.0
0.0
0.005089173273037626
0.004757717534799996
0.0
0.0
0.0
0.0
0.0
0.0
0.0
0.0
0.0
0.0
0.0
0.0
0.004125866378599591
0.0
0.0
0.0
0.0
0.0
0.0
0.0
0.0
0.0
0.0
0.0
0.0
0.0
0.0
0.0
0.006133006327666526
0.0
0.015105768030903112
0.005734851121577562
0.014434831790029762
0.0
0.0
0.007552884015451556
0.0
0.0
0.0
0.0
0.0
0.0
0.0
0.0
0.0
0.0
0.0
0.0
0.0
0.002179781164355516
0.0
0.0
0.0
0.0
0.0
0.0
0.0
0.045317304092709336
0.0
0.038195818983468126
0.0
0.0
0.0
0.0
0.0
0.0
0.0
0.0
0.0
0.0
0.0
0.0
0.0
0.006681126818557545
0.0
0.0
0.0
0.0
0.004568610479607054
0.0
0.0
0.0
0.0
0.0013752887928665304
0.0
0.0
0.0
0.0
0.0
0.0
0.14179580653665114
0.0
0.005734851121577562
0.0
0.0
0.0
0.0
0.004125866378599591
0.0
0.0
0.0
0.0
0.0
0.0
0.0
0.0
0.004125866378599591
0.0
0.0
0.003860923761904515
0.0
0.0
0.0
0.0
0.0
0.0
0.0
0.0
0.0
0.0
0.0
0.0
0.0
0.0
0.0
0.0
0.009860717500177155
0.0
0.0
0.0
0.0
0.0
0.0
0.0
0.0031933216867405232
0.0
0.0
0.0
0.0
0.0
0.0
0.0
0.0
0.031047728665390305
0.0031933216867405232
0.0
0.0
0.0
0.0
0.0
0.0
0.0
0.0
0.0
0.0
0.0
0.0
0.0
0.0
0.0
0.0
0.0070542454486450384
0.0
0.0
0.0
0.0
0.0
0.0
0.03072374534328655
0.0
0.0
0.014220279828888186
0.0
0.0
0.0
0.0
0.0
0.0
0.0
0.0
0.0
0.0
0.0
0.0
0.0
0.0
0.0
0.0
0.0
0.0
0.0
0.0
0.0
0.0
0.0
0.0
0.0
0.0
0.0
0.0
0.0
0.0
0.0
0.0
0.0031933216867405232
0.0
0.0
0.0
0.0
0.0
0.0
0.0
0.0
0.0
0.0
0.0
0.0
0.0
0.0
0.0
0.0
0.0
0.0
0.0
0.0
0.0
0.0
0.0
0.0
0.0
0.0
0.0
0.0
0.0
0.0
0.0
0.0
0.0
0.0
0.0
0.0
0.0
0.0
0.0
0.0
0.014434831790029762
0.012928924131808314
0.0
0.0
0.0
0.0
0.0
0.0
0.0
0.0
0.0
0.0
0.0
0.0
0.0
0.0
0.0
0.0
0.0
0.0
0.0
0.0
0.0
0.0
0.0
0.0
0.0
0.0
0.006876443964332652
0.0
0.0
0.0
0.0
0.0
0.0
0.0
0.0
0.0
0.0
0.0
0.0
0.0
0.0
0.0
0.0
0.0
0.0
0.0
0.0
0.0
0.0
0.0
0.0
0.0031933216867405232
0.0
0.0
0.0
0.0
0.0027505775857330607
0.006611501347637576
0.0
0.0
0.0
0.0027505775857330607
0.0
0.0
0.0
0.0
0.003860923761904515
0.0
0.0
0.0
0.0
0.0
0.0
0.0
0.0
0.0
0.0
0.006539343493066549
0.0
0.0
0.0
0.0
0.0
0.0
0.0
0.0
0.0
0.006813450663335784
0.0031933216867405232
0.013496783287925139
0.013626901326671569
0.0
0.030033180482132226
0.005734851121577562
0.0
0.0
0.0
0.0
0.0
0.0
0.004930358750088577
0.23058013742467504
0.004359562328711032
0.0
0.0
0.0
0.0
0.006611501347637576
0.0
0.0
0.00772184752380903
0.0
0.0
0.0
0.0
0.0
0.0
0.0
0.0
0.0
0.0031933216867405232
0.002179781164355516
0.027253802653343137
0.0
0.0
0.005236212554771045
0.0
0.0
0.0
0.0
0.0
0.0
0.0
0.0
0.029850724417073794
0.0
0.027253802653343137
0.0
0.0
0.0
0.0
0.0
0.0
0.0
0.0
0.0
0.0
0.0
0.0
0.0
0.0
0.0
0.0
0.0
0.0
0.0
0.0
0.0
0.0
0.0
0.0
0.0
0.0
0.0
0.0
0.0
0.0
0.0
0.0
0.0
0.0
0.0
0.0
0.009860717500177155
0.0
0.0
0.0
0.004359562328711032
0.0
0.021162736345935115
0.0
0.0
0.0
0.0
0.0
0.0
0.0
0.0
0.007217415895014881
0.0
0.0
0.0
0.0
0.0
0.0
0.0
0.0
0.0
0.0
0.0
0.0
0.0
0.0
0.0
0.0
0.0
0.0
0.0
0.0
0.0
0.0
0.0
0.0
0.04680733800711296
0.0
0.0
0.0
0.0
0.0
0.0
0.0
0.0
0.08403080176362987
0.0
0.0
0.0
0.0
0.0
0.01866361218600783
0.010178346546075252
0.0
0.0
0.01244240812400522
0.0
0.0
0.0
0.0
0.0
0.0
0.0
0.0
0.0
0.0
0.0
0.0
0.0
0.0
0.0
0.0
0.0
0.0
0.0
0.0
0.0
0.0063866433734810464
0.0
0.002179781164355516
0.0
0.0
0.0
0.0
0.0
0.0
0.0
0.0
0.0
0.0
0.0
0.0
0.0
0.0
0.0
0.0
0.0
0.0
0.006876443964332652
0.0
0.0
0.0
0.0
0.0
0.0
0.0
0.0
0.0
0.006305647542955106
0.0
0.0
0.0
0.0
0.0
0.0
0.0
0.0
0.0
0.0
0.0
0.0
0.0
0.0
0.0
0.0
0.0
0.006040704926260031
0.0
0.0
0.0
0.0
0.0
0.0
0.0
0.0
0.0
0.0
0.0
0.0
0.0
0.0
0.0
0.0
0.0
0.0063866433734810464
0.0058421271021483505
0.0
0.0
0.0
0.0
0.0
0.0
0.0
0.0
0.0
0.0
0.0
0.0
0.007110139914444093
0.0
0.0
0.0
0.0
0.006305647542955106
0.0
0.0
0.0
0.0
0.0
0.0
0.0
0.014791076250265732
0.0
0.0
0.0
0.004757717534799996
0.0
0.0
0.0
0.0
0.0
0.0
0.0
0.0
0.0
0.0
0.0
0.0
0.0
0.0
0.0
0.0
0.0
0.0
0.0
0.0
0.0
0.0
0.0
0.0
0.0
0.004359562328711032
0.0
0.0
0.0
0.00622120406200261
0.006539343493066549
0.0
0.0
0.0
0.0059438992724735835
0.0
0.0
0.0
0.0
0.0
0.0
0.0
0.0
0.0
0.0
0.0
0.0
0.0
0.0
0.0
0.0
0.0027505775857330607
0.0
0.0
0.0
0.0
0.0
0.0
0.0
0.0
0.0
0.0
0.0
0.0
0.0
0.0
0.0
0.0
0.0
0.027253802653343137
0.005734851121577562
0.004359562328711032
0.004125866378599591
0.0
0.00622120406200261
0.0
0.0
0.0
0.0
0.0
0.0
0.0
0.0
0.0
0.0
0.0
0.0
0.0
0.0
0.0
0.0
0.0
0.0
0.0
0.0
0.0
0.0
0.0
0.0
0.0
0.0
0.0
0.0
0.0
0.0
0.0
0.0
0.0
0.0
0.014329005661420645
0.0063866433734810464
0.0
0.0
0.0
0.0
0.0
0.0
0.0
0.002179781164355516
0.0
0.0
0.0
0.0
0.0
0.0
0.0
0.0
0.0
0.0
0.0
0.0
0.0
0.0
0.0
0.0
0.0
0.0
0.0
0.0
0.0
0.0
0.0
0.0
0.0
0.0
0.0
0.0
0.0
0.0
0.0
0.0
0.0
0.0
0.0
0.0
0.0
0.0
0.0
0.0
0.0
0.0
0.0
0.0
0.0
0.0
0.0
0.0
0.0
0.0
0.0
0.0
0.0
0.0031933216867405232
0.0
0.0
0.0
0.0
0.010178346546075252
0.0
0.0
0.0
0.0
0.0
0.03152823771477553
0.0
0.0
0.0
0.007680936335821637
0.0
0.0
0.0
0.0
0.0
0.0
0.022247981157379682
0.0
0.006611501347637576
0.0
0.0
0.0
0.0
0.0
0.0
0.007164502830710322
0.0
0.0
0.0
0.015708637664313133
0.0
0.0
0.0
0.0
0.023042809007464915
0.0
0.0
0.0
0.0
0.0
0.0
0.0
0.0
0.0
0.0
0.0
0.0
0.0
0.006539343493066549
0.0
0.0
0.0
0.0
0.0
0.0
0.0
0.0
0.0
0.0
0.0
0.0
0.0
0.0
0.0
0.0
0.006748391643962569
0.0
0.0
0.0
0.0
0.0
0.0
0.0
0.0
0.0
0.0
0.0
0.0
0.0
0.0
0.0
0.0
0.0
0.0
0.0
0.0
0.002179781164355516
0.0
0.0
0.016503465514398363
0.0
0.0
0.0
0.0
0.0
0.0
0.0
0.0
0.0
0.0
0.0
0.01463837613068023
0.0
0.0
0.0
0.0
0.0
0.0
0.0
0.0
0.0
0.0
0.0
0.0
0.0
0.0
0.0
0.0
0.0
0.0
0.0
0.0
0.0
0.0
0.0
0.0
0.0
0.0
0.0
0.0
0.0
0.0
0.0
0.0
0.0031933216867405232
0.0
0.0
0.0
0.0
0.002179781164355516
0.006464462065904157
0.0
0.0
0.0
0.0
0.0
0.0
0.0
0.0
0.0
0.0
0.0
0.021806863312179427
0.0
0.0
0.0
0.0
0.0
0.0
0.0
0.0
0.0
0.0
0.0
0.0
0.0
0.0
0.0
0.0
0.0
0.0
0.0
0.0
0.0
0.0
0.0
0.0
0.0
0.0013752887928665304
0.0
0.0
0.0
0.0
0.0
0.0
0.0
0.0
0.0
0.0
0.0
0.0
0.0
0.03840468167910818
0.0
0.0
0.0
0.0
0.0
0.0
0.011469702243155125
0.0
0.0
0.0
0.0
0.0
0.022104543687452592
0.005089173273037626
0.0
0.006937498699155512
0.0
0.0
0.0
0.0
0.0
0.0
0.0
0.0
0.0
0.0
0.0
0.0
0.0
0.0
0.0
0.0
0.0
0.0
0.0
0.0
0.0
0.0
0.0
0.0
0.0
0.0
0.009137220959214107
0.0
0.004125866378599591
0.0
0.0
0.0
0.0
0.0
0.0
0.0
0.0
0.0
0.0
0.0
0.0
0.0
0.0
0.0
0.0
0.0
0.0
0.0
0.0
0.0
0.0
0.0
0.0
0.0
0.0
0.0
0.0
0.0
0.0
0.0
0.0
0.0013752887928665304
0.0
0.0
0.0
0.0
0.0
0.0
0.0
0.0027505775857330607
0.0
0.0
0.0
0.0
0.0
0.0
0.0
0.0
0.0
0.0
0.0
0.004125866378599591
0.0
0.0
0.0
0.0
0.015192985709738281
0.0
0.009515435069599992
0.0
0.0
0.022917491390080875
0.0
0.0
0.007951039221540519
0.0
0.0
0.019618030479199647
0.0
0.0
0.0
0.0
0.0
0.0
0.0
0.0
0.0
0.0
0.0058421271021483505
0.0
0.0
0.0
0.0
0.0
0.0
0.0
0.0
0.0
0.0
0.0
0.0
0.0
0.0
0.0
0.0
0.0
0.0
0.0
0.0
0.0
0.0
0.0
0.0
0.0
0.0
0.0
0.0
0.0
0.0
0.0
0.0
0.0
0.0
0.0
0.002179781164355516
0.0
0.0055011551714661214
0.0
0.0
0.002179781164355516
0.0
0.0
0.0
0.0
0.0
0.0
0.0
0.0
0.0
0.0
0.0
0.0
0.0
0.0
0.0
0.0
0.0
0.0
0.0
0.0
0.0
0.0
0.0
0.0
0.0
0.0
0.0
0.0
0.0
0.0
0.0
0.0
0.0
0.0
0.0
0.0
0.0
0.0
0.0
0.0
0.0
0.0
0.0
0.0
0.0
0.0
0.006133006327666526
0.0
0.0
0.0
0.004359562328711032
0.006813450663335784
0.0
0.02672450727423018
0.0
0.0
0.043915128392040696
0.006539343493066549
0.0
0.006611501347637576
0.011002310342932243
0.0
0.0
0.0
0.0
0.003860923761904515
0.0
0.0
0.0
0.0
0.0
0.0074626811042684486
0.0
0.0
0.0
0.0
0.006464462065904157
0.0
0.0
0.0
0.0
0.0
0.0
0.0
0.0
0.0
0.0
0.0
0.0
0.0
0.0
0.0
0.0
0.0
0.0
0.006876443964332652
0.0
0.0
0.0
0.0
0.0
0.0
0.022104543687452592
0.0
0.0
0.0
0.0
0.0
0.0
0.0
0.0
0.0
0.0
0.0
0.0
0.0
0.0
0.0
0.0
0.0
0.0
0.0031933216867405232
0.0027505775857330607
0.0
0.0
0.0031933216867405232
0.0
0.004930358750088577
0.0
0.0
0.0
0.0
0.0035550699572220465
0.0
0.0
0.0
0.0
0.0
0.0
0.0
0.0
0.0
0.0
0.0
0.0
0.0
0.0059438992724735835
0.0
0.0
0.0
0.0
0.0
0.0
0.0
0.0
0.0
0.0
0.0
0.0
0.0
0.04703850515262413
0.0
0.0
0.0
0.0
0.0
0.006040704926260031
0.019618030479199647
0.004930358750088577
0.0058421271021483505
0.006813450663335784
0.0
0.0
0.0
0.0
0.0
0.0
0.0
0.0
0.0
0.0
0.0
0.0
0.0
0.0
0.0
0.0
0.0
0.0
0.0
0.0
0.0
0.0
0.0
0.0
0.0
0.0
0.0
0.0
0.0
0.0
0.0
0.0
0.005089173273037626
0.0
0.0
0.0
0.0
0.0
0.0
0.0
0.0
0.0
0.0
0.0
0.006748391643962569
0.0
0.0
0.0
0.0
0.004757717534799996
0.04608561801492983
0.0
0.0
0.0
0.0
0.0
0.0
0.0
0.005089173273037626
0.0
0.0
0.0
0.0
0.0
0.0
0.0
0.0
0.0
0.0
0.0
0.0
0.0
0.0
0.0
0.003860923761904515
0.006305647542955106
0.0
0.0
0.0
0.005734851121577562
0.0
0.0
0.0
0.0
0.0
0.0
0.0
0.0
0.0031933216867405232
0.0
0.0
0.0
0.0
0.0
0.0
0.0063866433734810464
0.0
0.0
0.0
0.0
0.0
0.0
0.0
0.006876443964332652
0.0
0.0
0.0
0.07986790140504108
0.0
0.0
0.0
0.0
0.0
0.0
0.0
0.0
0.0
0.006305647542955106
0.0
0.0
0.0
0.0
0.0
0.0
0.0
0.0
0.0
0.0
0.0
0.0
0.0
0.0
0.0
0.0
0.0055011551714661214
0.003860923761904515
0.0
0.0
0.0
0.0
0.0
0.0
0.0
0.006539343493066549
0.0
0.0
0.0
0.0
0.0
0.0
0.0
0.0
0.0035550699572220465
0.0
0.0
0.0
0.03151017923036692
0.013626901326671569
0.0
0.0
0.0
0.0
0.0
0.0
0.0
0.0
0.0
0.0
0.0
0.0
0.0
0.0
0.0
0.0
0.0
0.0
0.0
0.0
0.0
0.007268954437393142
0.0
0.007217415895014881
0.0
0.27571406826571054
0.0
0.0
0.0
0.0
0.0
0.0
0.0
0.007268954437393142
0.0
0.0
0.0
0.0
0.0
0.0
0.006937498699155512
0.0
0.0
0.0
0.0
0.0
0.07951039221540519
0.0
0.004359562328711032
0.0
0.0
0.0
0.0
0.0
0.0035550699572220465
0.002179781164355516
0.0
0.0
0.0
0.0
0.0
0.0
0.0
0.0
0.004125866378599591
0.0
0.0
0.0
0.0
0.0
0.0
0.0
0.0
0.0
0.0
0.0
0.031658529143732315
0.0
0.007110139914444093
0.0
0.0
0.0
0.0
0.0
0.0
0.0
0.0
0.0
0.0
0.0
0.0
0.0
0.0
0.0
0.0
0.0
0.0
0.0
0.0
0.0
0.0
0.0055011551714661214
0.002179781164355516
0.0
0.0
0.0
0.0
0.0
0.0
0.0
0.0
0.0
0.0
0.0
0.0
0.0
0.0
0.0
0.0
0.0
0.0
0.0
0.0035550699572220465
0.0035550699572220465
0.0
0.0
0.0
0.0
0.0
0.0
0.0
0.0
0.0
0.0
0.0
0.0
0.0
0.0035550699572220465
0.0
0.0
0.0
0.0
0.012266012655333051
0.0
0.0
0.0
0.0
0.006305647542955106
0.0
0.0
0.0
0.0
0.0
0.0
0.0
0.0
0.0
0.0
0.0
0.0
0.0
0.0
0.0
0.0
0.0
0.0
0.0
0.0
0.0
0.0
0.0
0.0
0.0
0.0
0.0
0.0
0.0
0.0
0.0
0.0
0.0
0.0
0.0
0.0
0.004359562328711032
0.0
0.0
0.0
0.0
0.0
0.0
0.06876443964332653
0.0
0.0
0.0
0.0
0.0
0.0
0.005621441836829977
0.0
0.0
0.0
0.0
0.0
0.0
0.0
0.0013752887928665304
0.0
0.0
0.0
0.0
0.0
0.0
0.0
0.0
0.0
0.0
0.0
0.0
0.0
0.005089173273037626
0.0
0.0
0.0
0.0
0.0
0.0
0.03919875429385344
0.0
0.0
0.0
0.0
0.0
0.0
0.0
0.0
0.0
0.0
0.0
0.0
0.004568610479607054
0.0
0.0
0.0063866433734810464
0.005373102851096039
0.0058421271021483505
0.004359562328711032
0.0
0.0
0.0
0.0
0.10191676116401895
0.0
0.0013752887928665304
0.0
0.0
0.0
0.0
0.0
0.0
0.0
0.028440559657776372
0.0
0.0
0.0
0.0
0.0
0.0
0.0
0.007164502830710322
0.0
0.0
0.0
0.0
0.016503465514398363
0.002179781164355516
0.0
0.0
0.0
0.0
0.0
0.0
0.0
0.0
0.0
0.0
0.006040704926260031
0.0
0.0
0.0
0.0
0.003860923761904515
0.0
0.0
0.0
0.0
0.0
0.0
0.0
0.0
0.0
0.0
0.0
0.0
0.0055011551714661214
0.014108490897290077
0.0
0.0
0.0
0.02252488536159917
0.0
0.0
0.0
0.0
0.0
0.004125866378599591
0.0
0.0
0.0
0.0
0.0
0.0
0.0
0.0
0.0
0.00622120406200261
0.0
0.0
0.0
0.0
0.0
0.0
0.0
0.0
0.0
0.0
0.0
0.19168296337209853
0.005089173273037626
0.0
0.0
0.005089173273037626
0.0
0.0
0.0
0.0
0.0
0.0
0.0
0.03135900343508275
0.0
0.0
0.0
0.0
0.0
0.0
0.0
0.0
0.0
0.0
0.002179781164355516
0.06399125922999684
0.0
0.0
0.0
0.0
0.0
0.0
0.0
0.0070542454486450384
0.0
0.0
0.0
0.006040704926260031
0.0031933216867405232
0.04470650361436733
0.0
0.0
0.022247981157379682
0.0
0.004359562328711032
0.0
0.0
0.0
0.0
0.0
0.0
0.0
0.0
0.0035550699572220465
0.0
0.0
0.0
0.0
0.006996730629696508
0.0
0.0
0.0
0.0
0.0
0.0
0.0
0.0
0.0
0.0
0.0
0.0
0.0
0.0
0.0
0.0
0.0
0.0
0.0
0.0
0.0
0.0
0.0
0.0
0.0
0.0
0.004568610479607054
0.006996730629696508
0.0
0.0
0.0
0.0
0.0
0.0
0.0
0.0
0.013993461259393016
0.0
0.0
0.0
0.006539343493066549
0.0
0.0
0.0
0.0
0.0
0.0
0.0
0.0
0.005373102851096039
0.0
0.0
0.0
0.0
0.0
0.0
0.0
0.0
0.0
0.0
0.0027505775857330607
0.0
0.0
0.0
0.0
0.0
0.004930358750088577
0.0
0.0
0.0
0.0
0.0
0.006133006327666526
0.0
0.0
0.0
0.0
0.0
0.0
0.0
0.0
0.021162736345935115
0.0
0.0
0.0
0.0
0.0
0.0
0.0
0.005373102851096039
0.0
0.0
0.0
0.0
0.0
0.0
0.0
0.004125866378599591
0.006681126818557545
0.0
0.0
0.0
0.0
0.0
0.0
0.0
0.0
0.0
0.004359562328711032
0.0
0.0
0.0
0.0
0.0
0.0
0.0
0.0
0.0
0.0
0.0
0.0
0.0
0.0
0.0
0.0
0.0
0.0
0.0
0.0
0.0
0.0
0.0
0.0
0.0
0.0
0.0
0.0
0.0
0.0
0.05433352516443304
0.0
0.0
0.0
0.0
0.0
0.0
0.0
0.0
0.0
0.0
0.0
0.0
0.0
0.0
0.0
0.0
0.0
0.0
0.004568610479607054
0.0
0.0
0.0
0.0
0.0
0.0
0.0
0.0
0.0
0.0
0.0
0.0
0.006305647542955106
0.0
0.006464462065904157
0.0
0.0
0.0
0.0
0.0
0.0
0.013496783287925139
0.0
0.0
0.0
0.0
0.0
0.0
0.004568610479607054
0.0
0.0
0.0
0.0
0.0
0.20765654365310676
0.0
0.0
0.0
0.0
0.0
0.02133041974333228
0.0
0.0
0.0
0.003860923761904515
0.0
0.0027505775857330607
0.005089173273037626
0.0035550699572220465
0.0
0.0
0.0
0.0
0.0
0.0
0.0
0.003860923761904515
0.0
0.0
0.0
0.0
0.0
0.0
0.0
0.17942812902726635
0.0
0.004568610479607054
0.0013752887928665304
0.0
0.0
0.0
0.0
0.0
0.0
0.0
0.002179781164355516
0.0
0.0
0.0
0.0
0.0
0.0
0.0
0.0
0.0
0.0
0.0
0.0
0.0
0.0
0.0
0.0
0.0
0.0
0.0
0.0
0.055657274550783634
0.007319188065340115
0.0
0.0
0.0
0.0
0.0
0.0
0.0
0.003860923761904515
0.0
0.030211536061806224
0.0
0.0
0.0
0.0
0.0
0.0
0.0
0.0
0.0
0.0
0.0
0.0
0.0
0.01752638130644505
0.004568610479607054
0.006464462065904157
0.0
0.0
0.0
0.0
0.0
0.0
0.0
0.0
0.0
0.0
0.0
0.022104543687452592
0.0
0.0
0.0
0.00622120406200261
0.0055011551714661214
0.0
0.0
0.0
0.0
0.0
0.0
0.0
0.0
0.0
0.0
0.0
0.0
0.0
0.0
0.0
0.0
0.0
0.0
0.0
0.0
0.0
0.0
0.0
0.0
0.0035550699572220465
0.0
0.006464462065904157
0.0
0.006040704926260031
0.00772184752380903
0.0
0.0
0.0
0.0
0.0
0.0
0.014273152604399986
0.0
0.0
0.0
0.0
0.0
0.0
0.0
0.0
0.0
0.0
0.0
0.0
0.06875247417024262
0.0
0.0
0.0
0.0
0.0
0.0
0.0
0.0
0.0
0.0
0.0
0.0
0.0058421271021483505
0.012081409852520063
0.0
0.0
0.002179781164355516
0.0
0.0
0.0
0.0
0.005734851121577562
0.0
0.0
0.0055011551714661214
0.011469702243155125
0.0
0.0
0.0
0.0
0.014329005661420645
0.0
0.0
0.0
0.0
0.0
0.0
0.0035550699572220465
0.0
0.0
0.0
0.0
0.0
0.0
0.0
0.0
0.0
0.0
0.007680936335821637
0.0
0.0
0.01244240812400522
0.0
0.0
0.0
0.0
0.0
0.0
0.0
0.0
0.0
0.0
0.0
0.0
0.0
0.00622120406200261
0.0
0.0
0.013993461259393016
0.0059438992724735835
0.01544369504761806
0.0
0.0
0.0
0.006464462065904157
0.0
0.0
0.0
0.07123169057339772
0.0
0.0
0.0
0.0
0.0
0.0
0.0
0.0
0.0
0.0
0.0
0.0
0.0
0.0
0.0
0.0
0.0
0.0
0.0
0.0
0.0
0.0
0.0
0.006748391643962569
0.0
0.0
0.0
0.002179781164355516
0.0
0.0
0.0
0.0
0.0
0.0
0.0
0.0
0.0
0.0
0.0
0.0
0.0
0.0
0.0
0.0
0.0
0.030385971419476562
0.0
0.0
0.0
0.0
0.0
0.0
0.0
0.0
0.01336225363711509
0.0
0.0
0.0
0.008251732757199181
0.029075817749572568
0.0
0.0
0.0
0.0
0.0
0.0
0.0
0.0
0.0
0.0
0.0
0.0
0.0
0.0
0.0
0.0
0.0
0.0
0.0
0.0
0.0
0.0
0.0
0.0
0.0
0.0
0.0
0.0
0.0
0.0
0.0
0.04504977072319834
0.0
0.0
0.0
0.0
0.0
0.0
0.0
0.005089173273037626
0.0
0.0
0.0
0.0
0.0
0.0
0.0
0.0
0.0
0.08706095514526388
0.020440351990007353
0.0
0.0
0.0055011551714661214
0.00622120406200261
0.0
0.0
0.0
0.0
0.0
0.0
0.0
0.0
0.0
0.0
0.0
0.004359562328711032
0.0
0.0
0.0
0.0
0.0
0.0
0.013626901326671569
0.007801223001185494
0.0
0.0
0.0
0.0
0.0
0.0
0.0
0.0031933216867405232
0.0
0.0
0.0
0.0
0.0
0.0
0.0
0.0
0.0
0.0
0.0
0.0
0.0
0.0
0.014537908874786284
0.004757717534799996
0.0
0.0
0.0
0.0
0.0
0.0
0.0
0.0
0.0
0.0027505775857330607
0.0
0.0
0.0
0.0
0.0
0.0
0.0
0.0
0.0305566551867745
0.0
0.0
0.0
0.0
0.0
0.0
0.0
0.0
0.0
0.0
0.0
0.0
0.0
0.0
0.004757717534799996
0.0
0.0
0.0
0.0
0.005373102851096039
0.0
0.0
0.006611501347637576
0.0
0.0
0.0
0.007164502830710322
0.0
0.0
0.0
0.0
0.0
0.0
0.0
0.0
0.0
0.0
0.002179781164355516
0.0
0.0
0.0
0.0
0.004930358750088577
0.0
0.0
0.0
0.0
0.0
0.0
0.0
0.012611295085910213
0.0
0.0
0.0
0.0
0.0
0.0
0.0
0.0
0.0
0.0
0.0
0.0
0.0
0.003860923761904515
0.0
0.0
0.007319188065340115
0.0
0.0
0.0
0.0
0.031204892004741976
0.0
0.0
0.0
0.0
0.0
0.0
0.0
0.0
0.0
0.0
0.0
0.0
0.0
0.0
0.004757717534799996
0.0
0.0
0.0
0.0
0.0
0.0
0.0
0.0
0.0
0.0
0.002179781164355516
0.0
0.0
0.0
0.0
0.0
0.0
0.0
0.0
0.0
0.0027505775857330607
0.0
0.0
0.0
0.0
0.0
0.0
0.0
0.0
0.0
0.0
0.0
0.0
0.0
0.0
0.044495962314759364
0.0
0.0
0.0
0.0
0.005373102851096039
0.0
0.0
0.0
0.0
0.0
0.0
0.0
0.07123169057339772
0.0
0.0
0.0
0.0
0.0
0.022658652046354668
0.0
0.002179781164355516
0.0
0.0
0.0
0.0
0.0027505775857330607
0.0
0.0
0.0
0.0
0.0
0.006040704926260031
0.0
0.011002310342932243
0.0
0.0
0.0
0.029075817749572568
0.0
0.0
0.0
0.0
0.0
0.0027505775857330607
0.0
0.0
0.004568610479607054
0.0
0.0
0.0
0.0
0.0
0.007368181229150864
0.039755196107702596
0.0
0.0
0.0
0.0
0.020990191889089526
0.0
0.011002310342932243
0.0
0.0
0.0
0.0
0.0
0.0
0.0
0.054878256011394816
0.007268954437393142
0.0
0.0
0.0
0.0
0.004359562328711032
0.0
0.0
0.0
0.0
0.0
0.0
0.0
0.0
0.0
0.0
0.013993461259393016
0.0
0.0
0.0
0.0
0.0
0.037982464274345706
0.0
0.0
0.0
0.0
0.0
0.0
0.0
0.0
0.0
0.0
0.0
0.0
0.0
0.0
0.0
0.0
0.0
0.0
0.0
0.0
0.0
0.0
0.023042809007464915
0.0
0.03919875429385344
0.0
0.0
0.0
0.0
0.0
0.0
0.0
0.0
0.025546573493924186
0.0
0.0
0.0
0.0
0.0
0.0
0.0
0.0
0.0
0.0
0.0
0.0
0.0
0.0
0.0
0.0
0.0
0.004757717534799996
0.0
0.0
0.0
0.0
0.0
0.0
0.0
0.0
0.10382827182655338
0.0
0.0
0.0
0.0
0.0
0.007368181229150864
0.0
0.04680733800711296
0.0
0.0
0.0
0.0
0.006464462065904157
0.0
0.0
0.0
0.0
0.0
0.0
0.0
0.0059438992724735835
0.05191195603388593
0.050151519814972255
0.0
0.0013752887928665304
0.0
0.0
0.0
0.0
0.0
0.0
0.0
0.0
0.0
0.0
0.0
0.0
0.0
0.0
0.003860923761904515
0.0
0.0
0.0
0.0
0.0
0.002179781164355516
0.0
0.0
0.0
0.0
0.0
0.0
0.0
0.0
0.0
0.0
0.021652247685044642
0.019618030479199647
0.005734851121577562
0.0
0.0
0.0
0.0
0.0
0.0
0.0
0.0
0.0
0.004757717534799996
0.0
0.0
0.002179781164355516
0.026993566575850277
0.0
0.0
0.0
0.0
0.0
0.0
0.0
0.07188111126453696
0.0
0.0
0.047265268845550386
0.0
0.0
0.035550699572220464
0.0
0.0
0.0
0.0
0.0
0.0
0.0
0.0
0.0
0.0
0.0
0.0
0.0
0.0
0.0
0.0
0.0
0.0
0.0
0.0
0.0
0.0
0.0
0.0
0.0
0.06302035846073384
0.0
0.0
0.0
0.0
0.0
0.006937498699155512
0.0
0.0
0.0
0.0
0.004930358750088577
0.0
0.0
0.0
0.03900611500592747
0.0059438992724735835
0.0
0.0
0.0
0.0
0.45524703800873406
0.0
0.0
0.0
0.0
0.06331705828746463
0.0
0.0
0.0
0.0
0.0
0.0
0.0
0.0
0.0
0.0
0.0
0.0
0.0
0.0
0.0
0.0
0.0
0.0
0.0
0.0
0.0
0.0
0.03088739009523612
0.0
0.0
0.0
0.0
0.0
0.0
0.0
0.0
0.0
0.0
0.0
0.0
0.0
0.0
0.0
0.012266012655333051
0.0
0.0
0.0
0.0
0.0
0.0
0.0
0.0
0.0
0.004568610479607054
0.0
0.02750577585733061
0.0
0.0
0.0
0.0
0.0
0.0
0.0
0.0
0.0
0.0
0.0
0.0
0.0
0.0
0.0
0.0
0.0
0.0
0.0
0.0
0.0
0.0
0.0
0.0
0.0
0.0
0.0
0.0
0.0
0.0
0.0
0.0
0.0
0.0
0.0
0.0
0.0
0.0
0.0
0.0
0.0
0.0074626811042684486
0.0
0.0
0.0
0.0
0.0
0.0
0.0
0.0
0.006133006327666526
0.0
0.0
0.0
0.0035550699572220465
0.0
0.0
0.006937498699155512
0.0
0.0
0.0
0.0
0.0
0.0
0.0
0.0
0.0
0.0
0.0
0.0
0.00622120406200261
0.0
0.0
0.0
0.0
0.0
0.0
0.006937498699155512
0.0
0.006611501347637576
0.0
0.0
0.0
0.0
0.0
0.0
0.0
0.0
0.0
0.0
0.0
0.0
0.0
0.0
0.004125866378599591
0.0
0.0
0.08785469154554516
0.0
0.006996730629696508
0.0
0.0
0.0
0.0
0.0
0.0
0.0
0.0
0.0
0.0
0.0
0.0
0.0
0.0
0.0
0.0
0.0
0.0013752887928665304
0.0
0.0
0.0
0.0
0.0
0.0
0.0
0.0
0.0
0.0
0.0
0.0
0.0
0.0
0.004125866378599591
0.0
0.0
0.0031933216867405232
0.0
0.0
0.0
0.0
0.0
0.0
0.0
0.0
0.0
0.0
0.0
0.0
0.0
0.0
0.0
0.0
0.0
0.0
0.0
0.0
0.0
0.0
0.0
0.0
0.0
0.0
0.0
0.013496783287925139
0.0
0.0
0.0
0.0
0.0
0.015361872671643274
0.0
0.0
0.0
0.0
0.0
0.0027505775857330607
0.0
0.0
0.0
0.0
0.0
0.0
0.003860923761904515
0.0
0.0
0.0027505775857330607
0.0
0.0
0.0
0.0
0.0
0.0027505775857330607
0.0
0.0
0.0
0.0
0.0
0.0
0.0
0.0
0.0
0.0
0.0
0.0
0.0
0.0
0.006305647542955106
0.0
0.0
0.02252488536159917
0.0
0.0
0.0
0.007110139914444093
0.0
0.0
0.0
0.0
0.0
0.0
0.0
0.004359562328711032
0.0
0.0
0.0
0.0
0.0
0.0
0.0
0.0
0.0
0.0
0.0
0.0
0.0035550699572220465
0.0
0.0
0.0
0.0
0.0
0.0
0.0
0.0
0.0
0.0
0.01047242510954209
0.014220279828888186
0.0
0.0
0.0
0.0
0.0
0.0
0.0
0.0
0.0
0.0
0.0
0.0
0.0
0.0
0.0
0.0
0.0
0.0
0.0
0.0
0.0
0.0
0.0
0.0
0.0
0.0
0.0
0.0
0.0
0.0
0.0
0.019030870139199983
0.0
0.0
0.0
0.0
0.0
0.0
0.0
0.0
0.0
0.0
0.0
0.0
0.0
0.0
0.0
0.0
0.0
0.0
0.07839750858770687
0.0
0.0
0.0
0.0
0.0
0.0
0.0
0.0
0.0
0.0
0.0
0.0
0.0
0.0
0.0
0.0
0.0
0.00772184752380903
0.003860923761904515
0.0
0.0
0.0
0.0
0.0
0.0
0.0
0.0
0.0
0.0
0.0
0.0
0.0027505775857330607
0.0
0.005734851121577562
0.004757717534799996
0.0
0.006681126818557545
0.0
0.0
0.0
0.02672450727423018
0.0
0.0
0.0
0.0
0.0
0.0
0.0
0.0
0.005734851121577562
0.0
0.008719124657422065
0.0
0.005089173273037626
0.0
0.0
0.0
0.0
0.0
0.0
0.0
0.0
0.0
0.0
0.0
0.0
0.0
0.0
0.0
0.0
0.0
0.0
0.0
0.004359562328711032
0.0031933216867405232
0.0
0.0
0.0
0.0
0.0
0.0
0.0
0.0
0.0
0.0
0.0
0.0
0.0
0.0
0.0
0.0
0.0
0.0
0.0
0.0
0.0
0.0
0.0
0.0
0.0
0.0
0.0
0.0
0.0
0.007268954437393142
0.0
0.0
0.0
0.0
0.0
0.0
0.0
0.0
0.0
0.011469702243155125
0.0
0.0
0.0
0.0
0.013626901326671569
0.0
0.0
0.0
0.0
0.0
0.0
0.021806863312179427
0.0
0.0
0.0
0.0
0.0
0.0
0.0
0.0
0.0
0.0
0.0
0.0
0.0
0.0
0.0
0.0
0.0
0.0
0.0
0.0
0.0
0.0
0.0
0.0
0.0
0.0
0.0
0.023632634422775193
0.0
0.0
0.0
0.0
0.0
0.0
0.0
0.0
0.005621441836829977
0.0
0.0
0.0
0.0
0.0
0.0
0.004757717534799996
0.0
0.0
0.0
0.0
0.0
0.0
0.0
0.0
0.0
0.0
0.0055011551714661214
0.0
0.0
0.0
0.0
0.0
0.0
0.0
0.0
0.0
0.0
0.0
0.0
0.0
0.0
0.0
0.0
0.0
0.0
0.0
0.0059438992724735835
0.0
0.0
0.0
0.0
0.0
0.0
0.0
0.0
0.0
0.0
0.0
0.0
0.0
0.0
0.0
0.0
0.0
0.0
0.0
0.0
0.005621441836829977
0.0
0.0
0.0
0.0
0.0
0.05191195603388593
0.0055011551714661214
0.0
0.0
0.0
0.0
0.0
0.0
0.0059438992724735835
0.006937498699155512
0.0
0.0
0.0
0.0
0.0
0.0
0.0058421271021483505
0.0
0.006464462065904157
0.0
0.0
0.0
0.0
0.014736362458301728
0.0
0.0031933216867405232
0.0
0.0
0.0
0.0
0.0
0.0
0.005734851121577562
0.0
0.0
0.0
0.0
0.0
0.0
0.0
0.0
0.0
0.0
0.0
0.0
0.0
0.0
0.0
0.0059438992724735835
0.0
0.0
0.0
0.005089173273037626
0.0
0.0
0.0
0.0
0.0
0.0
0.0
0.0
0.0
0.011887798544947167
0.0
0.0
0.0
0.0
0.0
0.0
0.0
0.0
0.0
0.0
0.0
0.0
0.020440351990007353
0.0
0.0
0.0
0.0
0.0
0.0
0.0
0.0
0.0
0.0
0.0058421271021483505
0.0
0.0
0.0
0.0
0.0
0.0
0.0
0.0
0.014537908874786284
0.0
0.0
0.0
0.0
0.0
0.0
0.0
0.0
0.0
0.0
0.0
0.0
0.0
0.0
0.0
0.0
0.0
0.0
0.0
0.018399018982999577
0.0
0.0
0.0
0.0
0.0
0.0
0.0
0.0
0.0
0.0
0.0
0.0
0.0
0.0
0.0
0.0
0.0
0.0
0.0
0.0
0.007914632285933079
0.0
0.021162736345935115
0.0
0.0
0.0
0.0
0.002179781164355516
0.0
0.0
0.0
0.0
0.0
0.012081409852520063
0.0
0.0
0.0
0.0
0.0
0.0
0.0
0.0
0.0
0.0
0.0
0.0
0.0
0.0
0.0
0.0
0.0
0.0
0.020812496097466535
0.0
0.0
0.0
0.0
0.021162736345935115
0.0
0.0
0.0
0.0
0.0
0.005373102851096039
0.0
0.0
0.0
0.0
0.0
0.0
0.0
0.0
0.0
0.004359562328711032
0.0
0.0
0.003860923761904515
0.006040704926260031
0.0
0.0
0.0
0.0
0.0
0.0
0.0
0.0
0.0
0.0
0.0
0.0
0.0
0.0
0.0
0.0
0.0
0.0
0.0
0.0
0.0
0.0
0.0
0.0
0.0
0.0
0.005734851121577562
0.0
0.0
0.0
0.0
0.0
0.0
0.0
0.0
0.0
0.0
0.0055011551714661214
0.0
0.0
0.0
0.0
0.0
0.0
0.0
0.0059438992724735835
0.0
0.0
0.0
0.0
0.0
0.0
0.0
0.0
0.0
0.0
0.0
0.0
0.0
0.0
0.0
0.0
0.0
0.0
0.0
0.0
0.0
0.0
0.0
0.0
0.0
0.0
0.0
0.0
0.0
0.0
0.0
0.0
0.0013752887928665304
0.0031933216867405232
0.003860923761904515
0.0
0.0
0.0
0.0
0.0
0.0
0.0
0.013626901326671569
0.0
0.0
0.0
0.0
0.0
0.0
0.0
0.0
0.0
0.0
0.006681126818557545
0.0
0.015361872671643274
0.0
0.0
0.004125866378599591
0.0031933216867405232
0.0
0.0
0.0
0.0
0.0
0.0
0.0
0.005089173273037626
0.011469702243155125
0.0
0.0
0.0
0.0
0.0
0.0
0.0
0.0
0.0
0.0
0.0
0.0
0.0
0.0
0.0
0.0
0.0
0.0
0.0
0.0
0.0
0.0
0.0
0.0
0.005734851121577562
0.002179781164355516
0.0
0.0
0.0035550699572220465
0.0
0.0
0.0
0.0
0.0
0.0
0.0
0.0
0.0
0.0
0.0
0.0
0.0
0.0
0.0
0.006539343493066549
0.0
0.020440351990007353
0.0
0.0
0.0
0.0
0.004757717534799996
0.0059438992724735835
0.0
0.0
0.0
0.14376222252907392
0.0
0.0
0.0
0.0
0.0
0.0
0.0
0.002179781164355516
0.0
0.0
0.0
0.023042809007464915
0.0
0.0
0.0
0.0
0.0
0.035822514153551616
0.0
0.0
0.0
0.0
0.0058421271021483505
0.0
0.006681126818557545
0.01463837613068023
0.0
0.01047242510954209
0.0
0.005236212554771045
0.0
0.0
0.0
0.007110139914444093
0.0
0.0
0.0
0.0
0.004757717534799996
0.0
0.0
0.007217415895014881
0.0
0.0
0.0
0.022917491390080875
0.0
0.0
0.0
0.0
0.0
0.0
0.0
0.0
0.0
0.0
0.0
0.0
0.0
0.0
0.0
0.0
0.038195818983468126
0.0
0.0
0.0
0.0
0.0
0.0
0.0
0.0
0.0
0.0
0.0
0.0
0.0
0.0
0.0
0.0
0.0
0.004757717534799996
0.0
0.0
0.0
0.0
0.0
0.0
0.0
0.0
0.0
0.006611501347637576
0.0
0.0
0.0
0.0
0.0
0.006539343493066549
0.0
0.0
0.0
0.007552884015451556
0.0
0.0
0.0
0.0
0.0
0.0
0.0
0.0
0.0
0.007164502830710322
0.0
0.0
0.0
0.0
0.0
0.0
0.0
0.0
0.004125866378599591
0.0
0.0
0.004125866378599591
0.0
0.02024517493188771
0.003860923761904515
0.0
0.0
0.005734851121577562
0.0
0.0
0.0
0.0
0.0
0.0
0.0
0.0
0.0
0.0
0.0
0.0
0.0
0.0
0.0
0.0
0.0
0.0
0.0
0.006040704926260031
0.006876443964332652
0.0
0.0
0.0
0.0
0.0
0.0
0.0
0.0
0.0
0.004125866378599591
0.0
0.0
0.0
0.0
0.0
0.0
0.0
0.0013752887928665304
0.0
0.0
0.0
0.0
0.003860923761904515
0.002179781164355516
0.0
0.0059438992724735835
0.0
0.0
0.0
0.0
0.0
0.0027505775857330607
0.11131454910156727
0.0
0.002179781164355516
0.0
0.0
0.0
0.0
0.0
0.0
0.0
0.0
0.0
0.0
0.0
0.0
0.012377599135798773
0.0
0.0
0.0
0.0
0.0
0.0
0.012611295085910213
0.0
0.0
0.0
0.0
0.0
0.0
0.0
0.0
0.0
0.0
0.0
0.0
0.0055011551714661214
0.0
0.0
0.0
0.0
0.0
0.0055011551714661214
0.0
0.0
0.0
0.0
0.0
0.0
0.0
0.0
0.0
0.0027505775857330607
0.0
0.0
0.0
0.0
0.0
0.0
0.0
0.0
0.006464462065904157
0.0
0.0
0.0
0.0
0.0
0.0
0.0
0.04608561801492983
0.0
0.007268954437393142
0.0
0.0
0.0
0.0
0.0
0.0
0.0
0.0
0.017204553364732686
0.0
0.0
0.0
0.0
0.0
0.0
0.0
0.0
0.0
0.0
0.0
0.0
0.0
0.0
0.0
0.0
0.0
0.0
0.0
0.0
0.0
0.0
0.0
0.0
0.0
0.0
0.0
0.0
0.0
0.0
0.0
0.0
0.0
0.0
0.02750577585733061
0.0
0.0
0.0
0.0
0.0
0.0
0.0
0.0
0.0
0.0
0.0
0.0
0.0
0.0
0.0
0.04770623532924312
0.0
0.0
0.0
0.0
0.0
0.0
0.0
0.0
0.0
0.0
0.0
0.0
0.0
0.0
0.0
0.011242883673659955
0.0
0.0
0.0
0.007596492854869141
0.0
0.0
0.0
0.0
0.0
0.0
0.004125866378599591
0.0
0.008719124657422065
0.0
0.0
0.0
0.0
0.0
0.0
0.0
0.0
0.0
0.0
0.0
0.0
0.0
0.0
0.0
0.0
0.0
0.0
0.0
0.0
0.0
0.0
0.0
0.0
0.0
0.0
0.0
0.0
0.0
0.0
0.0
0.0
0.005236212554771045
0.0
0.0
0.0
0.0
0.0
0.0
0.0
0.0
0.0
0.0
0.0
0.0
0.0
0.0
0.0
0.0
0.0
0.0
0.0
0.0
0.0
0.0
0.0
0.0
0.0
0.0
0.0
0.0
0.0
0.0
0.0
0.0
0.0031933216867405232
0.0
0.0
0.0
0.0
0.0
0.003860923761904515
0.0
0.002179781164355516
0.0
0.0
0.0
0.0
0.0
0.0
0.0
0.0
0.0
0.00622120406200261
0.0
0.0
0.0
0.0
0.0
0.020629331892997958
0.006876443964332652
0.0059438992724735835
0.0
0.0
0.0
0.0
0.07155935299386468
0.0
0.0
0.0
0.0
0.0
0.0
0.0
0.0
0.0
0.0
0.0
0.0
0.0
0.0
0.0
0.0
0.0
0.0
0.0
0.003860923761904515
0.0
0.0
0.0
0.0
0.0
0.0
0.0
0.0
0.0
0.0
0.0
0.0
0.022658652046354668
0.0
0.0
0.008719124657422065
0.0
0.0
0.0
0.0
0.0
0.0
0.0
0.0
0.0
0.0
0.0
0.0
0.0
0.0
0.006937498699155512
0.0
0.0
0.0
0.0
0.0
0.0
0.0
0.0
0.0
0.0
0.0
0.0
0.007319188065340115
0.0
0.0
0.0
0.0
0.0
0.0
0.0
0.0
0.002179781164355516
0.010746205702192079
0.0
0.0
0.0
0.0
0.0
0.0
0.00957996506022157
0.0
0.0
0.0
0.0
0.0
0.0
0.0
0.012611295085910213
0.0
0.0
0.0
0.0
0.0
0.0031933216867405232
0.0
0.0
0.0
0.0
0.0
0.0
0.0
0.0
0.0
0.004359562328711032
0.0
0.0
0.0
0.0
0.004568610479607054
0.0
0.006305647542955106
0.0
0.0
0.0
0.0
0.0035550699572220465
0.0
0.0
0.0
0.0
0.0
0.0
0.0
0.0
0.0
0.0
0.0
0.0
0.0
0.0
0.0
0.00772184752380903
0.00622120406200261
0.009860717500177155
0.0
0.0
0.0
0.0
0.0
0.0
0.006539343493066549
0.0
0.0
0.0
0.0
0.002179781164355516
0.0
0.0
0.0
0.0
0.0
0.0
0.002179781164355516
0.0
0.0
0.0
0.0
0.0
0.0
0.0
0.0
0.0
0.0
0.0
0.0
0.0
0.0
0.0
0.0
0.0
0.0
0.0
0.0
0.0
0.0
0.0
0.0
0.0
0.0
0.0
0.0
0.0
0.006611501347637576
0.0058421271021483505
0.007552884015451556
0.0
0.0
0.0
0.12604071692146768
0.0
0.0
0.0
0.0
0.0
0.015602446002370988
0.005621441836829977
0.0
0.0
0.0
0.0
0.0
0.003860923761904515
0.006464462065904157
0.0
0.0
0.0
0.0
0.0
0.0
0.0
0.0
0.0
0.0
0.0
0.0
0.0035550699572220465
0.0
0.0
0.0
0.045317304092709336
0.0
0.0
0.0
0.004568610479607054
0.002179781164355516
0.0
0.0
0.0
0.0
0.0
0.0
0.0
0.0
0.0
0.0
0.0
0.0
0.0
0.0
0.0
0.0
0.0
0.0
0.0
0.0
0.0
0.0
0.0
0.00622120406200261
0.0
0.0
0.0
0.0
0.0
0.0
0.0
0.0
0.0
0.0
0.0
0.0
0.0
0.0
0.0
0.0
0.0
0.0
0.007319188065340115
0.020629331892997958
0.0
0.0
0.0
0.0
0.0
0.0
0.0
0.0
0.04703850515262413
0.007680936335821637
0.0
0.0
0.0
0.15174901266957802
0.0
0.0
0.07155935299386468
0.0
0.05540242600153156
0.0
0.0
0.030211536061806224
0.03860923761904515
0.0
0.0
0.015523864332695153
0.06302035846073384
0.0
0.053474146576855376
0.0
0.0
0.011002310342932243
0.0
0.0
0.0
0.09584148168604927
0.0
0.03151017923036692
0.0
0.0
0.007164502830710322
0.0
0.0
0.0
0.0
0.0
0.0
0.007164502830710322
0.0
0.0027505775857330607
0.0
0.0
0.0
0.0
0.0
0.0
0.0
0.0
0.0
0.0
0.0
0.0
0.0
0.0
0.0
0.0
0.031804156886162074
0.0
0.0
0.0
0.0
0.0
0.0
0.0
0.0
0.0
0.007552884015451556
0.031204892004741976
0.0
0.0
0.0
0.005089173273037626
0.0
0.0
0.0
0.0
0.0
0.0
0.0
0.004757717534799996
0.0055011551714661214
0.0
0.013993461259393016
0.006133006327666526
0.0
0.01866361218600783
0.0
0.0
0.0
0.0
0.0
0.0
0.0
0.0
0.0
0.0
0.0
0.0
0.0
0.0
0.0
0.0
0.0
0.0
0.0
0.0
0.0
0.0
0.0
0.0
0.0
0.0
0.0
0.0
0.0
0.0
0.037982464274345706
0.0
0.0
0.0
0.0
0.0
0.0
0.0
0.0
0.0
0.0
0.0
0.0
0.0
0.0
0.0
0.0
0.0
0.0
0.0
0.0
0.0
0.0
0.0
0.0
0.0
0.0
0.0
0.0
0.0
0.0
0.0
0.0
0.0
0.0
0.0
0.0
0.0
0.0
0.0
0.0
0.0
0.0
0.0
0.0
0.0
0.0
0.0
0.0
0.0
0.0
0.0
0.006681126818557545
0.0
0.0
0.0
0.0
0.0
0.0
0.004125866378599591
0.0
0.0
0.0
0.0
0.0
0.01527832759338725
0.0
0.004757717534799996
0.003860923761904515
0.0
0.0
0.0
0.0
0.0
0.0
0.0
0.0
0.0
0.0
0.0
0.0
0.006748391643962569
0.0027505775857330607
0.005621441836829977
0.0
0.0
0.0
0.0
0.0
0.0
0.0
0.0
0.0
0.0
0.006748391643962569
0.0
0.02385311766462156
0.0
0.0
0.0
0.0
0.0
0.0
0.0
0.0
0.0
0.0
0.0
0.0
0.0
0.0
0.0
0.0
0.0
0.0
0.0
0.0
0.0
0.046331085142854174
0.0
0.0
0.0
0.0058421271021483505
0.0
0.0
0.0
0.0
0.0
0.0
0.0
0.0
0.0
0.0
0.0
0.0
0.0
0.0
0.0
0.0
0.004930358750088577
0.0
0.0
0.0
0.0
0.0
0.0
0.0
0.0
0.0
0.0
0.0
0.0
0.0
0.0
0.0
0.0031933216867405232
0.04680733800711296
0.0
0.0
0.0
0.0
0.0
0.0
0.0
0.0
0.0058421271021483505
0.005089173273037626
0.004568610479607054
0.0
0.0
0.0
0.0
0.0
0.0
0.0
0.0
0.0063866433734810464
0.0
0.0
0.0
0.0
0.0
0.0
0.0
0.0
0.0
0.0
0.0
0.0
0.0
0.0
0.0
0.0
0.0
0.0
0.0027505775857330607
0.0
0.0
0.0
0.006464462065904157
0.0
0.0
0.0
0.0
0.0
0.004125866378599591
0.0
0.0
0.0
0.0
0.0
0.0
0.020440351990007353
0.0
0.0
0.0
0.0
0.0
0.0
0.0
0.0
0.0
0.0
0.0
0.0
0.0
0.0
0.0
0.0
0.0
0.0
0.0
0.0
0.0
0.0
0.0
0.0
0.0
0.0
0.0
0.029663974876506245
0.0
0.0
0.0
0.0
0.0
0.0
0.0
0.0
0.0
0.0013752887928665304
0.007415993719126561
0.0
0.005621441836829977
0.012266012655333051
0.0
0.0
0.0
0.0
0.0
0.0
0.0
0.004568610479607054
0.011887798544947167
0.0
0.0
0.0
0.0
0.0
0.0
0.004757717534799996
0.0
0.0
0.0
0.0
0.0
0.0
0.0
0.0027505775857330607
0.0
0.006813450663335784
0.0
0.0
0.0
0.0
0.0
0.0
0.0
0.005621441836829977
0.0
0.0
0.0
0.0
0.0
0.0
0.0
0.0
0.0
0.0
0.0
0.0
0.0
0.0
0.0
0.0
0.07415993719126562
0.0
0.006748391643962569
0.006040704926260031
0.0
0.0
0.0
0.10975651202278963
0.0
0.0
0.0063866433734810464
0.0
0.0
0.0055011551714661214
0.0
0.0
0.0
0.0
0.0
0.0
0.0
0.0
0.007319188065340115
0.0
0.031658529143732315
0.0
0.0
0.0
0.0
0.0
0.0
0.0
0.0
0.0
0.0
0.0
0.0
0.0
0.0
0.0
0.0
0.0
0.0
0.01463837613068023
0.0
0.0
0.0
0.0
0.0
0.0
0.0
0.005089173273037626
0.0
0.0
0.0
0.004125866378599591
0.0
0.0
0.0
0.0
0.0
0.022917491390080875
0.0
0.0
0.0
0.0
0.0
0.0
0.0
0.0
0.012928924131808314
0.006305647542955106
0.0
0.0
0.0
0.0
0.0
0.006539343493066549
0.0
0.0
0.0
0.0
0.0
0.004568610479607054
0.006539343493066549
0.0
0.015105768030903112
0.0
0.0
0.0
0.0
0.0
0.047265268845550386
0.0
0.0
0.023285796499042728
0.0
0.007319188065340115
0.0
0.0
0.0
0.007368181229150864
0.0
0.0
0.014220279828888186
0.0
0.1198018521075616
0.0
0.0
0.006748391643962569
0.0
0.0
0.0
0.021806863312179427
0.0035550699572220465
0.0
0.0
0.0
0.0
0.0
0.0
0.0
0.0
0.0
0.0
0.1198018521075616
0.0
0.0
0.0
0.0
0.0
0.014537908874786284
0.0035550699572220465
0.0
0.0
0.0
0.0
0.0
0.0
0.0
0.0
0.0
0.0035550699572220465
0.1198018521075616
0.0035550699572220465
0.0
0.0
0.0
0.0
0.0
0.0
0.0
0.0
0.0
0.007368181229150864
0.0
0.0
0.0
0.0
0.0
0.0
0.0
0.023042809007464915
0.0
0.014831987438253123
0.0
0.007415993719126561
0.04680733800711296
0.0
0.0
0.0
0.0
0.012773286746962093
0.0
0.006305647542955106
0.0
0.0
0.014831987438253123
0.0
0.0
0.0
0.0
0.0
0.0
0.0
0.0
0.0
0.0
0.0
0.0
0.0
0.0
0.0
0.0
0.0
0.0
0.0
0.0
0.14822323702252438
0.0
0.0
0.0
0.0
0.0
0.0
0.0
0.011242883673659955
0.0
0.013223002695275153
0.15106974520926986
0.0
0.0
0.0
0.07021100701066944
0.0
0.0
0.0027505775857330607
0.005373102851096039
0.0
0.0
0.0
0.0
0.0
0.0
