0.0
0.0
0.0
0.0
0.0006396839560780906
0.0
0.0
0.0
0.0
0.0
0.0
0.0
0.0
0.0
0.0
0.0
0.0
0.0
0.0
0.0
0.0021249841055445027
0.0
0.0
0.0
0.0
0.0
0.0
0.0020277501653934655
0.0
0.0
0.0
0.0
0.0020277501653934655
0.0
0.0
0.0
0.0
0.0
0.0
0.0
0.0
0.0
0.0
0.0
0.0
0.0
0.0
0.0
0.0
0.0
0.0
0.0
0.0
0.0
0.0
0.0
0.0
0.0
0.0
0.0
0.0
0.0
0.0
0.0
0.0
0.0
0.0
0.0
0.0
0.0
0.0
0.0
0.0
0.0
0.0
0.0
0.0
0.0
0.0
0.0
0.0
0.0
0.0
0.0
0.0
0.002893650007614896
0.0
0.002293242994852914
0.0
0.0
0.0
0.0
0.0
0.0
0.0
0.0
0.0
0.0
0.0
0.0
0.0
0.0
0.004425885807183077
0.0
0.0
0.0
0.0
0.0
0.0
0.0
0.0
0.0
0.0
0.001795819902657108
0.0
0.0
0.0
0.0
0.0
0.0
0.0
0.0
0.0
0.0
0.0
0.0
0.0
0.0
0.0
0.00496067711632447
0.0
0.0
0.0
0.0
0.0
0.0
0.0
0.0
0.0
0.0
0.0
0.0
0.0
0.0
0.0
0.0
0.0
0.0
0.0
0.0
0.0
0.0
0.0
0.0
0.0
0.002970600298932824
0.0
0.0020277501653934655
0.0
0.0
0.0
0.0
0.0
0.0
0.0
0.0
0.0
0.0
0.0
0.0
0.0
0.003041625248090198
0.0
0.0
0.002970600298932824
0.0
0.0
0.0
0.0
0.0
0.0
0.0
0.0
0.0
0.0
0.0
0.0
0.0
0.0
0.0
0.0
0.0
0.0
0.0
0.0
0.0
0.0
0.0
0.0
0.0
0.0
0.0
0.0
0.0
0.0
0.0
0.0
0.0
0.0
0.0
0.0
0.0
0.0
0.0
0.0
0.002893650007614896
0.0
0.0
0.0
0.0
0.0
0.0
0.0
0.0
0.0
0.0
0.0
0.0031075725015153846
0.0
0.0
0.0
0.0
0.0
0.0
0.0
0.0
0.0
0.0
0.0
0.0
0.0
0.006150375629626579
0.0
0.002293242994852914
0.0
0.0
0.0
0.0
0.0
0.0
0.0
0.0
0.0
0.0
0.0
0.0
0.0
0.0
0.0
0.0
0.0
0.0
0.0
0.0
0.0029329269509310043
0.0
0.002293242994852914
0.0
0.0
0.0
0.0
0.0
0.0
0.0
0.0
0.0
0.0
0.0
0.0
0.0010138750826967327
0.0
0.0
0.0
0.0
0.0
0.0
0.0
0.0
0.004734223836257976
0.004425885807183077
0.0
0.0
0.0
0.0
0.0
0.0
0.0
0.0
0.0
0.0
0.0
0.0
0.0
0.0
0.0022129429035915387
0.0
0.0
0.0
0.0
0.0
0.0
0.0
0.0
0.0
0.0
0.0
0.0
0.002293242994852914
0.0
0.0
0.0
0.0
0.0
0.0
0.0
0.0
0.0
0.0031984197803904533
0.0
0.0
0.0
0.0
0.0
0.0
0.0
0.0
0.0
0.0
0.0
0.0
0.0
0.0
0.0
0.0
0.0
0.0
0.0
0.0
0.0
0.0
0.0
0.0
0.0
0.05129682343065844
0.0
0.0
0.0
0.0
0.0
0.0
0.001795819902657108
0.0022129429035915387
0.0
0.0
0.0
0.0
0.0
0.0
0.0
0.0
0.0
0.0
0.0
0.0
0.0
0.0
0.0038381037364685435
0.0
0.0
0.0
0.0
0.0
0.0
0.0
0.0
0.0
0.0
0.0
0.0
0.0
0.0
0.0
0.0
0.0
0.0
0.0
0.0
0.0
0.0
0.0
0.0
0.0
0.0
0.0
0.0
0.0
0.0
0.0
0.009996700928652581
0.0
0.0
0.0
0.0
0.0
0.0
0.0
0.0
0.0
0.0
0.0
0.0
0.002367111918128988
0.0
0.0
0.0
0.0
0.010213056053102054
0.0
0.0
0.0
0.0
0.0
0.0
0.0
0.0
0.0
0.0
0.0
0.0
0.0
0.0
0.0
0.0
0.0
0.0
0.001795819902657108
0.0
0.0
0.0
0.0
0.0
0.0
0.0
0.0
0.0
0.0
0.0
0.0
0.0
0.0
0.0
0.0
0.0
0.0
0.0
0.0
0.0
0.0
0.0
0.0
0.00722056851002183
0.0
0.0
0.0
0.018320294082378015
0.0033324037379298507
0.0
0.0
0.0
0.0
0.0
0.0
0.0
0.0
0.0
0.0029329269509310043
0.001279367912156181
0.001485300149466412
0.0
0.0006396839560780906
0.0
0.0
0.0038381037364685435
0.0
0.0
0.0
0.0
0.0
0.0
0.0
0.0
0.0
0.0
0.0
0.0
0.0
0.0
0.0
0.0
0.0
0.0
0.0
0.0
0.0
0.0
0.0
0.0
0.002717331076932559
0.0
0.0
0.0
0.0
0.010458737602452839
0.0
0.002558735824312362
0.0
0.0
0.018491215265289757
0.0
0.0
0.0
0.0
0.0
0.0
0.002970600298932824
0.015845599475078784
0.0
0.0
0.0
0.0
0.012555436752964942
0.01114461531267414
0.003698243053057951
0.0019190518682342718
0.0
0.0
0.0
0.0
0.0
0.036982430530579515
0.0
0.0
0.0
0.0
0.0
0.0
0.0
0.0
0.0
0.0
0.0
0.0
0.0
0.0
0.0
0.0
0.0
0.0
0.0
0.0
0.0
0.0
0.0
0.007026100629719756
0.0
0.0022129429035915387
0.0
0.0
0.0
0.0
0.0
0.0
0.0034271400612082004
0.0021249841055445027
0.0024355038587351983
0.0
0.008911800896798473
0.0
0.0
0.0
0.0
0.0
0.0
0.0
0.0
0.0
0.0
0.0
0.0
0.0
0.0
0.0
0.0
0.03472473981427129
0.0
0.0
0.0
0.0
0.0
0.0
0.0
0.0
0.0
0.0
0.0
0.0006396839560780906
0.0
0.0
0.0
0.0
0.0
0.0
0.0010138750826967327
0.0
0.0
0.0
0.0
0.0
0.0
0.002558735824312362
0.0
0.0
0.0
0.0016535590387748234
0.0
0.0
0.0
0.0
0.009763105070073901
0.0
0.0
0.0
0.0
0.0
0.0
0.0
0.0
0.0
0.0
0.0
0.0
0.0
0.0
0.0
0.0
0.0
0.0
0.0
0.0
0.0
0.0
0.0
0.0
0.0
0.0
0.0
0.0
0.0
0.0
0.0
0.0
0.0
0.0
0.0
0.0
0.0
0.0
0.0
0.0
0.0
0.0
0.0
0.0
0.0
0.0
0.0
0.0
0.0
0.0
0.0
0.0
0.0
0.0
0.0028526268596696294
0.0
0.0
0.0
0.0
0.0
0.0
0.0
0.0
0.0
0.0
0.0022129429035915387
0.0
0.0
0.0
0.0
0.0
0.0
0.0
0.0
0.0
0.0
0.0
0.0
0.0
0.0
0.0
0.0
0.0
0.001485300149466412
0.0
0.0
0.0
0.0
0.0
0.0
0.0
0.021972014317688648
0.0
0.0
0.0
0.0
0.0010138750826967327
0.03265703534978948
0.0
0.0
0.002717331076932559
0.0
0.0
0.0
0.0058658539018620086
0.0
0.002558735824312362
0.0
0.0
0.0
0.0
0.0
0.0
0.0
0.0
0.0
0.0
0.0
0.0
0.0
0.0
0.0
0.0
0.0
0.0
0.0
0.0
0.0
0.0
0.0
0.0
0.0
0.0
0.0
0.0
0.0
0.0
0.0
0.0
0.0
0.0
0.0
0.0
0.0
0.0
0.0
0.0
0.0
0.0
0.0
0.0
0.0
0.0
0.0
0.0
0.0
0.0
0.07489574438941506
0.0
0.0
0.0
0.0
0.0
0.0
0.0
0.033131782837514605
0.01444113702004366
0.0
0.0
0.0
0.0
0.0
0.0
0.0
0.0
0.0
0.0
0.002717331076932559
0.0
0.0034043520177006845
0.0
0.008680950022844688
0.0
0.03006795874207079
0.0
0.0
0.0
0.0
0.0
0.0
0.0
0.0
0.0
0.0
0.0
0.0
0.0
0.0
0.0
0.0
0.0
0.0
0.0
0.0
0.002367111918128988
0.0
0.0
0.0010138750826967327
0.0
0.0
0.009124875744270594
0.0
0.0
0.0
0.0
0.02759503153145545
0.0028526268596696294
0.0022129429035915387
0.0
0.0
0.0
0.0
0.0
0.0
0.015992098901952266
0.0
0.0031691198950157566
0.0
0.0067140300660213
0.006562240104247041
0.0
0.0
0.0
0.0
0.0
0.0
0.0
0.0
0.0
0.0
0.0
0.0
0.0
0.0
0.0
0.0
0.0
0.0
0.0
0.0
0.0
0.0
0.0
0.0
0.0
0.0
0.0
0.0
0.0
0.0
0.0
0.0
0.0
0.0
0.0
0.0
0.0
0.0
0.0
0.0
0.0
0.0
0.0
0.0
0.0
0.0
0.0
0.0
0.0
0.0
0.0
0.0
0.0
0.0
0.0
0.0
0.0
0.001279367912156181
0.0
0.0
0.0
0.0
0.0
0.0
0.0
0.0
0.0
0.0
0.006898757882863863
0.0
0.0
0.0
0.0
0.0
0.0
0.0
0.0
0.0
0.0
0.0
0.0010138750826967327
0.0
0.0
0.0
0.0
0.0
0.0
0.002970600298932824
0.0
0.0
0.0
0.0
0.0
0.0
0.0
0.0
0.0
0.0
0.0
0.0029329269509310043
0.0
0.0
0.0
0.0
0.0
0.0
0.0
0.0
0.0
0.0
0.0
0.0
0.0
0.0
0.0
0.0
0.0
0.0
0.0
0.0
0.0
0.01065954411308523
0.0
0.0
0.0
0.0
0.0
0.0
0.0
0.0
0.0
0.0
0.0
0.0
0.0
0.0
0.0
0.0
0.0
0.0
0.0
0.0
0.0
0.0
0.0
0.0
0.029890641846258153
0.0
0.0
0.0
0.0
0.0292893152102217
0.001279367912156181
0.01704852701114639
0.0
0.0
0.0
0.0
0.0
0.0
0.0
0.0
0.0
0.0
0.0
0.0
0.0
0.0
0.0010138750826967327
0.02120000378215792
0.0
0.001279367912156181
0.0
0.0
0.0
0.11887589666852416
0.0
0.0
0.0
0.05943794833426208
0.0
0.0
0.0
0.0
0.0
0.0
0.012430290006061539
0.0
0.0
0.0
0.0
0.0
0.006942189010029897
0.0006396839560780906
0.0
0.0
0.0
0.0
0.0
0.0
0.0
0.0024355038587351983
0.0
0.0
0.0
0.0
0.0
0.0
0.0
0.0
0.0
0.0
0.0
0.0
0.0
0.0
0.0
0.0
0.0
0.0
0.006508736713382601
0.0
0.0
0.0
0.0
0.0
0.0
0.0
0.0
0.0
0.0
0.0
0.0
0.0
0.0
0.0
0.0
0.0
0.0
0.0
0.002293242994852914
0.0
0.0
0.0
0.0
0.0
0.0
0.0
0.0
0.0
0.0
0.0
0.0
0.0
0.0
0.0
0.0
0.0
0.0
0.0
0.0
0.0
0.0
0.0
0.0
0.0
0.0
0.0
0.0
0.0
0.0
0.0
0.0034493789414319314
0.0
0.0
0.0
0.0
0.0019190518682342718
0.0
0.0
0.0
0.0
0.0
0.0016535590387748234
0.0
0.0
0.0
0.0
0.0
0.0
0.0
0.007183279610628432
0.0
0.0
0.0006396839560780906
0.0022129429035915387
0.0
0.0
0.001795819902657108
0.0
0.0
0.0
0.0
0.0
0.0
0.0
0.0
0.0
0.0
0.0
0.0
0.0
0.0
0.0
0.0
0.0
0.0
0.0
0.0
0.0
0.0
0.0
0.0
0.0
0.0
0.0
0.0
0.0
0.0
0.0
0.002367111918128988
0.0
0.0
0.0
0.0
0.0
0.010539150944579634
0.0
0.0
0.0
0.0
0.001279367912156181
0.0
0.0
0.0033071180775496468
0.0
0.0
0.0
0.0
0.0
0.0
0.0
0.0016535590387748234
0.0
0.0
0.0
0.0
0.0
0.0
0.0
0.0035531813710284097
0.0
0.0
0.001795819902657108
0.0
0.0
0.0
0.0
0.0
0.0
0.0
0.0
0.0
0.0
0.0
0.0
0.0
0.0
0.0
0.0021249841055445027
0.0
0.0
0.0
0.0
0.0
0.001279367912156181
0.0
0.0
0.0
0.0
0.0
0.03664058816475603
0.0
0.010669736485886224
0.0
0.0
0.0
0.0
0.0
0.0
0.0
0.0
0.0
0.0006396839560780906
0.0
0.0
0.0
0.0
0.0
0.0
0.0
0.0
0.0
0.0
0.0
0.0
0.0
0.0
0.0
0.0
0.0
0.0
0.0
0.0
0.0
0.0
0.0
0.002293242994852914
0.0
0.0
0.0
0.0
0.0
0.0
0.0
0.0
0.0
0.0
0.0
0.0
0.0
0.0
0.0
0.0
0.003610284255010915
0.0
0.0
0.0
0.0
0.0
0.0
0.0
0.0
0.0
0.0
0.0
0.0
0.0
0.0
0.0010138750826967327
0.0
0.0
0.0032811200521235206
0.0
0.0
0.0
0.0
0.0
0.0
0.0
0.0
0.0
0.0066142361550992936
0.0
0.001279367912156181
0.0
0.0
0.0
0.0
0.0
0.0
0.0
0.0
0.0
0.0
0.0
0.0
0.0
0.0
0.0
0.0
0.0
0.0
0.0
0.0
0.0
0.0
0.0
0.0
0.0
0.0
0.0
0.0
0.0
0.0
0.0
0.0
0.0
0.0
0.0
0.0
0.001795819902657108
0.0
0.0
0.0
0.0
0.0
0.0
0.0
0.0
0.0
0.0
0.0
0.0
0.002367111918128988
0.0
0.0
0.0
0.0
0.0
0.0
0.0
0.0
0.0
0.0
0.0
0.0
0.0
0.0
0.0
0.0
0.0
0.0
0.0
0.0
0.0
0.00335701503301065
0.0
0.0
0.0
0.0
0.0
0.0
0.005941200597865648
0.0
0.0
0.0
0.0
0.001485300149466412
0.0
0.0
0.0
0.0
0.0
0.0
0.0
0.0
0.0
0.0
0.0
0.0
0.0
0.0
0.0
0.0
0.0
0.0
0.0
0.0010138750826967327
0.0
0.0
0.0
0.0
0.0
0.0
0.0
0.0
0.0
0.0
0.0
0.0
0.0
0.0
0.0
0.0
0.0
0.0
0.0
0.0
0.0
0.0
0.0
0.0
0.0
0.0
0.006150375629626579
0.0
0.0
0.0
0.0
0.006879728984558743
0.0
0.0
0.0
0.0
0.0
0.0
0.0
0.0
0.0
0.0
0.0
0.0
0.0
0.0
0.0030416252480901986
0.0
0.0
0.0
0.0020277501653934655
0.0
0.0
0.0
0.0
0.0
0.006338239790031513
0.0
0.0031388591882412355
0.012676479580063026
0.0
0.00698462163149544
0.0
0.0
0.0
0.0
0.0
0.0
0.0
0.0
0.05917188884892722
0.0
0.0
0.0
0.0
0.002367111918128988
0.0
0.0
0.0
0.0
0.0
0.0
0.0
0.0
0.0
0.0
0.0
0.0
0.0
0.0
0.0
0.0
0.0
0.0
0.0
0.0
0.0
0.0
0.0
0.0
0.0
0.002367111918128988
0.0
0.010413283515044846
0.0
0.0
0.0
0.0
0.0
0.0
0.0
0.0
0.0
0.0
0.0
0.0
0.0
0.0
0.0020277501653934655
0.0
0.0
0.0
0.0
0.0
0.0
0.0
0.0
0.0
0.0
0.0
0.0
0.0
0.0
0.0
0.002558735824312362
0.0
0.0006396839560780906
0.0
0.0
0.0
0.0
0.0
0.0
0.0
0.0
0.0
0.0
0.0
0.006562240104247041
0.001279367912156181
0.0
0.0
0.0
0.0
0.0
0.0
0.0
0.00335701503301065
0.0
0.0
0.0
0.0
0.0
0.0
0.0
0.0
0.0
0.0
0.0
0.0
0.0
0.0
0.0
0.0
0.0
0.0
0.0
0.0
0.0
0.0
0.0
0.0
0.01814279741654971
0.0
0.0
0.0
0.0
0.0
0.0
0.0
0.0
0.007106362742056819
0.0
0.0
0.0
0.0
0.0
0.002893650007614896
0.0
0.0
0.0
0.0
0.0
0.0
0.0
0.0
0.0
0.0
0.0
0.0
0.0
0.0
0.0
0.0
0.0
0.0
0.0
0.0
0.0
0.002717331076932559
0.0
0.0
0.0
0.0
0.0
0.0
0.0
0.0
0.0
0.0
0.0
0.0
0.0
0.0
0.0
0.0
0.0
0.0
0.0
0.0
0.0
0.0
0.0
0.0
0.0
0.0
0.0
0.0
0.0
0.0
0.0
0.0
0.0
0.0
0.0
0.0
0.0
0.0
0.0
0.0
0.0
0.0
0.0
0.0006396839560780906
0.0
0.0
0.0
0.0
0.0
0.0006396839560780906
0.0
0.0
0.0
0.0
0.0
0.0
0.0
0.0
0.0
0.0
0.0030751878148132894
0.0
0.0
0.0
0.0
0.0
0.0
0.0
0.0
0.0
0.0
0.0
0.0
0.0
0.0
0.0
0.0
0.0010138750826967327
0.0
0.0
0.0
0.0
0.0
0.0
0.0
0.0
0.0
0.0
0.0
0.0
0.0
0.0
0.0
0.0
0.0
0.0
0.0
0.0
0.0
0.0
0.0
0.0
0.0
0.0
0.0
0.0
0.0
0.0
0.0
0.0
0.0
0.0
0.0
0.0
0.0
0.0
0.0
0.0
0.0
0.0
0.0
0.0
0.0
0.0
0.0
0.0
0.0
0.0
0.0
0.0
0.0
0.002893650007614896
0.0030416252480901986
0.0
0.0022129429035915387
0.0
0.0
0.0
0.0
0.0
0.0
0.0
0.0
0.0
0.0
0.0
0.0
0.0
0.0
0.0
0.0
0.0
0.0
0.0
0.0
0.0
0.0
0.0
0.0
0.0
0.0
0.0
0.0
0.0
0.0
0.0
0.0
0.0
0.0
0.0
0.0
0.025352959160126053
0.02133947297177245
0.0
0.0
0.002293242994852914
0.002893650007614896
0.0
0.0
0.0006396839560780906
0.0
0.0
0.0
0.0
0.0
0.0
0.0
0.0
0.0
0.0
0.0
0.0
0.0
0.0
0.0
0.0
0.0
0.0
0.0
0.0
0.0
0.0
0.0
0.0
0.0
0.0
0.0
0.0
0.0
0.0
0.0
0.0033324037379298507
0.0
0.0
0.0
0.0
0.0
0.0
0.0
0.0
0.0
0.0
0.0
0.0
0.0
0.0
0.0
0.0
0.0
0.0
0.0
0.0
0.0
0.0
0.0
0.0
0.0010138750826967327
0.0
0.0
0.0
0.0
0.0
0.0
0.0
0.0
0.0
0.0
0.0
0.0
0.0
0.0006396839560780906
0.002558735824312362
0.0
0.0
0.0
0.0
0.0
0.0
0.0
0.0
0.0
0.0
0.0
0.0
0.0
0.0
0.0
0.0
0.0
0.0
0.0
0.0
0.0
0.0
0.0
0.0
0.0
0.0
0.0
0.004734223836257976
0.0
0.0
0.0
0.0
0.002893650007614896
0.011731707803724017
0.0
0.03226219646024105
0.0
0.003572610907009095
0.0
0.0
0.0
0.0
0.0
0.0
0.044841926238615104
0.0
0.012300751259253158
0.0
0.0
0.0
0.021753007510607693
0.0
0.0
0.0
0.0
0.0
0.0
0.0
0.0
0.0
0.0
0.0
0.035726109070090946
0.0
0.0
0.0
0.0
0.0
0.0
0.0
0.0
0.0
0.0
0.0
0.0
0.0
0.0
0.0
0.0
0.0
0.0
0.0
0.0
0.0
0.0
0.0
0.0
0.0
0.0
0.0
0.0
0.0
0.0
0.0
0.0
0.0
0.0
0.0
0.0
0.0
0.0
0.0
0.0
0.0
0.0
0.0
0.0
0.0
0.003591639805314216
0.0
0.0
0.006083250496180396
0.0
0.0
0.0
0.0
0.0
0.0
0.0
0.0
0.0
0.0
0.0
0.0020277501653934655
0.0
0.0030751878148132894
0.0
0.006638828710774616
0.0
0.0034043520177006845
0.0
0.0
0.0
0.0
0.0
0.0
0.0
0.00959525934117136
0.0
0.0
0.0
0.0
0.0
0.0
0.0
0.0
0.0
0.0
0.0
0.0
0.0
0.0006396839560780906
0.0
0.0
0.0
0.0
0.0
0.0
0.0
0.002667434121471556
0.0
0.0
0.0
0.0
0.0
0.0
0.0
0.0
0.0
0.0
0.0
0.0
0.0
0.0
0.0
0.0
0.0
0.011731707803724017
0.0
0.0019190518682342718
0.0
0.0
0.0
0.0
0.0
0.0
0.0
0.0
0.0
0.0006396839560780906
0.0
0.0
0.0
0.0
0.0
0.0
0.0
0.0
0.0
0.0
0.0
0.0
0.0
0.0
0.0
0.0
0.0
0.0
0.0
0.0
0.0
0.0
0.0
0.0
0.0
0.0
0.0
0.0
0.0
0.0
0.003572610907009095
0.0
0.0
0.0
0.0
0.0
0.0016535590387748234
0.005334868242943112
0.0
0.0
0.0
0.0
0.0058658539018620086
0.0
0.0
0.0
0.0
0.0
0.0
0.0
0.0
0.0
0.0
0.0
0.0
0.0
0.0
0.0
0.0
0.0
0.0
0.0
0.0
0.0
0.0
0.0
0.0
0.0
0.0
0.0
0.0
0.0
0.0
0.0
0.0
0.0
0.0
0.0
0.0027646680616225934
0.0
0.0
0.0
0.0
0.0
0.0
0.0
0.0
0.0
0.0
0.0
0.0
0.0
0.0
0.0
0.0
0.0
0.0
0.0
0.0
0.0
0.0
0.0
0.0
0.0
0.0
0.0
0.001279367912156181
0.0
0.0
0.0
0.0
0.0
0.0
0.0030416252480901986
0.0
0.0
0.0
0.0016535590387748234
0.0
0.006083250496180397
0.0
0.0
0.0
0.0
0.0
0.0
0.0
0.0
0.0
0.0
0.0020277501653934655
0.007097125578877129
0.0
0.038866673600622854
0.0
0.0
0.0
0.0
0.014212725484113639
0.0
0.0
0.018491215265289757
0.01420267150877393
0.0
0.0
0.008680950022844688
0.0
0.0
0.0
0.0
0.0
0.0
0.0
0.001279367912156181
0.0
0.0
0.0
0.0
0.0
0.0
0.0
0.0
0.0
0.0
0.0
0.0
0.0
0.0
0.0
0.0
0.0
0.0
0.0
0.0
0.0
0.005787300015229792
0.002970600298932824
0.0
0.0
0.0
0.0
0.0
0.0
0.0
0.0
0.0
0.0
0.0
0.0
0.0
0.0
0.0010138750826967327
0.0
0.0
0.0
0.0022129429035915387
0.0
0.0
0.0
0.0
0.0
0.0
0.0006396839560780906
0.0
0.0
0.0
0.0
0.0
0.0
0.0
0.0
0.0
0.0
0.0
0.0
0.0
0.0
0.0
0.0
0.0016535590387748234
0.0
0.0
0.0010138750826967327
0.0
0.0
0.0
0.0
0.0
0.0
0.0
0.0
0.0
0.0
0.0
0.0
0.0
0.0
0.0
0.0
0.0
0.0
0.0
0.0
0.0
0.0
0.0
0.0
0.0
0.015845599475078784
0.0
0.0
0.0
0.0
0.0
0.0
0.0
0.0030751878148132894
0.002558735824312362
0.0
0.0
0.001279367912156181
0.0
0.0
0.0010138750826967327
0.0
0.0
0.0
0.0
0.010413283515044846
0.0
0.0
0.0
0.001279367912156181
0.0030067958742070787
0.0
0.0
0.0
0.0
0.0
0.0
0.0
0.0
0.0020277501653934655
0.0
0.0
0.0
0.0
0.0
0.0
0.0
0.0
0.0
0.0031984197803904533
0.0
0.0
0.0020277501653934655
0.0
0.0
0.0
0.0
0.0
0.0
0.0
0.0
0.0
0.0
0.001279367912156181
0.0
0.0
0.0
0.0
0.0
0.0
0.0
0.0
0.0
0.005434662153865118
0.0019190518682342718
0.0
0.0
0.0
0.0
0.0
0.0
0.0
0.0
0.013617408070802738
0.0
0.005434662153865118
0.0
0.0006396839560780906
0.0
0.0
0.0
0.0
0.0
0.0
0.0
0.0
0.0
0.0
0.0
0.0
0.0
0.0
0.0033071180775496468
0.0
0.0
0.0
0.001485300149466412
0.0
0.0
0.0
0.0
0.0
0.0
0.0
0.00729295966057034
0.0
0.0
0.0
0.0
0.0
0.002809694985353841
0.0030416252480901986
0.0
0.0
0.0
0.0
0.0
0.0
0.0
0.0
0.0
0.0
0.0
0.0
0.0
0.0
0.0
0.001485300149466412
0.0
0.0
0.0
0.0
0.0
0.0
0.0
0.0
0.0
0.0
0.0
0.0
0.0
0.0
0.0
0.0
0.0033071180775496468
0.0
0.0
0.0
0.0
0.0
0.0
0.0
0.0
0.0
0.0
0.0
0.0
0.0
0.0
0.0031388591882412355
0.0
0.0
0.0
0.0
0.0022129429035915387
0.010717832721027287
0.0
0.0
0.0
0.0
0.0
0.0
0.0
0.0
0.0
0.0
0.0
0.0
0.0
0.0
0.0
0.0
0.0
0.0
0.0
0.0
0.0
0.0
0.001795819902657108
0.001795819902657108
0.0
0.0
0.0
0.0
0.005334868242943112
0.0
0.0
0.0
0.0
0.0
0.0
0.003591639805314216
0.0
0.0
0.0
0.0
0.0
0.0
0.0
0.0
0.0
0.0
0.0
0.0
0.0
0.0
0.0
0.0
0.00959525934117136
0.0
0.0
0.0
0.02228923062534828
0.0
0.0
0.0
0.0
0.0
0.0
0.0
0.0
0.0
0.0029329269509310043
0.0
0.0
0.0
0.0
0.0021249841055445027
0.0
0.0
0.0
0.0
0.0022129429035915387
0.0
0.0
0.0
0.0
0.0
0.0
0.0
0.0
0.0
0.0
0.0028526268596696294
0.0
0.0
0.0
0.0
0.006083250496180397
0.0
0.0
0.0
0.0
0.0
0.0
0.0019190518682342718
0.0
0.0
0.0
0.0
0.0
0.04763276461418283
0.0
0.0
0.0
0.0
0.0
0.0
0.0
0.01919051868234272
0.002893650007614896
0.005529336123245187
0.0
0.0
0.0
0.0
0.002293242994852914
0.0
0.0
0.0
0.0
0.0
0.0
0.0
0.016904935004128607
0.0
0.0
0.0
0.19419511727320693
0.0
0.0
0.0
0.0
0.0
0.008002302364414668
0.0
0.020285922004954327
0.0
0.0
0.0
0.0
0.0
0.0
0.05162908778061235
0.0006396839560780906
0.0
0.0
0.0
0.0
0.003698243053057951
0.0
0.022305251819328117
0.0
0.0
0.0
0.0
0.0
0.0016535590387748234
0.0
0.0
0.0
0.0
0.0
0.0
0.0
0.0
0.0
0.0
0.0
0.0
0.0
0.0
0.0
0.0
0.0
0.0
0.0
0.0
0.0
0.04785701965418776
0.0
0.0066142361550992936
0.0
0.0
0.0
0.0
0.0
0.0
0.0
0.0
0.0
0.0
0.0
0.0
0.0
0.0
0.0
0.0
0.0
0.0
0.0058658539018620086
0.0
0.0
0.0
0.005117471648624724
0.0
0.0
0.0
0.0
0.0
0.0
0.0
0.0
0.0
0.0
0.0
0.0
0.0
0.0
0.0
0.0
0.0
0.0
0.0
0.0
0.0
0.0
0.0
0.0
0.0
0.0
0.0
0.0
0.007101335754386965
0.0
0.0
0.0
0.0
0.0
0.0
0.0
0.0
0.0
0.0
0.0
0.0
0.0
0.0
0.0
0.0
0.0
0.0
0.0
0.0
0.0
0.0
0.0
0.0
0.0
0.0
0.0
0.0
0.0
0.0
0.01919051868234272
0.02499175232163145
0.007306511576205594
0.001795819902657108
0.0
0.0
0.0
0.0
0.0
0.005787300015229792
0.0
0.0
0.0
0.0
0.0
0.0
0.0
0.0
0.0
0.0
0.0
0.0
0.0
0.0020277501653934655
0.0
0.0
0.0
0.0
0.0
0.0020277501653934655
0.17911150770186537
0.0
0.0
0.0
0.0
0.0
0.0
0.0
0.0
0.005434662153865118
0.007306511576205594
0.0
0.0
0.0
0.0
0.0
0.0
0.0
0.0
0.0
0.0
0.0
0.0
0.0
0.0
0.0
0.0
0.0
0.006761974001651442
0.002367111918128988
0.0
0.0
0.0
0.0
0.0
0.0
0.01458591932114068
0.0
0.0
0.0
0.0
0.0
0.0
0.0
0.0
0.0
0.0
0.0
0.0
0.0
0.0
0.0
0.002970600298932824
0.0
0.002717331076932559
0.004055500330786931
0.0
0.0
0.0
0.0
0.03281831847256653
0.009742015434940793
0.0
0.0
0.001279367912156181
0.0
0.0
0.0
0.0
0.0
0.026456944620397174
0.0
0.0
0.0
0.0
0.0
0.0
0.0
0.0
0.0
0.0
0.0
0.0
0.0
0.0
0.0024991752321631452
0.0
0.0020277501653934655
0.008911800896798473
0.0
0.0
0.0
0.0
0.0
0.0
0.0
0.002558735824312362
0.0
0.0
0.016999872844356022
0.0
0.0038381037364685435
0.0
0.002558735824312362
0.0
0.0
0.0016535590387748234
0.0
0.0
0.0
0.0
0.0
0.0
0.0
0.009843360156370561
0.0
0.0
0.0
0.04889235142046808
0.0
0.0
0.0
0.0
0.0
0.0
0.0
0.0
0.0
0.0
0.0
0.0
0.0
0.0
0.0
0.0
0.0
0.0
0.0
0.0
0.0
0.0
0.0
0.0
0.0
0.0
0.0
0.3900615359435949
0.0
0.0
0.007101335754386965
0.002367111918128988
0.0
0.0
0.0
0.0
0.0
0.0
0.0
0.05834367728456272
0.0
0.0
0.0
0.0
0.0
0.0
0.0
0.0
0.0
0.004425885807183077
0.0
0.0
0.0
0.0
0.0
0.0
0.05331845980687761
0.0
0.0
0.0032811200521235206
0.0
0.0
0.0
0.002809694985353841
0.0
0.0
0.0
0.0
0.0
0.0
0.0
0.0
0.0
0.0
0.0
0.0
0.0
0.0
0.0
0.0
0.0
0.0
0.0
0.0
0.006508736713382601
0.0024355038587351983
0.0
0.0
0.0
0.0
0.0
0.0
0.0
0.0
0.0
0.0
0.0
0.0
0.0
0.0
0.0
0.0
0.0
0.0
0.0
0.0
0.0
0.0
0.0
0.0
0.0
0.0
0.0
0.0
0.0
0.0031984197803904533
0.0
0.0
0.001485300149466412
0.0
0.0
0.0032543683566913003
0.0024355038587351983
0.0
0.0
0.02129137673663139
0.0
0.0
0.0
0.0
0.015352414945874174
0.0
0.0
0.0
0.0024991752321631452
0.0
0.0
0.0
0.0020277501653934655
0.0
0.0
0.0
0.0
0.0
0.0
0.0
0.0
0.0
0.0
0.0
0.0
0.0
0.0
0.0
0.0
0.0
0.0
0.014263134298348147
0.0
0.0
0.0
0.0
0.0
0.0
0.0
0.0
0.0
0.0
0.0
0.0
0.0
0.0
0.0
0.0
0.0
0.0
0.0
0.0
0.0
0.0
0.0
0.0
0.0
0.0031075725015153846
0.0
0.0
0.0
0.0
0.0
0.0
0.0
0.0
0.0
0.0020277501653934655
0.0
0.0
0.0
0.0
0.0
0.0
0.0
0.0
0.0
0.0
0.0
0.01060000189107896
0.0016535590387748234
0.0010138750826967327
0.0
0.0
0.0
0.0
0.0
0.0
0.0
0.0
0.0
0.0
0.0
0.0
0.0
0.0
0.0
0.0
0.01444113702004366
0.0
0.0
0.0
0.0
0.0
0.0
0.0
0.0
0.0
0.0
0.0
0.0
0.0
0.0
0.0
0.0
0.0
0.0
0.0
0.0
0.0
0.0
0.0
0.0
0.0
0.0
0.0
0.0
0.0
0.0
0.0
0.0029329269509310043
0.0
0.0060135917484141575
0.0
0.0
0.0
0.0
0.0
0.0
0.0031388591882412355
0.0020277501653934655
0.0
0.0066142361550992936
0.0
0.0
0.0
0.0042499682110890055
0.0
0.0
0.0
0.0
0.0
0.3343384593802242
0.0
0.0
0.0
0.002293242994852914
0.0019190518682342718
0.026456944620397174
0.0
0.0
0.0
0.0
0.0
0.0
0.002367111918128988
0.0
0.0
0.0
0.0
0.0
0.0
0.0
0.0
0.0
0.0
0.0
0.0010138750826967327
0.0
0.001485300149466412
0.0
0.0
0.054428392249649134
0.0
0.0
0.0
0.0
0.007676207472937087
0.0
0.0
0.0
0.0
0.0
0.0
0.0
0.0
0.0
0.0
0.0
0.0
0.0
0.0
0.0
0.0
0.0
0.0
0.0
0.0
0.0
0.0
0.0
0.0
0.0
0.0
0.040680673583637465
0.0
0.0
0.001279367912156181
0.0
0.0
0.0
0.0
0.0
0.0
0.0
0.003513050314859878
0.0
0.0
0.0
0.0
0.0
0.001795819902657108
0.0
0.0
0.0
0.0
0.0
0.0
0.0
0.0
0.0
0.0
0.0
0.0
0.0
0.0
0.0
0.0
0.001795819902657108
0.0
0.0019190518682342718
0.0
0.0
0.0651156611629558
0.0
0.0
0.0
0.005787300015229792
0.0
0.0
0.0
0.0
0.0
0.0
0.0
0.0
0.0
0.0
0.002293242994852914
0.0
0.0
0.0
0.0
0.0
0.0
0.0
0.0
0.0
0.0
0.0
0.0
0.0
0.0
0.0
0.0
0.0030067958742070787
0.0
0.008429084956061523
0.003591639805314216
0.0
0.0
0.001485300149466412
0.0
0.0
0.0
0.0
0.0
0.0
0.0
0.0006396839560780906
0.0
0.002970600298932824
0.0006396839560780906
0.0
0.0
0.0
0.0
0.0
0.014212725484113639
0.0
0.0
0.0
0.0
0.0
0.0
0.0
0.0
0.0
0.0
0.0
0.002893650007614896
0.0
0.025287254868184564
0.008557880579008888
0.0020277501653934655
0.0
0.0
0.0
0.0
0.0
0.008002302364414668
0.0
0.0
0.0
0.0
0.0
0.0
0.0
0.007676207472937087
0.0033324037379298507
0.0
0.0
0.0
0.0
0.0
0.0
0.0
0.0
0.0
0.0
0.0
0.0
0.0
0.0
0.0
0.0
0.0
0.00714522181401819
0.0
0.0
0.0
0.0
0.0
0.0
0.0
0.0
0.0
0.0
0.0
0.0
0.0
0.0
0.0
0.0
0.0
0.0
0.0
0.0032543683566913003
0.0
0.003591639805314216
0.0
0.0
0.0
0.0
0.0
0.0
0.0
0.044175710450019466
0.0
0.0
0.0
0.0
0.0
0.0
0.0
0.0
0.0
0.0
0.0
0.004871007717470397
0.0
0.0
0.0
0.0
0.0
0.0
0.0
0.0
0.0
0.0
0.0022129429035915387
0.006277718376482471
0.0
0.0
0.012027183496828315
0.0
0.0
0.0
0.0
0.0
0.005334868242943112
0.0
0.0
0.001279367912156181
0.0
0.0
0.0
0.0
0.0
0.0
0.0
0.0
0.0
0.038866673600622854
0.0038381037364685435
0.0
0.0
0.0
0.0
0.0
0.0
0.0
0.006215145003030769
0.0
0.0
0.0
0.005757155604702815
0.003380987000825721
0.02302862241881126
0.0
0.0
0.0
0.00959525934117136
0.0
0.0
0.0
0.0
0.0
0.0
0.0
0.0
0.0
0.001279367912156181
0.002558735824312362
0.0
0.0
0.0
0.0
0.0
0.0
0.0
0.0
0.0
0.0
0.0020277501653934655
0.0
0.0
0.0
0.0
0.01047693244724316
0.0
0.0
0.001279367912156181
0.0
0.0
0.0
0.0
0.007101335754386965
0.0
0.0
0.0
0.0
0.0
0.0
0.0
0.0032543683566913003
0.0
0.011043927612504867
0.0
0.0
0.0
0.0
0.008680950022844688
0.0
0.0
0.0
0.0
0.0
0.0
0.0
0.0
0.0
0.0
0.0
0.0
0.0
0.0
0.0
0.0
0.0
0.0
0.009507359685047269
0.02902847586647954
0.0
0.0
0.0
0.0
0.0
0.0
0.0
0.0
0.0
0.0
0.0
0.0
0.0
0.0
0.0
0.0
0.0
0.0
0.0
0.0
0.0
0.0
0.003380987000825721
0.0
0.0
0.0
0.0
0.0
0.0
0.0
0.0
0.0
0.0
0.0
0.0024991752321631452
0.0
0.0024355038587351983
0.0
0.0
0.0
0.0
0.0
0.0355318137102841
0.0
0.031617452833738895
0.0
0.0
0.0
0.0
0.0
0.0
0.0
0.0
0.0
0.0
0.0
0.0
0.0
0.0
0.0
0.0
0.0
0.0
0.0024355038587351983
0.0
0.0
0.0
0.0
0.0
0.0
0.0
0.0
0.0
0.0
0.0
0.0
0.0
0.0
0.0
0.0
0.0
0.0
0.0024355038587351983
0.0
0.0
0.0
0.0
0.0
0.0
0.0
0.0
0.0
0.0
0.014664634754655022
0.0
0.0
0.007101335754386965
0.0
0.0
0.0
0.0033324037379298507
0.0
0.0
0.001485300149466412
0.0
0.0
0.0
0.02873311844251373
0.0
0.0
0.0
0.0
0.0
0.0
0.0
0.025399916383169595
0.0
0.0
0.0
0.0
0.0
0.0
0.0021249841055445027
0.0
0.0
0.0
0.0
0.0
0.0
0.0
0.0
0.0
0.0
0.0019190518682342718
0.0
0.0
0.0
0.0
0.0
0.0
0.0
0.0
0.0
0.0
0.0
0.0024355038587351983
0.0
0.0
0.0
0.0
0.0
0.0
0.0
0.0
0.0
0.0
0.0
0.0
0.0
0.0
0.0
0.0
0.0
0.0
0.0
0.0
0.017246894707159656
0.0
0.0
0.0
0.0
0.0024991752321631452
0.0
0.0
0.0
0.0
0.0
0.0
0.0
0.06258225647086092
0.0
0.0022129429035915387
0.0
0.0
0.0
0.010539150944579634
0.0
0.0
0.0
0.0
0.0
0.0
0.0
0.0
0.0006396839560780906
0.0
0.002367111918128988
0.0
0.0
0.0
0.005117471648624724
0.0
0.0019190518682342718
0.0
0.030428883007431486
0.0
0.0
0.0
0.0
0.0
0.0
0.0
0.0024991752321631452
0.0
0.0
0.0
0.0
0.0
0.001795819902657108
0.0
0.02588770137140566
0.0
0.0
0.0
0.0
0.009763105070073901
0.0
0.007676207472937087
0.0
0.0
0.0
0.0
0.0
0.0
0.0
0.01823239915142585
0.0
0.0
0.0
0.0
0.0
0.0
0.0
0.0
0.0
0.0
0.0
0.0
0.0
0.0
0.0019190518682342718
0.0
0.0
0.0
0.0
0.0
0.0
0.0
0.017666669818464934
0.0
0.0
0.0
0.0
0.0
0.0
0.0
0.0
0.0
0.0
0.0
0.0
0.0
0.0
0.0
0.0
0.0
0.0
0.0
0.0
0.0
0.0
0.046443941791118236
0.0
0.01823239915142585
0.0
0.0
0.0
0.0
0.0
0.0
0.0
0.0
0.005941200597865648
0.0
0.001795819902657108
0.0
0.0024991752321631452
0.0
0.0
0.0
0.0
0.0
0.0
0.010624920527722513
0.0
0.0
0.0
0.0
0.001485300149466412
0.0016535590387748234
0.0022129429035915387
0.0
0.0
0.0
0.0
0.0
0.0
0.0
0.0
0.06315282010515347
0.0
0.0
0.0
0.0
0.0
0.0034271400612082004
0.0
0.03628559483309942
0.0
0.0
0.0
0.002558735824312362
0.021047571119449555
0.0
0.0
0.0
0.0
0.0
0.0
0.0
0.0
0.017246894707159656
0.0
0.0
0.0
0.0
0.0
0.0
0.0
0.0
0.0
0.0
0.0
0.0
0.0
0.0
0.0
0.0
0.0
0.0
0.0
0.0
0.0
0.0
0.0
0.0
0.0006396839560780906
0.0030416252480901986
0.0
0.0
0.0
0.0
0.0
0.0
0.0
0.0
0.01678507516505325
0.0
0.0
0.0
0.0
0.0
0.0
0.0
0.0
0.0
0.003591639805314216
0.0
0.0022129429035915387
0.01616237912391397
0.0
0.0
0.0031388591882412355
0.0
0.0
0.0
0.0
0.0
0.0
0.0
0.06315282010515347
0.0
0.0
0.0
0.0
0.0022129429035915387
0.0
0.0
0.0010138750826967327
0.0
0.0
0.0
0.0
0.0
0.0
0.0
0.0
0.0030416252480901986
0.0
0.0
0.0
0.0
0.0
0.0
0.0
0.0
0.0
0.0
0.0
0.0
0.0
0.0
0.007328117632951205
0.0
0.0
0.012676479580063026
0.0
0.0
0.0
0.0
0.0
0.0
0.0
0.002293242994852914
0.0
0.0
0.0
0.04354271379971931
0.0
0.0
0.0
0.0
0.0
0.07058256364693621
0.0
0.0
0.0
0.0
0.03681309204168289
0.0
0.0
0.0
0.0
0.0
0.0
0.0
0.0
0.0
0.0
0.0
0.0
0.0
0.0
0.0
0.0
0.002367111918128988
0.0033071180775496468
0.0
0.0006396839560780906
0.0
0.0
0.021549838831885295
0.0
0.0
0.0
0.0
0.0
0.0
0.0
0.0
0.0
0.0
0.0
0.0
0.0
0.0
0.0
0.0
0.0
0.0
0.0
0.0
0.0
0.0
0.0
0.0
0.0
0.0021249841055445027
0.0
0.0
0.001485300149466412
0.0
0.0
0.0
0.0
0.0
0.0
0.0
0.0
0.0
0.0
0.0
0.0
0.0049983504643262905
0.0
0.0
0.0
0.0
0.0
0.0
0.0
0.0
0.0
0.0
0.0
0.0
0.0
0.0
0.0
0.0
0.0
0.0
0.0
0.0
0.0
0.0
0.0
0.0
0.0006396839560780906
0.0
0.0
0.0
0.0
0.0
0.0
0.0
0.0
0.0
0.0021249841055445027
0.0
0.017115761158017776
0.0
0.0
0.0
0.0016535590387748234
0.0
0.0
0.0
0.0
0.0
0.0
0.007306511576205594
0.0
0.0
0.0
0.0
0.0
0.0
0.0
0.0
0.0
0.0
0.0
0.0
0.0
0.0
0.0
0.009680453958864814
0.0
0.0030751878148132894
0.0
0.0
0.0
0.0
0.0
0.0
0.0006396839560780906
0.0
0.0
0.0
0.0
0.0
0.0
0.005117471648624724
0.030704829891748348
0.0
0.0
0.12259076843941555
0.0
0.039052420280295604
0.0
0.001279367912156181
0.0
0.0
0.0
0.0
0.0
0.0
0.0
0.0016535590387748234
0.0
0.0
0.0
0.0
0.0
0.0
0.0
0.0
0.0
0.0
0.012430290006061539
0.0
0.0
0.0
0.0
0.0
0.0
0.0
0.0
0.0
0.0
0.0
0.0
0.0
0.0
0.0
0.0
0.0
0.0
0.0
0.0
0.0
0.0
0.0
0.0
0.0
0.0
0.0
0.0
0.0
0.0
0.0
0.0
0.0
0.0
0.0
0.0
0.0
0.0
0.0
0.0
0.0
0.0
0.009416577564723706
0.0
0.0
0.0
0.0
0.0
0.0
0.0
0.0
0.0
0.0
0.011064714517957694
0.0
0.001485300149466412
0.0
0.0
0.0
0.0
0.0
0.0
0.0
0.0
0.0
0.0
0.0
0.0
0.0
0.0
0.0
0.0
0.0
0.0
0.0
0.0
0.0
0.0
0.0
0.0028526268596696294
0.0010138750826967327
0.0
0.0
0.0
0.0
0.0
0.0
0.0
0.01047693244724316
0.0
0.0034271400612082004
0.0
0.0
0.0
0.0024355038587351983
0.0
0.0006396839560780906
0.0
0.0
0.0
0.0
0.0
0.0
0.0
0.0
0.0
0.0
0.0
0.0
0.0
0.0
0.0
0.0
0.0
0.0019190518682342718
0.0
0.0
0.0
0.0
0.0
0.0
0.0
0.0
0.0016535590387748234
0.0
0.0
0.0
0.0
0.010234943297249449
0.0
0.0
0.0
0.0
0.0
0.0
0.0
0.0
0.0
0.0
0.0
0.0
0.0
0.0
0.0
0.0
0.0
0.0
0.0
0.0
0.0
0.0
0.0
0.0
0.0
0.0
0.0
0.0
0.0
0.0
0.0
0.0
0.0
0.0
0.0
0.0
0.0
0.0
0.0
0.0
0.0
0.0
0.0
0.0
0.0
0.0
0.0
0.02552535881199619
0.0020277501653934655
0.0
0.0
0.004055500330786931
0.0
0.0
0.0
0.0
0.0
0.0
0.001279367912156181
0.0
0.0
0.0
0.0
0.0
0.0
0.0
0.0
0.0
0.0
0.007101335754386965
0.0
0.0
0.0
0.004455900448399237
0.0
0.0
0.0
0.0
0.0
0.0
0.0
0.0
0.0
0.0
0.0031075725015153846
0.0
0.0
0.00496067711632447
0.009322717504546154
0.0
0.0
0.0
0.0
0.0
0.0
0.0
0.0
0.002667434121471556
0.0
0.0
0.002809694985353841
0.0
0.0
0.0
0.0
0.0
0.0
0.0
0.0
0.0
0.0
0.0
0.0
0.0
0.002893650007614896
0.0
0.0
0.0024991752321631452
0.0
0.0
0.0
0.0
0.0
0.0
0.0
0.0
0.0
0.0
0.0
0.0
0.0
0.0
0.0
0.0
0.0
0.0
0.0
0.0
0.0
0.0
0.0
0.0
0.0
0.0
0.0
0.0
0.0
0.0
0.0
0.0
0.0
0.005529336123245187
0.0
0.0
0.0
0.0
0.0
0.0
0.0
0.0
0.0
0.0
0.005334868242943112
0.0
0.0
0.0
0.0
0.0
0.0
0.0
0.0
0.0
0.0
0.0
0.0
0.0
0.0
0.0
0.0
0.0
0.0
0.0
0.0
0.0
0.0
0.0
0.0
0.0
0.0
0.0
0.0
0.0
0.0
0.0
0.0
0.0
0.0
0.0
0.0
0.0
0.0
0.0
0.021984352898853615
0.0
0.0
0.0
0.0
0.0
0.0
0.0
0.0
0.0026146844006132096
0.0
0.0
0.0024355038587351983
0.0
0.0
0.0
0.0
0.0
0.0
0.0
0.0
0.0
0.0
0.0
0.0
0.0
0.0
0.0
0.0
0.0
0.0
0.0
0.0067140300660213
0.0
0.0
0.0
0.0
0.0
0.0
0.0
0.0
0.0
0.0
0.0
0.0
0.0
0.0
0.0
0.0
0.0
0.0
0.0
0.001485300149466412
0.0
0.0
0.0
0.0
0.0
0.0
0.0
0.0
0.0
0.0
0.0
0.0
0.0
0.0
0.0
0.010458737602452839
0.001279367912156181
0.0
0.0
0.0
0.0
0.21386149436877974
0.0
0.0
0.0
0.0
0.0
0.0
0.0
0.0027646680616225934
0.0
0.0
0.0
0.0
0.0
0.0
0.0
0.02445597969239303
0.0
0.018040775245242474
0.0
0.0
0.0
0.0
0.0
0.0
0.0
0.0
0.0
0.0
0.0
0.0
0.0
0.002667434121471556
0.0021249841055445027
0.0
0.0
0.0
0.0
0.0
0.0
0.0
0.0
0.0
0.0
0.0
0.0
0.0
0.0
0.0
0.0
0.0
0.0
0.0
0.0
0.0
0.0
0.0
0.0
0.0
0.0
0.0
0.0
0.0
0.0
0.0
0.0
0.0
0.0
0.0
0.0
0.0
0.0
0.0032543683566913003
0.0
0.0
0.0
0.0
0.0
0.0
0.0
0.0
0.0
0.0
0.0
0.0
0.0
0.0
0.0
0.0
0.0
0.0
0.0
0.0
0.0
0.0
0.006761974001651442
0.0
0.0
0.0
0.0
0.0
0.0
0.0
0.0
0.0
0.0
0.0
0.0
0.0
0.0
0.0
0.0
0.0
0.0
0.0
0.0
0.0
0.0006396839560780906
0.0
0.0
0.0
0.0
0.0
0.0
0.0
0.0066142361550992936
0.0049983504643262905
0.0
0.0
0.0
0.0
0.0
0.0
0.0
0.0
0.0
0.0036813092041682893
0.0
0.009843360156370561
0.0
0.0
0.0
0.0
0.0
0.0
0.0
0.0
0.0
0.0
0.0
0.0
0.0
0.0
0.0
0.0
0.0
0.0
0.0
0.0
0.0
0.0
0.0
0.0
0.0
0.0
0.0
0.0
0.0
0.0
0.0
0.0
0.0
0.0
0.0
0.0
0.0
0.0
0.0
0.0
0.009996700928652581
0.0
0.0
0.0016535590387748234
0.0
0.0
0.0
0.0
0.0020277501653934655
0.0
0.0
0.0
0.0
0.0
0.011238779941415363
0.0
0.0
0.0
0.0
0.0
0.0
0.0
0.0
0.0
0.0
0.0
0.001485300149466412
0.0
0.0
0.0
0.0
0.0
0.0
0.0
0.0
0.0
0.0
0.0
0.0
0.0
0.0
0.005334868242943112
0.0016535590387748234
0.0
0.0
0.0
0.0
0.0
0.0
0.0
0.0
0.0
0.0
0.0
0.0
0.0
0.0
0.0
0.0
0.0
0.0
0.0
0.0
0.0
0.0
0.0
0.0
0.0
0.0
0.0
0.0
0.0
0.0
0.0
0.0
0.0
0.0
0.0
0.0
0.0
0.0010138750826967327
0.0
0.0
0.0
0.0
0.0
0.001795819902657108
0.0
0.0
0.0
0.0
0.0
0.0
0.0
0.0
0.0
0.0
0.0
0.0
0.0
0.0
0.0
0.0
0.0
0.0
0.0
0.0
0.0
0.0049983504643262905
0.0
0.0
0.0
0.0
0.0
0.009322717504546154
0.0
0.025008276349063666
0.0
0.0
0.0
0.0
0.0
0.0
0.0
0.0
0.0
0.0
0.0
0.0
0.0
0.0
0.0
0.0
0.0
0.0
0.0
0.0
0.0
0.0
0.0
0.0
0.0
0.0
0.0
0.0
0.0
0.0
0.0
0.001279367912156181
0.0
0.0
0.0
0.0
0.0
0.002667434121471556
0.0
0.0010138750826967327
0.0
0.0
0.0020277501653934655
0.0
0.0
0.0
0.0
0.0
0.0
0.0
0.0
0.0
0.0
0.0
0.0
0.0
0.0
0.0
0.0
0.006338239790031513
0.0
0.0
0.0
0.0
0.0
0.0
0.0
0.0
0.0
0.3529128182346811
0.0
0.0
0.0
0.0
0.0
0.0
0.0
0.0
0.0
0.0
0.0
0.00714522181401819
0.0
0.0
0.0
0.0
0.0
0.09663970839996568
0.0
0.0
0.0
0.0
0.0
0.0
0.0
0.0
0.0
0.0024355038587351983
0.0
0.0
0.0
0.0
0.0
0.0
0.0
0.0
0.0
0.0010138750826967327
0.0
0.0
0.0
0.0
0.0
0.0
0.01704852701114639
0.0390849950813125
0.008680950022844688
0.0
0.0
0.0
0.0
0.010234943297249449
0.0
0.0
0.0
0.0
0.0
0.002558735824312362
0.0
0.0
0.0
0.0
0.01065954411308523
0.0
0.0
0.0
0.0
0.0
0.0
0.0
0.0
0.0
0.0
0.0
0.0
0.0
0.0
0.0
0.0
0.001279367912156181
0.0
0.0
0.0
0.0
0.0
0.0
0.0
0.008151993230797678
0.0
0.0
0.0
0.0
0.0
0.0
0.0016535590387748234
0.0
0.0
0.0
0.0
0.0
0.0
0.027061162867863708
0.0
0.001485300149466412
0.0
0.0
0.0
0.0
0.0
0.0
0.009997211213789553
0.0
0.0
0.0
0.0
0.0
0.0
0.0
0.0021249841055445027
0.0
0.0
0.0
0.0
0.0
0.0
0.0
0.0
0.0
0.0
0.0
0.0
0.0
0.0
0.0
0.0
0.0
0.0
0.0
0.0
0.0
0.0
0.0
0.0
0.0
0.0
0.0
0.0
0.002970600298932824
0.002809694985353841
0.0031984197803904533
0.0
0.0
0.0
0.0
0.0
0.0
0.0
0.0
0.0
0.0019190518682342718
0.0
0.0
0.0
0.0
0.0
0.0
0.0
0.0
0.0
0.0
0.0
0.0
0.0
0.0
0.0
0.0
0.0
0.0
0.0
0.0
0.0
0.0
0.08505959022033287
0.0
0.0
0.0
0.0
0.0
0.0
0.0
0.0
0.0
0.0
0.0
0.0
0.0
0.0
0.0
0.0
0.0
0.0
0.0
0.001795819902657108
0.0
0.0
0.00335701503301065
0.0
0.0
0.006215145003030769
0.0
0.0
0.0
0.0
0.0
0.0
0.0
0.0
0.0
0.0
0.0
0.0
0.0
0.0
0.0
0.0
0.0
0.0
0.0
0.0
0.0
0.0
0.0
0.0
0.0
0.005334868242943112
0.0
0.0
0.0
0.0
0.0
0.0
0.0
0.0030067958742070787
0.0
0.0
0.0
0.0
0.0
0.0
0.0
0.00714522181401819
0.0
0.010142961002477163
0.0
0.0
0.0
0.0
0.0
0.0
0.0
0.0
0.002667434121471556
0.0
0.0
0.0
0.0
0.0
0.001279367912156181
0.0
0.0
0.0
0.0
0.0
0.0
0.0
0.0
0.0
0.0
0.0
0.0
0.0
0.0
0.0
0.0
0.0
0.0
0.0
0.0
0.0
0.0
0.0
0.0
0.0
0.0
0.0
0.0
0.0
0.0
0.0
0.002367111918128988
0.0
0.0
0.0
0.0
0.0
0.0
0.0
0.0
0.0
0.0
0.0
0.0
0.11834377769785444
0.0
0.0
0.0
0.0
0.0
0.005229368801226419
0.0
0.0
0.0
0.0
0.0
0.0
0.0
0.0
0.0
0.0
0.0
0.0006396839560780906
0.0
0.017666669818464934
0.003591639805314216
0.0
0.0
0.0
0.0
0.013586655384662796
0.0
0.0
0.0
0.0
0.005529336123245187
0.0
0.0
0.0
0.0
0.001485300149466412
0.0010138750826967327
0.0
0.0
0.0
0.0
0.0
0.0
0.0
0.0
0.0
0.0
0.0
0.0
0.0
0.007676207472937087
0.005529336123245187
0.0
0.010413283515044846
0.0
0.0
0.0
0.0
0.0027646680616225934
0.0
0.0
0.0
0.0024991752321631452
0.0
0.0
0.0
0.0
0.0
0.0
0.0
0.0
0.0
0.0
0.0
0.0
0.0
0.0
0.0
0.0
0.0
0.0
0.0
0.0
0.0
0.0
0.0
0.0
0.0
0.0
0.0
0.0
0.0
0.0
0.0
0.0
0.0
0.0
0.0
0.0
0.0
0.0
0.0
0.0
0.0
0.0
0.0
0.0
0.0
0.0
0.0
0.0
0.0
0.0
0.0
0.0
0.0006396839560780906
0.0
0.0
0.012793679121561813
0.006396839560780907
0.0
0.0
0.0
0.0
0.0
0.05917188884892722
0.0
0.004055500330786931
0.0
0.0
0.0
0.0
0.0006396839560780906
0.004734223836257976
0.0019190518682342718
0.0
0.0
0.0
0.0
0.0
0.0
0.0
0.0
0.0
0.0016535590387748234
0.0
0.0
0.0
0.0
0.0
0.0
0.0
0.0
0.0
0.0
0.0
0.0
0.0
0.007026100629719756
0.0
0.0
0.0
0.0
0.0
0.0
0.0
0.0
0.0
0.0
0.0
0.0
0.0
0.0
0.0
0.0
0.0
0.009680453958864814
0.004871007717470397
0.0
0.0
0.0
0.0
0.0
0.0
0.0
0.0
0.0
0.0
0.0
0.0
0.0
0.0
0.0
0.0
0.0
0.0
0.0
0.0
0.0
0.0
0.0
0.0
0.0020277501653934655
0.0
0.0
0.001279367912156181
0.0
0.0
0.0
0.0
0.0
0.0
0.0
0.0
0.0
0.0
0.0
0.0
0.0
0.0
0.0
0.0
0.0
0.0
0.0
0.0
0.0
0.0
0.0
0.0
0.0020277501653934655
0.0058658539018620086
0.0
0.0
0.0
0.0
0.0
0.0
0.0
0.0
0.0
0.0
0.0
0.0
0.0
0.0
0.0
0.0
0.0
0.0
0.0
0.0
0.0
0.0
0.0
0.0
0.0
0.0
0.003591639805314216
0.0
0.0
0.0
0.0
0.0
0.0
0.0
0.0
0.0
0.0
0.0
0.0
0.0
0.0
0.0
0.0006396839560780906
0.0
0.003041625248090198
0.0
0.0
0.0
0.0
0.0
0.0
0.0
0.0
0.0
0.0
0.0
0.0
0.0
0.0
0.0
0.0
0.0
0.0
0.0
0.0
0.0
0.0
0.0
0.0
0.0
0.0
0.0
0.0
0.0
0.0
0.0
0.0
0.0030751878148132894
0.0
0.010539150944579634
0.0
0.0
0.0
0.1319061173931217
0.0
0.0
0.0
0.0
0.0
0.03265703534978948
0.007844053201839628
0.0
0.0
0.0
0.0
0.001485300149466412
0.0
0.009020387622621237
0.007497525696489435
0.0
0.0042499682110890055
0.0
0.0
0.0
0.0
0.0
0.0
0.0
0.0
0.0
0.0
0.0
0.0
0.0
0.024591352204019146
0.0
0.0006396839560780906
0.0
0.0
0.0
0.0
0.0
0.0
0.0
0.0
0.0
0.0
0.0
0.0
0.0
0.0019190518682342718
0.0
0.0
0.0
0.0
0.0
0.0
0.005705253719339259
0.0016535590387748234
0.0
0.0
0.0
0.0
0.0
0.0
0.0
0.0
0.0
0.0
0.0
0.0
0.0
0.0
0.0
0.0
0.0
0.0
0.0
0.0
0.0
0.0
0.002293242994852914
0.0034043520177006845
0.0
0.0
0.0
0.0
0.0
0.0
0.0
0.0019190518682342718
0.0
0.06928311677541824
0.032153498163081856
0.0
0.0
0.0
0.33062358760933286
0.0
0.0
0.011094729159173854
0.0
0.05890094726669263
0.0
0.0
0.014052201259439512
0.04309967766377059
0.0
0.0
0.02888227404008732
0.17221076437435331
0.0
0.0355318137102841
0.04305262940738605
0.0022129429035915387
0.0
0.0
0.0
0.001485300149466412
0.08915692250139312
0.0
0.018320294082378015
0.0022129429035915387
0.004425885807183077
0.0066648074758597015
0.0
0.0
0.0
0.0
0.0
0.0
0.009997211213789553
0.0
0.0
0.0
0.0
0.0
0.003572610907009095
0.0
0.0
0.0
0.0
0.0
0.0
0.0
0.0
0.0
0.0
0.0
0.0
0.018491215265289757
0.0
0.0
0.0
0.0
0.0
0.0
0.004871007717470397
0.0
0.0
0.007026100629719756
0.0
0.0
0.0
0.0
0.004734223836257976
0.0
0.0
0.0
0.0
0.0
0.0
0.0
0.0
0.0
0.0
0.0
0.017115761158017776
0.0
0.017361900045689375
0.0
0.0
0.0
0.0
0.0
0.0
0.0
0.0
0.0
0.0
0.0
0.00829400418486778
0.0
0.001279367912156181
0.0
0.0
0.0
0.0
0.0
0.0
0.0
0.0
0.0006396839560780906
0.0
0.0
0.0
0.0
0.0
0.0
0.0
0.007066667927385973
0.0
0.0
0.0
0.0
0.0
0.0
0.0
0.0
0.0
0.0
0.0
0.0
0.0
0.0
0.0
0.0
0.0
0.0
0.0
0.0
0.0
0.0
0.0
0.0
0.0
0.0
0.0
0.0
0.0
0.0
0.0
0.0
0.0
0.0
0.0
0.0
0.0
0.0
0.0
0.0
0.0
0.0
0.00829400418486778
0.0
0.0
0.0
0.0
0.0
0.0022129429035915387
0.0
0.0
0.0031075725015153846
0.0
0.0
0.0
0.0
0.0
0.0
0.0
0.0
0.0
0.0010138750826967327
0.0
0.002293242994852914
0.05329772056542614
0.0
0.0
0.0
0.0
0.0
0.0
0.0
0.0
0.0
0.0
0.0
0.0
0.0
0.0
0.0
0.0
0.001279367912156181
0.0026146844006132096
0.0
0.0
0.0
0.0
0.0
0.0
0.0
0.0
0.0
0.0
0.006277718376482471
0.0
0.014792972212231805
0.0
0.0
0.0
0.0
0.0
0.0
0.0
0.0
0.0
0.0
0.0
0.013433363077639902
0.0
0.0
0.0
0.0
0.0
0.0
0.0
0.0
0.0
0.02514147863719951
0.0
0.0
0.0
0.008151993230797678
0.0
0.0
0.0
0.0
0.0
0.0
0.0
0.0
0.0
0.0
0.0
0.008111000661573862
0.0
0.0
0.0
0.0
0.0
0.0
0.001279367912156181
0.0
0.0
0.0
0.0
0.0
0.0
0.0
0.0
0.0
0.0
0.0
0.0
0.0
0.0
0.007257118966619885
0.006374952316633508
0.0
0.0
0.0
0.0
0.0
0.0
0.0
0.0
0.0
0.0
0.0
0.0
0.0
0.0
0.0
0.0
0.0
0.0
0.0
0.0
0.0
0.0
0.0
0.0
0.0
0.001485300149466412
0.0
0.0
0.0
0.0
0.0
0.0010138750826967327
0.0
0.0
0.002558735824312362
0.0
0.0006396839560780906
0.0
0.0
0.0
0.0
0.0
0.0
0.0
0.0
0.0010138750826967327
0.0
0.0
0.0
0.0
0.0
0.0
0.0
0.0
0.0
0.0
0.0
0.0
0.0
0.0
0.0
0.0
0.0
0.0
0.0
0.0
0.0020277501653934655
0.0
0.0
0.0
0.0
0.0
0.0
0.0
0.0
0.0
0.0
0.0
0.0
0.0
0.0
0.0
0.031044410472887383
0.0
0.0
0.0
0.0
0.0
0.0
0.0
0.0
0.0
0.0
0.04829130518004704
0.0
0.0
0.022821014877357035
0.0
0.0
0.0
0.0
0.0
0.003591639805314216
0.0
0.0
0.0
0.0
0.0
0.0
0.0
0.0
0.0
0.0
0.0
0.0
0.0
0.0
0.0
0.0
0.0
0.0
0.0
0.0
0.0
0.0
0.0
0.0
0.0
0.0
0.0
0.0
0.0
0.0
0.0
0.0
0.0
0.0
0.0
0.0
0.0
0.0
0.005334868242943112
0.0
0.0
0.0
0.0
0.0
0.010348136824295794
0.0
0.0
0.0
0.0
0.0
0.0
0.149505673041692
0.0
0.0
0.0
0.0
0.0
0.002558735824312362
0.0
0.0
0.0
0.0
0.0
0.0
0.0
0.0010138750826967327
0.013617408070802738
0.0
0.06626356567502921
0.002293242994852914
0.0
0.006150375629626579
0.0
0.0
0.0
0.0
0.0
0.0
0.0
0.0
0.0
0.0
0.0
0.0
0.0
0.0
0.0
0.0
0.008111000661573862
0.0
0.0
0.0
0.0
0.0
0.0
0.0
0.0
0.0
0.0
0.0
0.0
0.0
0.0
0.0
0.0
0.02487226959719887
0.0
0.0016535590387748234
0.0
0.0
0.0
0.0
0.0
0.0
0.0
0.0
0.002667434121471556
0.0
0.0
0.0
0.0
0.0
0.0
0.0
0.0
0.0
0.0
0.0
0.012166500992360794
0.002717331076932559
0.021078301889159268
0.0
0.0
0.0
0.0
0.0
0.10992176449426808
0.0020277501653934655
0.0
0.06498511659019646
0.0
0.03404352017700684
0.0
0.0
0.002717331076932559
0.020562840367249202
0.006562240104247041
0.0
0.0066142361550992936
0.0
0.04829333302158794
0.0
0.0
0.0031388591882412355
0.001485300149466412
0.0
0.002667434121471556
0.006761974001651442
0.0
0.0
0.0
0.0
0.0
0.0
0.001485300149466412
0.0
0.0
0.0
0.0
0.03343384593802242
0.0
0.0
0.0
0.0
0.0
0.023666909005780046
0.0
0.0
0.0
0.0
0.0
0.0006396839560780906
0.0
0.0
0.0
0.0
0.0033071180775496468
0.08172717895961036
0.0
0.0
0.0
0.0
0.00829400418486778
0.0
0.0010138750826967327
0.0
0.0
0.0
0.0
0.03608155049048495
0.0
0.0
0.008002302364414668
0.0
0.0
0.00349231081574772
0.017863054535045473
0.0020277501653934655
0.0
0.0
0.0
0.01451423793323977
0.0
0.0
0.0
0.0
0.0
0.0
0.0029329269509310043
0.0
0.0
0.013797515765727726
0.0
0.0
0.0
0.0
0.002558735824312362
0.0
0.0
0.0
0.005229368801226419
0.0
0.0
0.0
0.0
0.0
0.0
0.0
0.0
0.0
0.0
0.0
0.021771356899859654
0.0
0.0
0.0
0.0
0.0
0.0
0.0
0.0026146844006132096
0.009225563444439868
0.009225563444439868
0.2329893123426509
0.0032543683566913003
0.0
0.0
0.01451423793323977
0.0
0.0
0.0
0.0
0.0
0.0
0.0
0.0
0.0
0.0
