0.0
0.0
0.004055685500969862
0.0
0.0
0.0
0.0
0.0
0.0
0.0
0.0
0.0
0.0
0.0
0.0
0.0
0.0
0.0
0.0
0.0
0.004250162260485359
0.0
0.0
0.0
0.0
0.0
0.0
0.008111371001939724
0.0045866954041751794
0.001279426326845124
0.0
0.0
0.0
0.0
0.0
0.0
0.0
0.0
0.0
0.0
0.0
0.0
0.0
0.0
0.0
0.0
0.0
0.0
0.0
0.0
0.0
0.0
0.0
0.0
0.0
0.0
0.0
0.0
0.0
0.0
0.0
0.0
0.0
0.0
0.0
0.0
0.0
0.0
0.0
0.0
0.0
0.0
0.0
0.005229607569096856
0.0
0.0
0.0
0.0
0.0
0.0
0.002558852653690248
0.0
0.006013866323138188
0.0
0.0
0.0
0.0
0.0
0.0
0.0
0.0
0.0
0.0
0.0
0.0
0.0
0.0
0.0
0.0
0.0
0.0
0.0
0.0
0.0
0.0
0.0
0.0
0.0
0.0
0.0
0.0
0.0
0.0
0.0
0.0
0.0
0.0
0.0
0.0
0.0
0.0
0.0
0.0
0.0
0.0
0.0
0.0
0.0
0.0
0.0
0.0
0.0
0.0
0.0
0.0
0.0
0.0
0.0
0.0
0.0
0.0
0.0
0.0
0.0
0.0
0.0
0.0
0.0
0.0
0.001279426326845124
0.0
0.0
0.0
0.0
0.0
0.00594147186728047
0.0
0.004055685500969862
0.0
0.0
0.0
0.0
0.0
0.0
0.0
0.0
0.0033072690773300554
0.0
0.0
0.0
0.0
0.0
0.0
0.0
0.0
0.0038382789805353717
0.0
0.0
0.0
0.0
0.0
0.0
0.0
0.0
0.0
0.0
0.0
0.0
0.0
0.0
0.0
0.0
0.0
0.0
0.0
0.0
0.0
0.0
0.0
0.0
0.0
0.0
0.0
0.0
0.0
0.0
0.0
0.0
0.0
0.0
0.0
0.0
0.012027732646276375
0.0
0.0
0.005787564257694369
0.0
0.0
0.0
0.0
0.0
0.0
0.0
0.0
0.0
0.0
0.0
0.00621542878047949
0.0
0.0
0.0
0.0
0.0
0.0
0.0
0.0
0.0
0.0
0.0
0.0
0.004250162260485359
0.0061506564497689886
0.0
0.0
0.0
0.0
0.0
0.0
0.0
0.0
0.0
0.0
0.0
0.0
0.0
0.0
0.0
0.0
0.0
0.0
0.0
0.0
0.0
0.0
0.005866121731020303
0.0
0.0
0.0
0.0
0.0
0.0
0.0
0.0
0.0
0.0
0.0
0.0
0.0
0.0
0.0
0.0
0.005117705307380496
0.0
0.0
0.0
0.0
0.0
0.0
0.0
0.0
0.0
0.0
0.0
0.0
0.0
0.0
0.0
0.0
0.0
0.0
0.0
0.0
0.0
0.0
0.004426087888804999
0.0
0.0
0.0
0.0
0.0
0.0
0.0
0.0
0.0
0.0
0.0
0.0
0.0
0.0
0.0
0.0
0.0
0.0
0.0
0.0
0.0
0.0
0.012794263268451242
0.0
0.0
0.006614538154660111
0.0
0.0
0.0
0.0
0.0
0.0
0.0
0.0
0.0
0.0
0.0
0.0
0.0
0.0
0.0
0.0
0.0
0.0
0.011411028431300246
0.0
0.0
0.0
0.021985356682928545
0.0
0.0
0.0
0.0
0.0
0.0
0.00359180379607874
0.0
0.0
0.0
0.0
0.0
0.0
0.0
0.0
0.0
0.0
0.012301312899537977
0.0
0.00650903389594198
0.0
0.0
0.0
0.0
0.004998578684125166
0.0
0.0
0.0033072690773300554
0.0
0.0
0.0
0.0
0.0
0.0
0.0
0.0
0.0
0.0
0.0
0.0
0.0
0.0
0.0
0.0
0.006614538154660111
0.0
0.0
0.00594147186728047
0.0
0.0
0.0
0.0
0.002970735933640235
0.0
0.0
0.0
0.0
0.0
0.0
0.00359180379607874
0.0
0.0
0.0
0.002558852653690248
0.004426087888804999
0.0
0.0
0.009468879992586127
0.0
0.0
0.0
0.0
0.0
0.0
0.0
0.0
0.0
0.0
0.0
0.0
0.0
0.0
0.0038382789805353717
0.0
0.0
0.0
0.0
0.0
0.0
0.0
0.0
0.00359180379607874
0.0
0.0
0.0
0.0
0.0
0.0
0.0
0.0
0.0
0.0
0.0
0.0
0.0
0.0
0.0
0.0
0.0
0.0
0.0
0.005229607569096856
0.0
0.0045866954041751794
0.0
0.01301806779188396
0.02166269458237678
0.0
0.0
0.0
0.058627617821142786
0.0066651117844576165
0.0
0.0
0.0
0.0
0.0
0.0
0.0
0.0
0.0
0.0
0.0
0.0
0.0
0.0
0.0
0.0
0.0
0.0
0.0
0.002970735933640235
0.0
0.0
0.0
0.0
0.0
0.0
0.0
0.0
0.0
0.0
0.0
0.0
0.0
0.0045866954041751794
0.0
0.0
0.0
0.0
0.0
0.0
0.0
0.005434910295229468
0.0
0.0
0.002558852653690248
0.0
0.020918430276387425
0.0
0.005117705307380496
0.0
0.004871230122923864
0.02958729528978094
0.0
0.0
0.0
0.0
0.0
0.0
0.00594147186728047
0.012677058375735892
0.0
0.0
0.0
0.0
0.01883401503291087
0.1114512416492117
0.11095235733667852
0.0
0.0
0.0
0.0
0.0
0.0
0.10355553351423329
0.0
0.0
0.0
0.0
0.0
0.0
0.0
0.0
0.0
0.0
0.0
0.0
0.0
0.0
0.0
0.0
0.0
0.0
0.0
0.009742460245847727
0.0
0.0
0.0
0.04215852860766058
0.0
0.0
0.0
0.0
0.0
0.0
0.0
0.0
0.006854593082150246
0.0
0.0
0.012907861278579862
0.0
0.0
0.0
0.0
0.0
0.0
0.0
0.0
0.0
0.0
0.0
0.0
0.0
0.0
0.0
0.0
0.0
0.0
0.0
0.0
0.0
0.0
0.0
0.0
0.0
0.006562539729718975
0.0
0.0
0.0
0.0
0.0
0.0
0.0
0.0
0.0
0.0
0.0
0.0
0.0
0.004426087888804999
0.0
0.0
0.0
0.0
0.0
0.0
0.0
0.0
0.0
0.0
0.0
0.002970735933640235
0.019527101687825944
0.0
0.0
0.0
0.0
0.0
0.0
0.0
0.0
0.0
0.0
0.0
0.0
0.002558852653690248
0.0
0.0
0.0
0.0
0.0
0.0
0.0
0.0
0.0
0.0
0.0
0.0
0.0
0.0
0.0
0.0
0.0
0.0
0.0
0.0
0.0
0.005117705307380496
0.0
0.0
0.0
0.0
0.0
0.0
0.0
0.0
0.0
0.0
0.0
0.0
0.0033072690773300554
0.0
0.0
0.0
0.0
0.0
0.0
0.0
0.0
0.0
0.0
0.0
0.0
0.0
0.0
0.0
0.0
0.0
0.0
0.0
0.0
0.0
0.0
0.0
0.0
0.0
0.0
0.0
0.0
0.0
0.0
0.0
0.0
0.0
0.0
0.0
0.0
0.004871230122923864
0.0
0.0
0.0
0.0
0.0
0.0
0.0
0.0
0.0
0.0
0.0
0.0
0.03628725159790894
0.0
0.0
0.0
0.0
0.0
0.0
0.011732243462040605
0.0
0.0
0.0
0.0
0.0
0.0
0.0
0.0
0.0
0.0
0.0
0.0
0.002027842750484931
0.0
0.0
0.02173964118091787
0.0
0.001279426326845124
0.0
0.0
0.002558852653690248
0.0
0.0
0.0
0.0
0.0
0.0
0.0
0.0
0.0
0.004250162260485359
0.0
0.0
0.0
0.0
0.006614538154660111
0.0
0.0
0.0
0.0
0.002558852653690248
0.0
0.0
0.0
0.0
0.0
0.0
0.0
0.0
0.0
0.0
0.0
0.04766310439922925
0.005866121731020303
0.0
0.0
0.0
0.0
0.0
0.0
0.029451818313199672
0.02166269458237678
0.0
0.0
0.006397131634225621
0.005866121731020303
0.0
0.008500324520970718
0.0
0.0
0.0
0.0
0.0
0.0
0.006809014914175608
0.0
0.0
0.0
0.006013866323138188
0.0
0.0
0.0
0.0
0.0
0.0
0.0
0.0
0.0
0.0
0.0
0.0
0.0
0.002970735933640235
0.011732243462040605
0.0
0.0
0.0
0.0
0.0
0.004734439996293064
0.0
0.0
0.0
0.0
0.0
0.012167056502909588
0.0
0.0
0.0
0.0
0.020697218620226384
0.0
0.0
0.0
0.0
0.0
0.0
0.0
0.0
0.012794263268451242
0.011239293093127342
0.012677058375735892
0.0
0.013428673244149184
0.0262501589188759
0.0
0.0
0.0
0.0
0.0
0.0
0.0
0.0
0.0
0.0
0.0
0.0
0.0
0.0
0.0
0.0
0.0
0.0
0.0
0.0
0.005335111827814987
0.0
0.0
0.0
0.0
0.005787564257694369
0.0
0.0
0.0
0.0
0.0
0.0
0.0
0.0
0.0
0.0
0.0
0.0
0.0
0.0
0.0
0.0
0.0
0.0
0.0
0.0
0.001279426326845124
0.0
0.0
0.0
0.0
0.0
0.0
0.0
0.00359180379607874
0.00359180379607874
0.0
0.0
0.0
0.0
0.0
0.0
0.0
0.0
0.002027842750484931
0.0
0.0
0.0
0.04139443724045277
0.0
0.0
0.0
0.0
0.0
0.0
0.001279426326845124
0.0
0.004250162260485359
0.0
0.002970735933640235
0.0
0.0
0.0
0.0
0.0
0.0
0.0
0.0
0.0
0.0
0.0
0.0
0.0
0.0
0.0
0.0
0.0
0.0
0.0
0.0
0.0038382789805353717
0.0
0.0
0.0
0.0
0.0
0.0
0.0
0.0
0.0
0.0
0.0
0.0
0.0
0.0
0.0
0.002970735933640235
0.0
0.0
0.0
0.0
0.0
0.004426087888804999
0.002027842750484931
0.0
0.0
0.0
0.0
0.008852175777609998
0.0
0.0
0.0
0.0
0.0
0.0
0.009742460245847727
0.0
0.0
0.0
0.002970735933640235
0.0
0.0
0.0
0.0
0.0
0.0
0.005434910295229468
0.0
0.0
0.0
0.0
0.01301806779188396
0.0
0.004871230122923864
0.0
0.0
0.0
0.0
0.0
0.002970735933640235
0.0
0.0
0.0
0.0
0.0
0.0
0.0
0.0
0.0
0.06360291526085543
0.005117705307380496
0.0
0.0
0.0
0.0
0.09659107609598347
0.0
0.0
0.0
0.07430082776614114
0.0
0.0
0.0
0.0
0.0
0.0
0.00621542878047949
0.012677058375735892
0.0
0.0
0.0
0.0
0.013885011967195328
0.0
0.0
0.0
0.0
0.0
0.0
0.0
0.0
0.0
0.0
0.005229607569096856
0.0
0.0
0.0
0.0
0.0
0.0
0.0
0.0
0.0
0.0
0.0
0.0
0.0
0.0
0.0
0.0
0.0
0.0
0.0045866954041751794
0.0
0.0
0.0
0.0
0.0
0.0
0.0
0.0
0.0
0.0033072690773300554
0.0
0.0
0.0
0.0
0.005529588587330483
0.0
0.0
0.01376008621252554
0.0
0.004998578684125166
0.0
0.0
0.0
0.0
0.0
0.0
0.0
0.0
0.0
0.0
0.0
0.0
0.0
0.0
0.0
0.0
0.0
0.0
0.0
0.0
0.0
0.0
0.0
0.0
0.0
0.0
0.0
0.0
0.0
0.013798145746817592
0.0033072690773300554
0.0
0.0
0.0
0.0
0.0038382789805353717
0.0
0.0
0.0
0.0
0.0
0.0
0.0038382789805353717
0.0
0.0
0.0
0.0
0.012301312899537977
0.01436721518431496
0.00594147186728047
0.002558852653690248
0.0
0.0
0.0
0.0
0.0
0.0
0.0
0.0
0.0
0.0
0.0
0.0
0.0
0.004250162260485359
0.0
0.0
0.0
0.0
0.0
0.0
0.0
0.0
0.0
0.0
0.0
0.0
0.0
0.0
0.0
0.0
0.0
0.0
0.0
0.0
0.0
0.0
0.0
0.02107926430383029
0.005335111827814987
0.013428673244149184
0.0
0.0
0.014052842869220195
0.0
0.0
0.0
0.0
0.0
0.0
0.0
0.0
0.0
0.0
0.0
0.0
0.0
0.0
0.0
0.0
0.0
0.0
0.0
0.0
0.0
0.02107926430383029
0.0
0.02842674884654718
0.0
0.0
0.0
0.0
0.0
0.0
0.0
0.0
0.0
0.0
0.0
0.0
0.0
0.01243085756095898
0.0
0.0
0.0
0.0
0.0
0.0
0.0
0.0
0.0
0.0
0.0
0.0
0.0
0.0
0.0
0.0
0.16122594900814266
0.0
0.0
0.0
0.0
0.0
0.0
0.0
0.0
0.0
0.005117705307380496
0.0
0.0
0.0
0.0
0.0
0.0
0.0
0.0
0.02514262657255118
0.0
0.0
0.0
0.0
0.0
0.0
0.0
0.0
0.0
0.0
0.0
0.0
0.0
0.0
0.0
0.0
0.0
0.0
0.0
0.0
0.0
0.0
0.0
0.0
0.02376588746912188
0.0
0.0
0.0
0.0
0.0
0.0
0.0
0.0
0.007220898194125593
0.008912207800920705
0.0
0.0
0.0
0.0
0.0
0.0
0.0
0.0
0.0
0.0
0.0
0.0
0.0
0.0
0.0
0.0
0.0
0.0
0.0
0.0
0.0
0.0
0.0
0.03572774028932713
0.0
0.0
0.09260353416524154
0.0
0.0
0.0
0.0
0.0
0.0
0.0
0.0
0.0
0.0
0.0
0.0
0.005117705307380496
0.0
0.0
0.0
0.0
0.0
0.0
0.0
0.0033072690773300554
0.0
0.0
0.001279426326845124
0.0
0.0
0.0
0.0
0.0
0.0
0.0
0.0
0.0
0.0
0.0
0.0
0.0
0.004055685500969862
0.0
0.0
0.0
0.0
0.0
0.0
0.0
0.0
0.0038382789805353717
0.0
0.0
0.0
0.0
0.0
0.0
0.0
0.0
0.0
0.0
0.0
0.0
0.0
0.0
0.0
0.0
0.0
0.0
0.0
0.0
0.0
0.0
0.0
0.0
0.0
0.0
0.006714336622074592
0.006013866323138188
0.0
0.0
0.0
0.0
0.0
0.0
0.0
0.0
0.001279426326845124
0.0
0.0
0.0
0.0
0.0
0.0
0.0
0.0
0.0
0.0
0.0
0.0
0.0
0.0
0.002970735933640235
0.0
0.0
0.006397131634225621
0.0
0.0
0.0
0.0
0.0
0.0
0.0
0.0
0.0
0.0
0.0
0.0
0.0
0.0
0.0
0.0
0.0
0.0
0.0
0.0
0.0
0.0
0.0
0.0
0.0
0.0
0.002558852653690248
0.0
0.0
0.002558852653690248
0.0061506564497689886
0.0
0.0
0.0
0.0
0.0045866954041751794
0.0
0.0
0.0
0.0
0.0
0.0
0.0
0.0
0.0
0.0
0.0
0.0
0.0
0.0
0.0
0.0
0.0
0.0
0.0
0.0
0.0
0.0
0.0
0.0
0.012677058375735892
0.002970735933640235
0.01883401503291087
0.0
0.0
0.013969881084990496
0.0
0.0
0.0
0.0
0.0
0.0
0.0
0.0045866954041751794
0.14053965262645945
0.004055685500969862
0.0
0.0
0.0
0.0
0.0061506564497689886
0.0
0.005705514215650123
0.0
0.0
0.0
0.0
0.0
0.0
0.0
0.0
0.002558852653690248
0.0
0.0
0.0
0.006338529187867946
0.01600533548344496
0.0
0.004871230122923864
0.0
0.0
0.0
0.0
0.0
0.0
0.0
0.0
0.020827517950792993
0.0
0.019015587563603838
0.0
0.0
0.0
0.0
0.0
0.0
0.0
0.0
0.0
0.0
0.0
0.0
0.0
0.0
0.0
0.0
0.0
0.0
0.0
0.0
0.0
0.0
0.0
0.0
0.0
0.0
0.0
0.0
0.0
0.0
0.0
0.0
0.0
0.0
0.0
0.0
0.0
0.0
0.0
0.0
0.0
0.0
0.006562539729718975
0.0
0.0
0.0
0.0
0.0
0.0
0.0
0.0
0.0
0.0
0.0
0.0
0.0
0.0
0.0
0.0
0.0
0.0
0.0
0.0
0.0
0.0
0.0
0.0
0.0
0.0
0.0
0.0
0.0
0.0
0.0
0.0
0.0
0.014514900639163575
0.0
0.0
0.0
0.0
0.0038382789805353717
0.0
0.0
0.0
0.07106687211636795
0.0033072690773300554
0.0
0.0
0.0
0.0
0.011575128515388737
0.0
0.0
0.0
0.011575128515388737
0.0
0.005705514215650123
0.0
0.0
0.0
0.0
0.0
0.0
0.0
0.0
0.0
0.0
0.0
0.0
0.0
0.0
0.0
0.0
0.0
0.0
0.0
0.0
0.0
0.0
0.0
0.0
0.0
0.0
0.0
0.0
0.0
0.0
0.0
0.0
0.0
0.0
0.0
0.0
0.0
0.0
0.0
0.0
0.006397131634225621
0.0
0.0
0.0
0.0
0.004998578684125166
0.0
0.0
0.0
0.0
0.011732243462040605
0.0
0.0
0.0
0.0
0.0
0.0
0.0
0.0
0.0
0.0
0.0
0.0
0.0
0.0
0.0
0.0
0.0
0.005619646546563671
0.0
0.0
0.0
0.0
0.0
0.0
0.0
0.012301312899537977
0.008852175777609998
0.0
0.0
0.0
0.0
0.0
0.0
0.0
0.0
0.0
0.0
0.0
0.0
0.0
0.0
0.0
0.0
0.0
0.0
0.0
0.0
0.0
0.0
0.0
0.0
0.0
0.0
0.0
0.005866121731020303
0.0
0.0
0.0
0.0
0.0
0.0
0.0
0.0045866954041751794
0.0
0.0
0.0
0.017704351555219995
0.001279426326845124
0.0
0.0
0.0
0.0
0.0
0.0
0.0
0.0
0.0
0.0
0.0
0.0
0.0
0.0
0.0
0.0
0.0
0.0
0.0
0.0
0.0
0.0
0.0
0.0
0.004055685500969862
0.0
0.0
0.0
0.011575128515388737
0.006083528251454794
0.0
0.0
0.0
0.005529588587330483
0.0
0.0
0.0
0.0
0.0
0.0
0.0
0.0
0.0
0.0
0.0
0.0
0.0
0.0
0.0
0.0
0.0
0.0
0.0
0.0
0.0
0.0
0.0
0.0
0.0
0.006083528251454793
0.0
0.0
0.0
0.0
0.0
0.0
0.0
0.0
0.019015587563603838
0.010670223655629973
0.0
0.0
0.0
0.0
0.0
0.0038382789805353717
0.0
0.002027842750484931
0.0
0.0
0.0
0.0
0.0
0.0
0.0
0.0
0.0
0.0
0.0
0.0
0.0
0.0
0.002558852653690248
0.0
0.004734439996293064
0.0
0.0
0.0
0.0
0.0
0.0
0.0
0.0
0.0
0.0
0.0
0.0
0.0
0.013330223568915233
0.0
0.0
0.0
0.0
0.0
0.0
0.0
0.0
0.0
0.0
0.0
0.0
0.0
0.0
0.0
0.0
0.0
0.0
0.0
0.0
0.0
0.0
0.0
0.0
0.0
0.0
0.0
0.0
0.0
0.0
0.0
0.0
0.0
0.0
0.0
0.0
0.0
0.0
0.0
0.0
0.0
0.0
0.0
0.0
0.0
0.0
0.0
0.0
0.0
0.0
0.0
0.0
0.0
0.0
0.0
0.0
0.0
0.0
0.0
0.0
0.0
0.0
0.00594147186728047
0.0
0.0
0.0
0.0
0.0
0.0
0.0
0.0
0.0
0.005787564257694369
0.0
0.0
0.011732243462040605
0.0
0.05716438446292342
0.0
0.0
0.0
0.0
0.0
0.0
0.020697218620226384
0.0
0.012301312899537977
0.0
0.0
0.0
0.01243085756095898
0.0
0.0
0.01999533535337285
0.0
0.0
0.0
0.0
0.0
0.002027842750484931
0.0
0.0
0.04287328834719257
0.0
0.0
0.0
0.0
0.0
0.0
0.0
0.0
0.0
0.002558852653690248
0.0
0.0
0.0
0.0
0.0
0.0
0.0
0.0
0.0
0.0
0.0
0.0
0.0
0.0
0.0
0.0
0.0
0.0
0.0
0.0
0.01883401503291087
0.0
0.002558852653690248
0.0
0.0
0.0
0.0
0.0
0.0
0.011059177174660966
0.0
0.0
0.0
0.0
0.0
0.0
0.0
0.0
0.0
0.005787564257694369
0.0
0.0
0.0
0.0
0.02558852653690248
0.0
0.0
0.0
0.0
0.0
0.0
0.0
0.0061506564497689886
0.0
0.0
0.0
0.027236059656702432
0.0
0.0
0.0
0.024334113005819176
0.0
0.0
0.0
0.006397131634225621
0.0
0.0
0.0
0.0
0.0
0.0
0.0
0.0
0.0
0.0
0.0
0.0
0.0
0.001279426326845124
0.0
0.0
0.0
0.0
0.0
0.0
0.0
0.0
0.0
0.0
0.0
0.0
0.0
0.0
0.0
0.0
0.012027732646276375
0.0
0.0
0.0
0.0
0.0
0.0
0.0
0.0
0.0
0.0
0.0
0.013524565493555988
0.0
0.0
0.0
0.0
0.0
0.0
0.0
0.0
0.0
0.0
0.0
0.0
0.0
0.0
0.0
0.0
0.0
0.0
0.0
0.0
0.0
0.017704351555219995
0.0
0.0
0.0
0.0
0.0
0.0
0.0
0.0
0.0
0.0
0.0
0.0
0.0
0.0
0.0
0.0
0.0
0.021436644173596284
0.0
0.0
0.0
0.0
0.0
0.0
0.0
0.0
0.0
0.0
0.0
0.0
0.013709186164300492
0.0
0.0
0.006453930639289931
0.0
0.0
0.0
0.0
0.0
0.0
0.0
0.0
0.0
0.0
0.0
0.005117705307380496
0.0
0.002558852653690248
0.011732243462040605
0.0
0.0
0.0
0.0
0.0
0.0
0.0
0.005619646546563671
0.0
0.0
0.0
0.0
0.0
0.0038382789805353717
0.0
0.0
0.016588765761991447
0.0
0.008852175777609998
0.0
0.0
0.0
0.0
0.0
0.0045866954041751794
0.0
0.0
0.0
0.0
0.0
0.0
0.0
0.0
0.0
0.0
0.0
0.0
0.0
0.0
0.0
0.004055685500969862
0.0
0.0
0.0
0.0
0.0
0.0
0.0
0.0
0.0
0.0
0.006083528251454794
0.0
0.0
0.0
0.0
0.0
0.012167056502909588
0.016222742003879447
0.0
0.0
0.0
0.0
0.0
0.0
0.0
0.0
0.0
0.0
0.0
0.0
0.0
0.0
0.0
0.0
0.0
0.04264012326982078
0.0
0.0
0.02958729528978094
0.004734439996293064
0.0
0.012167056502909588
0.005787564257694369
0.0
0.0
0.0
0.0
0.0
0.0
0.0
0.0
0.0
0.0
0.0
0.0
0.0
0.0
0.0
0.0
0.0
0.0
0.0
0.0
0.0
0.0
0.0
0.0
0.0
0.0
0.0
0.0
0.0
0.0
0.0
0.0
0.0
0.0
0.0
0.0
0.0
0.0
0.0
0.004426087888804999
0.0
0.0
0.0
0.0
0.0
0.0
0.0
0.0
0.0
0.0
0.0
0.0
0.00359180379607874
0.0
0.0
0.0
0.0
0.0
0.0
0.0
0.0
0.0
0.0
0.0
0.0
0.0
0.0
0.0
0.0
0.0
0.0
0.0
0.0
0.0
0.0
0.0
0.0
0.0
0.0
0.0
0.0
0.002558852653690248
0.0
0.0
0.0
0.0
0.0
0.0
0.0
0.0
0.0
0.0
0.0
0.0
0.0
0.0
0.0
0.005705514215650123
0.0
0.0
0.0
0.004055685500969862
0.0
0.0
0.0
0.0
0.0038382789805353717
0.006809014914175608
0.01825058475436438
0.0
0.012301312899537977
0.0
0.0
0.0
0.0
0.0
0.0
0.0
0.0
0.0
0.0
0.0
0.020827517950792993
0.0
0.0
0.0
0.0
0.012027732646276375
0.0
0.0
0.0
0.0
0.0
0.0
0.0
0.0
0.0
0.0
0.0
0.0
0.0
0.0
0.0
0.005866121731020303
0.0
0.001279426326845124
0.012794263268451242
0.0
0.0
0.0
0.0
0.0
0.0
0.006854593082150246
0.0
0.0
0.0033072690773300554
0.0
0.0
0.0
0.002558852653690248
0.0
0.0
0.0
0.0
0.001279426326845124
0.0
0.0
0.0
0.0
0.005434910295229468
0.0
0.002970735933640235
0.0
0.0
0.0
0.0
0.0
0.0045866954041751794
0.0
0.013618029828351216
0.0033072690773300554
0.005434910295229468
0.0
0.0
0.0
0.0
0.0
0.001279426326845124
0.0
0.004055685500969862
0.0
0.0
0.0
0.0
0.011059177174660966
0.0
0.0
0.0
0.0
0.0
0.0
0.0
0.0
0.0
0.0
0.0
0.0
0.0
0.0
0.0
0.007293292649983313
0.0
0.0
0.0
0.0
0.0
0.0
0.006083528251454794
0.0
0.005434910295229468
0.006338529187867946
0.0
0.0
0.0
0.0
0.0
0.0
0.0
0.0
0.0
0.0
0.0
0.0
0.0
0.0
0.0
0.0
0.0
0.0
0.0
0.0
0.0
0.0
0.0
0.0
0.0
0.0
0.0
0.0
0.0
0.0
0.0
0.0
0.004734439996293064
0.0
0.0
0.0
0.0
0.0
0.0
0.0
0.0
0.0
0.0
0.0
0.0
0.0
0.0
0.0
0.0
0.0
0.02858219223146171
0.0
0.0
0.0
0.0
0.0
0.0
0.0
0.0
0.0
0.0
0.0
0.0
0.0
0.0
0.0
0.0
0.0
0.0
0.0
0.0
0.0
0.0
0.0
0.0
0.0
0.0
0.0
0.0
0.005335111827814987
0.0
0.0
0.0
0.0
0.0
0.0
0.0
0.0
0.002970735933640235
0.0
0.0
0.0
0.0
0.0
0.0
0.0
0.0
0.0
0.0
0.0
0.0
0.0
0.0
0.0
0.0
0.0
0.0
0.14860165553228227
0.008852175777609998
0.002027842750484931
0.0
0.0
0.0
0.004871230122923864
0.0
0.0
0.0
0.0
0.0
0.0
0.0
0.0
0.0
0.0
0.0
0.0
0.0
0.0
0.0
0.02056377924645074
0.0
0.0
0.0
0.0
0.010235410614760992
0.00359180379607874
0.0
0.0
0.01711654264695037
0.0
0.0
0.0
0.0
0.006083528251454794
0.004871230122923864
0.0
0.0
0.0
0.0
0.0
0.0
0.0
0.0
0.0
0.0
0.0
0.021985356682928545
0.019015587563603838
0.0
0.0
0.0
0.0
0.0
0.0
0.0
0.0
0.0
0.0
0.0
0.0
0.0
0.0
0.0
0.0
0.0
0.0
0.0
0.0
0.0
0.027049130987111977
0.0
0.013428673244149184
0.0
0.12458368786992842
0.0
0.0033072690773300554
0.0
0.002027842750484931
0.0
0.005335111827814987
0.0
0.0
0.0
0.0
0.0
0.0
0.0
0.0
0.006453930639289931
0.0
0.0
0.0
0.0
0.0
0.05177776675711664
0.0
0.0
0.0
0.0
0.0
0.0
0.0
0.0
0.0
0.0
0.0
0.0
0.0
0.0
0.002027842750484931
0.0
0.0
0.0
0.0
0.001279426326845124
0.0
0.0
0.0
0.0
0.0
0.0
0.0
0.0
0.0
0.051540682048099425
0.004055685500969862
0.006614538154660111
0.0
0.0
0.0
0.0
0.0
0.0
0.0
0.00359180379607874
0.0
0.0
0.0
0.0
0.0
0.0
0.0
0.0
0.0
0.0
0.0
0.009742460245847727
0.0
0.0
0.005117705307380496
0.0
0.0
0.0
0.0
0.002558852653690248
0.0
0.0
0.0
0.0
0.0
0.0
0.0
0.0
0.0
0.0
0.0
0.0
0.0
0.0
0.0
0.0
0.0
0.0
0.0
0.0
0.0
0.0
0.0
0.004734439996293064
0.0
0.0
0.0
0.0
0.0
0.0
0.0033072690773300554
0.0
0.0
0.0
0.0
0.0
0.0
0.0
0.0
0.0
0.0
0.0
0.0
0.0
0.0
0.0
0.002558852653690248
0.0
0.0
0.0
0.0
0.0
0.0
0.0
0.006397131634225621
0.009997157368250333
0.0
0.0
0.0
0.0
0.0
0.0
0.0
0.0
0.0
0.0
0.0
0.009997157368250333
0.0
0.0
0.0
0.0
0.0
0.0
0.0
0.0
0.0
0.004055685500969862
0.0
0.0
0.0
0.0
0.0
0.0
0.0
0.0
0.0
0.0
0.0
0.0
0.0
0.0
0.0
0.010869820590458936
0.004871230122923864
0.0
0.004426087888804999
0.0
0.0
0.0
0.0
0.0
0.0
0.0
0.0
0.0
0.0
0.0
0.0
0.0
0.0
0.0
0.006762282746777994
0.0
0.0
0.0
0.0
0.0
0.0
0.0
0.0656396338498498
0.0
0.00718360759215748
0.0
0.002970735933640235
0.0
0.004426087888804999
0.0
0.0
0.0
0.0
0.0
0.0
0.008500324520970718
0.0
0.0
0.01188294373456094
0.0
0.010869820590458936
0.004055685500969862
0.0
0.0
0.0
0.0
0.12398597504971631
0.0
0.0
0.0
0.0
0.004734439996293064
0.0
0.01711654264695037
0.0
0.0
0.026458152618640443
0.0
0.0
0.0
0.0
0.0
0.0
0.0
0.026660447137830466
0.0
0.0
0.0
0.0
0.0
0.0
0.004998578684125166
0.0
0.0
0.00594147186728047
0.0
0.0
0.0
0.0
0.0
0.0
0.0
0.0
0.0
0.0
0.0
0.0
0.0
0.0
0.0
0.0
0.0
0.0
0.0
0.0
0.0
0.0
0.0
0.0
0.0
0.01312507945943795
0.0
0.0
0.0
0.041909643254971485
0.0
0.0
0.0
0.0
0.0
0.0
0.0
0.0
0.0
0.0
0.0
0.0
0.0
0.0
0.0
0.005787564257694369
0.0
0.0
0.0
0.001279426326845124
0.0
0.0
0.0
0.00359180379607874
0.0
0.0
0.0
0.4086545527137762
0.0
0.0
0.0
0.0
0.0
0.0
0.0
0.0
0.0
0.0
0.0
0.02917317059993325
0.0
0.0
0.0
0.0
0.0
0.0
0.0
0.0
0.0
0.0
0.0
0.03307269077330055
0.0
0.0
0.0
0.0
0.01999533535337285
0.0
0.0
0.006562539729718975
0.0
0.0
0.0
0.0
0.0
0.02970735933640235
0.0
0.0
0.04139443724045277
0.0
0.004055685500969862
0.0
0.0
0.0
0.0
0.0
0.0
0.0
0.0
0.0033072690773300554
0.0
0.0
0.0
0.002027842750484931
0.0
0.004871230122923864
0.0
0.0
0.0
0.0
0.00718360759215748
0.0
0.0
0.0
0.0
0.0
0.0
0.0
0.0
0.0
0.0
0.0
0.0
0.0
0.0
0.0
0.0
0.0
0.0
0.0
0.0
0.0
0.0
0.027596291493635183
0.0
0.0
0.0
0.0033072690773300554
0.0
0.0
0.0
0.00650903389594198
0.0
0.0
0.0
0.006083528251454794
0.0
0.0
0.0
0.0
0.0
0.0
0.0
0.0
0.0
0.0
0.0
0.0
0.004055685500969862
0.0
0.0
0.0
0.0
0.0
0.0
0.0
0.0
0.0
0.0
0.0
0.0
0.0
0.0
0.0
0.0
0.0
0.0
0.005705514215650123
0.0
0.0
0.0
0.0
0.0
0.0
0.0
0.0
0.0
0.0
0.0
0.0
0.0
0.0
0.0
0.0
0.004998578684125166
0.0
0.0
0.0
0.0
0.0
0.0
0.0
0.0
0.0
0.0
0.0
0.0
0.0
0.0
0.0
0.0
0.0
0.0
0.0
0.0
0.0
0.0
0.0
0.0
0.0
0.0
0.0
0.0
0.0
0.0
0.03533495292269746
0.0
0.0
0.0
0.0
0.0
0.0
0.0
0.0
0.0
0.0
0.0
0.0
0.0
0.0
0.0
0.0
0.0
0.0
0.04332538916475356
0.0
0.0
0.0
0.0
0.0
0.0
0.0
0.0
0.0
0.0
0.0
0.0
0.0
0.0
0.0
0.0
0.0
0.0
0.004250162260485359
0.0
0.0
0.0
0.0
0.0
0.0
0.0
0.0
0.0
0.0
0.0
0.0
0.0
0.0
0.0
0.0
0.0
0.0
0.0
0.0
0.0
0.0
0.0
0.0
0.0
0.0
0.0
0.0
0.0
0.0
0.0
0.0
0.02346448692408121
0.0
0.21547240052180927
0.0
0.0
0.0
0.0
0.0
0.019843614463980332
0.0
0.0
0.0
0.0
0.0
0.0
0.0
0.0
0.0
0.0
0.0
0.0
0.0
0.0
0.0
0.00359180379607874
0.0
0.0
0.0
0.0
0.0
0.0
0.0
0.10160430447414502
0.0
0.0
0.0
0.0
0.0
0.0
0.0
0.0
0.0
0.0
0.0
0.0
0.0
0.002558852653690248
0.0
0.0
0.0
0.0
0.0
0.0
0.0
0.0
0.0
0.0
0.0
0.0
0.0
0.0
0.0
0.0
0.0
0.02958729528978094
0.006809014914175608
0.0
0.0
0.0
0.0
0.0
0.0
0.0
0.00359180379607874
0.0
0.014052842869220195
0.0033072690773300554
0.0
0.0
0.0
0.0
0.0
0.0
0.0
0.0
0.0
0.0
0.0
0.0
0.005434910295229468
0.0
0.012027732646276375
0.0
0.0
0.0
0.0
0.0
0.0
0.02873443036862992
0.0
0.0
0.0
0.0
0.027418372328600983
0.0
0.0
0.001279426326845124
0.0
0.0
0.0
0.0
0.0
0.0
0.0
0.0
0.0
0.0
0.0
0.0
0.0
0.0
0.0
0.0
0.0
0.0
0.0
0.004871230122923864
0.0
0.0
0.0
0.002027842750484931
0.0
0.0
0.006614538154660111
0.0
0.0
0.0
0.011239293093127342
0.0
0.0
0.0
0.0
0.0
0.0
0.0
0.004426087888804999
0.0
0.0
0.0
0.0
0.0
0.0
0.0
0.0
0.0
0.0
0.0
0.0
0.05685349769309436
0.0
0.00359180379607874
0.002558852653690248
0.0
0.0
0.0
0.0
0.00359180379607874
0.0
0.0
0.0
0.0
0.0
0.011239293093127342
0.005705514215650123
0.0
0.0
0.0
0.0
0.0
0.0
0.005335111827814987
0.0
0.0
0.0
0.0
0.0
0.0
0.0
0.005117705307380496
0.01999533535337285
0.0
0.004734439996293064
0.0
0.0
0.0
0.0
0.0
0.0
0.0
0.0
0.0
0.0
0.0
0.0
0.0
0.0
0.0
0.0071455480578654276
0.0
0.0
0.005787564257694369
0.0
0.0
0.0
0.0
0.0
0.002027842750484931
0.0
0.0
0.0
0.0
0.0
0.0
0.0
0.0
0.0
0.0
0.00650903389594198
0.0
0.0359180379607874
0.0
0.0
0.0
0.0
0.0
0.0
0.0
0.058903636626399344
0.0
0.0
0.0
0.0
0.0
0.0
0.0
0.0
0.0
0.0
0.0
0.0
0.0
0.0
0.0
0.0
0.0
0.0
0.0
0.0
0.0
0.0
0.004426087888804999
0.0
0.0
0.01825058475436438
0.0
0.0
0.0076765579610707435
0.0
0.0
0.0
0.005335111827814987
0.0
0.0
0.0
0.0
0.0
0.0
0.0
0.0
0.0
0.01312507945943795
0.0
0.0
0.02120097175361848
0.0
0.0
0.0
0.0
0.0
0.0
0.0
0.0
0.00621542878047949
0.0
0.0
0.0
0.0
0.033811413733889975
0.0
0.0
0.0
0.0
0.006397131634225621
0.0
0.0
0.0
0.0
0.0
0.0
0.0
0.0062780050109702895
0.0
0.0
0.0
0.0
0.0
0.0
0.0
0.0
0.0
0.0
0.0
0.0
0.0
0.0
0.0
0.0
0.0
0.0
0.05587952433996198
0.0
0.0
0.0
0.0
0.004734439996293064
0.0
0.0
0.0
0.0
0.0
0.002970735933640235
0.0
0.0
0.0
0.0
0.01301806779188396
0.0
0.06626659120469927
0.006338529187867946
0.0
0.0
0.005117705307380496
0.0
0.0
0.0
0.0
0.0
0.0
0.0
0.0
0.0
0.0
0.0
0.0
0.0
0.0
0.0
0.0
0.0
0.0
0.0
0.006338529187867946
0.05080215223707251
0.0
0.0
0.0
0.0
0.0
0.0
0.0
0.0
0.0
0.0
0.0
0.009173390808350359
0.0
0.0
0.0
0.0
0.0
0.0
0.0
0.0
0.0
0.0
0.033811413733889975
0.0
0.0
0.0
0.0
0.0
0.0
0.0
0.0
0.0
0.0
0.0
0.0
0.0
0.0
0.0
0.0
0.0
0.0
0.0
0.06396018490473115
0.0
0.0
0.0
0.0
0.0
0.0
0.0
0.0
0.0
0.0
0.0
0.0
0.002970735933640235
0.0
0.0
0.0
0.0
0.0
0.01243085756095898
0.0
0.0
0.0
0.0
0.0
0.0
0.0
0.0066651117844576165
0.0
0.0
0.0
0.001279426326845124
0.0
0.0
0.0
0.0
0.0
0.0
0.0
0.002558852653690248
0.004871230122923864
0.0
0.0
0.0
0.0
0.0
0.0
0.001279426326845124
0.0
0.0
0.0
0.0
0.0
0.0
0.0
0.0
0.0
0.0
0.013330223568915233
0.0
0.0
0.0
0.0
0.0
0.0
0.0
0.0
0.0
0.040854089485053646
0.0
0.0
0.0
0.0
0.04354470191749072
0.0
0.0
0.0
0.0
0.0038382789805353717
0.0
0.004250162260485359
0.0
0.0
0.0
0.0
0.0
0.0
0.0
0.004426087888804999
0.0
0.002027842750484931
0.0
0.0
0.0
0.0
0.0
0.0
0.0
0.0
0.0
0.0
0.0
0.0
0.0
0.0
0.0
0.0038382789805353717
0.0
0.0
0.0
0.0
0.0
0.0
0.0
0.0
0.0
0.0
0.0
0.0
0.0
0.0
0.0
0.0
0.0
0.027596291493635183
0.0
0.0
0.0
0.0
0.0
0.001279426326845124
0.0
0.0
0.0
0.0
0.0
0.0
0.07362954578299918
0.0
0.004426087888804999
0.0
0.0
0.0
0.04215852860766058
0.0
0.0
0.0
0.0
0.0
0.0
0.0
0.0
0.0
0.0
0.0
0.0
0.005619646546563671
0.0
0.0
0.0
0.0
0.0
0.006762282746777994
0.0
0.0
0.0
0.0
0.0
0.0
0.0
0.0
0.004250162260485359
0.0
0.0
0.0
0.0
0.0
0.027418372328600983
0.1923174193835761
0.0076765579610707435
0.0
0.0
0.0
0.01301806779188396
0.0
0.0
0.0
0.0
0.0
0.0
0.0
0.0
0.0
0.014586585299966625
0.013524565493555988
0.0
0.0
0.0
0.0
0.004055685500969862
0.0
0.0
0.0
0.0
0.0
0.0
0.0
0.0
0.0
0.0
0.0
0.0
0.0
0.0
0.0
0.0
0.05653592467631594
0.0
0.0
0.0
0.002558852653690248
0.0
0.0
0.0
0.002558852653690248
0.0
0.0033072690773300554
0.0
0.0
0.0
0.010235410614760992
0.0
0.0
0.0
0.0
0.0
0.0
0.0
0.0
0.05716438446292342
0.0
0.014586585299966625
0.0
0.0
0.0
0.0
0.0
0.004734439996293064
0.0
0.0
0.00594147186728047
0.0
0.0
0.0
0.0
0.0
0.0
0.0
0.0
0.0
0.0
0.0
0.0
0.0
0.0
0.0
0.0
0.0
0.0
0.0
0.0
0.0
0.0
0.0
0.0
0.0
0.0
0.08173091054275523
0.0
0.020143009866223777
0.0
0.0
0.0
0.013709186164300492
0.0
0.08708940383498144
0.0
0.0
0.0
0.0
0.0
0.002027842750484931
0.0
0.0
0.0
0.0
0.0
0.0
0.005529588587330483
0.013798145746817592
0.01999533535337285
0.0
0.0
0.0
0.0
0.0
0.0
0.0
0.0
0.0
0.0
0.0
0.0
0.0
0.0
0.0
0.0
0.0
0.0
0.0
0.0
0.0
0.0
0.0
0.001279426326845124
0.0
0.0
0.0
0.0
0.0
0.0
0.0
0.0
0.0
0.006714336622074592
0.0
0.010670223655629973
0.0
0.0
0.0
0.0
0.0
0.004871230122923864
0.0
0.0
0.0
0.004426087888804999
0.0
0.0
0.0
0.0
0.0
0.0
0.0
0.0
0.0
0.0
0.0
0.08916099331936934
0.0
0.0
0.03664226113821424
0.0
0.0
0.019843614463980332
0.0
0.0
0.0
0.0
0.0
0.0
0.0
0.0
0.0
0.00621542878047949
0.006083528251454794
0.0
0.0
0.001279426326845124
0.0
0.0
0.0
0.0
0.0
0.0
0.0
0.0
0.0
0.0
0.0
0.07328452227642848
0.0
0.0
0.006338529187867946
0.0
0.0
0.006453930639289931
0.0
0.0
0.0
0.0
0.0045866954041751794
0.0
0.0
0.0
0.014514900639163575
0.011059177174660966
0.0
0.0
0.0
0.0
0.2229024832984234
0.0
0.0
0.0
0.0
0.09571840951789894
0.0
0.0
0.0
0.0
0.0
0.0
0.0
0.0
0.0
0.0
0.0
0.0
0.0
0.0
0.0
0.002558852653690248
0.0
0.0
0.0
0.0
0.0
0.0
0.04310164555294488
0.002027842750484931
0.0
0.0
0.0
0.0
0.0
0.0
0.0
0.0
0.0
0.0
0.0
0.0
0.0
0.0
0.005705514215650123
0.0
0.0
0.0
0.0
0.0
0.0
0.0
0.0
0.0
0.004250162260485359
0.0
0.006397131634225621
0.002970735933640235
0.0
0.0
0.0
0.0
0.0
0.0045866954041751794
0.0
0.0
0.0
0.0
0.01436721518431496
0.0
0.0
0.0
0.0
0.0
0.0
0.0
0.0
0.0
0.0
0.0
0.0
0.0
0.0
0.0
0.0
0.0
0.0
0.0
0.0
0.0
0.0
0.0
0.0
0.0
0.0
0.0
0.0
0.0
0.006942505983597664
0.0
0.0
0.0
0.0
0.0
0.0
0.0
0.005229607569096856
0.0
0.004250162260485359
0.0
0.0
0.0
0.0
0.0
0.006453930639289931
0.0
0.0
0.0
0.0
0.0
0.001279426326845124
0.0
0.0
0.0
0.0
0.0
0.0
0.0
0.0
0.0
0.0
0.0
0.0
0.0
0.012907861278579862
0.0
0.012301312899537977
0.0
0.0
0.0
0.0
0.0
0.0
0.0
0.0
0.0
0.0
0.0
0.0
0.0
0.0
0.0
0.0
0.0
0.14860165553228227
0.0
0.00650903389594198
0.0
0.0
0.0
0.0
0.00594147186728047
0.0
0.002558852653690248
0.0
0.0
0.0
0.0
0.0
0.0
0.0
0.0
0.0
0.0
0.0
0.0
0.0
0.00621542878047949
0.004734439996293064
0.0
0.0
0.0
0.0
0.0
0.0
0.0
0.0
0.0
0.0
0.0
0.0
0.0
0.0
0.0
0.0
0.0
0.0
0.0
0.0
0.0
0.0
0.0
0.0
0.0
0.0
0.0
0.0
0.0
0.0
0.002558852653690248
0.0
0.0
0.0
0.0
0.0
0.0
0.0
0.0
0.0
0.0
0.0062780050109702895
0.0
0.0
0.0
0.0
0.0
0.0071455480578654276
0.0
0.0
0.0
0.0
0.0
0.002558852653690248
0.0
0.0
0.0
0.0
0.0
0.0
0.0
0.0
0.0
0.0
0.0
0.0
0.0
0.0
0.0
0.0
0.0
0.0
0.0
0.0
0.0
0.0
0.0
0.0
0.005705514215650123
0.0
0.0
0.0
0.0
0.0
0.0
0.0
0.0
0.013969881084990496
0.0
0.013709186164300492
0.0
0.013229076309320222
0.0
0.0
0.0
0.0
0.0
0.0
0.010670223655629973
0.0
0.0
0.0
0.0
0.0
0.0
0.0
0.0
0.0
0.0
0.0
0.0
0.009997157368250333
0.0
0.0
0.0
0.0
0.0
0.0
0.0
0.0
0.0
0.0
0.0
0.004871230122923864
0.013229076309320222
0.0066651117844576165
0.0
0.0
0.0
0.0
0.0
0.0
0.0
0.0
0.0
0.0
0.0
0.0
0.0
0.0
0.0
0.0
0.0
0.0
0.0
0.0
0.0
0.0
0.0
0.0
0.0
0.0
0.0
0.0
0.0
0.0
0.008852175777609998
0.0
0.0
0.0
0.0
0.0
0.0
0.0
0.0
0.0
0.0
0.0
0.0
0.0038382789805353717
0.0
0.0
0.0
0.0
0.0
0.02187987794994994
0.0
0.0
0.0
0.008111371001939724
0.0
0.0
0.0
0.0
0.0
0.0
0.0
0.0
0.002970735933640235
0.0
0.0
0.0
0.0
0.0
0.0
0.0
0.0
0.0
0.0
0.0
0.0
0.002970735933640235
0.0
0.0
0.0
0.0
0.0
0.0
0.0
0.0
0.0
0.0
0.018646286341438473
0.0
0.0
0.0
0.00621542878047949
0.0
0.0
0.0
0.0
0.0
0.0
0.0
0.0
0.0
0.0
0.0
0.0
0.0
0.0
0.0
0.0
0.0
0.0
0.0
0.0
0.0
0.0
0.0
0.0
0.0
0.005787564257694369
0.0
0.0
0.0
0.0
0.0
0.0
0.0
0.0
0.0
0.0
0.0
0.0
0.0
0.0
0.0
0.0
0.0
0.0
0.0
0.0
0.011514836941606117
0.0
0.0
0.0
0.0
0.0
0.0
0.0
0.0
0.0
0.0
0.0
0.0
0.0
0.0
0.0
0.0
0.0
0.0
0.0
0.004250162260485359
0.0
0.0
0.0
0.0
0.0
0.0
0.005335111827814987
0.0
0.0
0.0
0.004055685500969862
0.0
0.0
0.0
0.0
0.0
0.0
0.0
0.027049130987111977
0.0
0.0
0.0
0.0
0.0
0.0
0.0
0.0
0.0
0.0
0.0
0.0
0.0
0.0
0.0
0.0
0.0
0.0
0.0
0.0
0.0
0.0
0.0
0.0
0.0
0.0
0.0
0.03664226113821424
0.0
0.009742460245847727
0.0
0.0
0.0
0.0
0.0
0.0
0.0
0.0
0.0
0.0
0.0
0.0
0.0
0.004426087888804999
0.0
0.0
0.0
0.0
0.0
0.0
0.0
0.0
0.0
0.0
0.005117705307380496
0.0
0.0
0.0
0.0
0.0
0.0
0.0
0.0
0.0
0.0
0.0
0.0
0.0
0.0
0.0
0.0
0.0
0.002027842750484931
0.0
0.0
0.0
0.0
0.0
0.0
0.0
0.0
0.0
0.0
0.0
0.0
0.0
0.0
0.0
0.0
0.0
0.0
0.0
0.0
0.0
0.0
0.0
0.0
0.0
0.0
0.0
0.0
0.006899072873408796
0.0
0.002558852653690248
0.0
0.0
0.0
0.0
0.004055685500969862
0.011059177174660966
0.05163144511431945
0.0
0.0
0.0
0.0
0.0
0.0
0.0
0.0
0.012027732646276375
0.0
0.0
0.0
0.0
0.027418372328600983
0.004998578684125166
0.0
0.0
0.0
0.0
0.0
0.005229607569096856
0.0
0.0
0.0
0.002027842750484931
0.002970735933640235
0.0
0.0
0.0
0.0
0.0
0.0
0.0
0.0
0.0
0.0
0.0
0.0
0.0
0.0
0.0
0.0
0.0
0.0
0.0
0.0
0.0
0.0
0.0
0.0
0.0
0.0
0.0
0.0
0.0
0.0
0.0
0.0
0.0
0.0
0.0
0.0
0.00650903389594198
0.0
0.0
0.012677058375735892
0.0
0.0
0.0
0.0
0.0
0.0
0.0
0.0
0.0
0.0
0.005434910295229468
0.0
0.0
0.0
0.0
0.0
0.0
0.0
0.0
0.006762282746777994
0.0
0.004250162260485359
0.002558852653690248
0.0
0.0
0.0
0.0
0.0
0.0
0.0
0.0
0.0
0.0
0.0
0.0
0.0
0.0
0.0
0.0
0.011411028431300246
0.0
0.0
0.0
0.0
0.0
0.0
0.0
0.0
0.0
0.0
0.0
0.0
0.0
0.0
0.0
0.0
0.0
0.0
0.0
0.0
0.007362954578299918
0.0
0.0
0.0
0.0
0.0
0.0
0.0
0.0
0.0
0.0
0.0
0.0
0.0
0.0
0.0
0.0
0.0
0.0
0.0
0.0
0.0
0.0
0.0
0.0
0.0
0.0
0.0
0.0
0.0
0.0
0.0
0.006453930639289931
0.0
0.002970735933640235
0.0
0.0
0.006562539729718975
0.0
0.0
0.0
0.0
0.0
0.0
0.0
0.001279426326845124
0.0
0.0
0.0
0.013278263666414996
0.0
0.004055685500969862
0.0
0.0
0.0
0.0
0.00359180379607874
0.0
0.0
0.0
0.0
0.0
0.002558852653690248
0.0
0.0
0.0
0.0
0.0
0.0
0.0
0.0
0.0
0.0
0.0
0.0
0.0033072690773300554
0.0
0.0
0.0
0.0
0.0
0.0
0.0
0.0
0.0
0.0
0.0
0.0
0.0
0.0
0.0
0.0
0.00359180379607874
0.0
0.0
0.0
0.0
0.0
0.0
0.0
0.0
0.0
0.0
0.0
0.0
0.0
0.0
0.0
0.0
0.0
0.0
0.0
0.0
0.0
0.0
0.0
0.0
0.0
0.0
0.0
0.0
0.0
0.0
0.0
0.0
0.0
0.0
0.0
0.0
0.0
0.0
0.0
0.0
0.0
0.0
0.001279426326845124
0.001279426326845124
0.002970735933640235
0.0
0.0
0.0
0.0
0.0
0.0
0.0
0.0
0.012677058375735892
0.0
0.0
0.0
0.0
0.0
0.0
0.002027842750484931
0.0
0.0
0.0
0.00621542878047949
0.0
0.02858219223146171
0.0
0.0
0.0076765579610707435
0.002970735933640235
0.0
0.0
0.0
0.0
0.0
0.005705514215650123
0.0
0.009468879992586127
0.0
0.0
0.0
0.0
0.0
0.0
0.0
0.0
0.0
0.0
0.0
0.0
0.0
0.0
0.0
0.0
0.0
0.0
0.0
0.0
0.0
0.0
0.0
0.0
0.0
0.010670223655629973
0.0
0.0
0.0
0.0033072690773300554
0.0
0.0
0.0
0.0
0.0
0.0
0.0
0.0
0.0
0.0
0.0
0.0
0.0
0.0
0.0
0.006083528251454794
0.0
0.006338529187867946
0.0
0.0
0.0
0.0
0.0
0.0
0.0
0.0
0.0
0.19318215219196694
0.0
0.002027842750484931
0.0
0.0
0.0
0.0
0.0
0.002027842750484931
0.0
0.0
0.0
0.04287328834719257
0.0
0.0
0.0
0.0
0.0
0.046655782491203314
0.0
0.0
0.002558852653690248
0.0
0.010869820590458936
0.0
0.00621542878047949
0.020427044742526823
0.0
0.009742460245847727
0.0
0.004871230122923864
0.0
0.0
0.0
0.0033072690773300554
0.0
0.0
0.0
0.0
0.004426087888804999
0.0
0.0
0.013428673244149184
0.0
0.004871230122923864
0.0
0.02132006163491039
0.005787564257694369
0.001279426326845124
0.0
0.0
0.0
0.0
0.0
0.0
0.0
0.0
0.0
0.0
0.0
0.0
0.0
0.0
0.03553343605818397
0.0
0.0
0.0
0.0
0.0
0.0
0.0
0.0
0.0
0.0
0.0
0.0
0.0
0.0
0.0
0.0
0.0
0.0
0.0
0.0
0.0
0.0
0.0
0.0
0.0
0.0
0.0
0.0061506564497689886
0.0
0.006899072873408796
0.0
0.0
0.0
0.006083528251454794
0.0
0.0
0.0
0.02107926430383029
0.0
0.0
0.0
0.0
0.0
0.0
0.0
0.0
0.002558852653690248
0.0066651117844576165
0.0
0.0
0.0
0.0
0.0
0.0
0.0
0.0
0.0038382789805353717
0.0
0.0
0.0
0.0
0.0
0.0
0.0
0.0
0.0
0.0
0.0
0.0
0.0
0.0
0.0
0.0
0.0
0.0033072690773300554
0.0
0.0
0.0
0.0
0.0
0.0
0.0
0.0
0.0
0.0
0.005619646546563671
0.006397131634225621
0.0
0.0
0.009997157368250333
0.0
0.0
0.0
0.0
0.0
0.0
0.0
0.0
0.0
0.0
0.0
0.0
0.0
0.0
0.0
0.0
0.0
0.0
0.0
0.00359180379607874
0.002027842750484931
0.0033072690773300554
0.0
0.0
0.0
0.0
0.0
0.0
0.0
0.06657141440200712
0.0
0.0
0.0
0.0
0.0
0.0
0.0
0.0
0.0
0.0
0.0
0.0
0.0
0.0
0.011514836941606117
0.0
0.0
0.0
0.0
0.0
0.0
0.0
0.0
0.0
0.0
0.0
0.0
0.001279426326845124
0.0
0.0
0.0
0.0
0.0
0.0
0.015353115922141487
0.0
0.0
0.0
0.0
0.0
0.005117705307380496
0.0
0.0
0.0
0.0
0.0
0.0
0.0
0.0
0.0
0.0
0.0
0.0
0.0
0.0
0.0
0.0
0.0
0.0
0.006013866323138188
0.0
0.0
0.0
0.0
0.0
0.0
0.0
0.014291096115730855
0.0
0.020286848240333985
0.0
0.0
0.0
0.0
0.0
0.0
0.0
0.0
0.005335111827814987
0.0
0.0
0.002970735933640235
0.0
0.0
0.002558852653690248
0.0
0.0
0.002027842750484931
0.0
0.0
0.0
0.0
0.0
0.0
0.0
0.0
0.0
0.0
0.0
0.0
0.0
0.0
0.0
0.0
0.0
0.0
0.0
0.0
0.0
0.0
0.0
0.0
0.0
0.012794263268451242
0.0
0.0
0.0
0.0
0.0
0.0
0.0
0.0
0.0
0.0
0.0
0.0
0.0
0.0
0.0
0.036984119112226176
0.0
0.0
0.0
0.0
0.0
0.0
0.0
0.0
0.0
0.0
0.0
0.0
0.0
0.0
0.0
0.0
0.0
0.0
0.0
0.014133981169078986
0.0
0.0
0.0
0.0
0.0
0.0163047308856884
0.0
0.0
0.004055685500969862
0.0
0.005529588587330483
0.0
0.002027842750484931
0.0
0.0
0.0
0.0
0.0
0.0
0.0
0.0
0.0
0.0
0.0
0.0
0.0
0.0
0.0
0.0
0.0
0.0
0.005529588587330483
0.0
0.03471252991798832
0.0
0.0
0.0
0.0
0.011059177174660966
0.0
0.0
0.004871230122923864
0.0
0.0
0.0
0.0
0.0
0.0
0.0
0.0
0.0
0.0
0.0
0.0
0.0
0.0
0.0
0.0
0.0
0.0
0.0
0.0
0.0
0.0
0.0
0.0
0.0
0.0
0.0
0.0
0.0
0.0
0.0
0.0
0.002970735933640235
0.0
0.0
0.0
0.0
0.0
0.0
0.0
0.0
0.0
0.0
0.0
0.0
0.0
0.0
0.0
0.0
0.0
0.005787564257694369
0.004426087888804999
0.0
0.0
0.0
0.0
0.0
0.019191394902676864
0.016588765761991447
0.0
0.0
0.0
0.0
0.04438094293467141
0.0
0.0
0.0
0.0
0.0
0.0
0.0
0.0
0.0
0.0
0.0
0.0
0.0
0.0
0.0
0.0
0.0
0.0
0.0
0.00359180379607874
0.0
0.0
0.0
0.0
0.0
0.0
0.0
0.0
0.0
0.0
0.0
0.0
0.02107926430383029
0.0
0.0
0.0
0.0
0.01376008621252554
0.0
0.0
0.0
0.0
0.0
0.0
0.0
0.0
0.0
0.0
0.0
0.0
0.012907861278579862
0.0
0.0
0.0
0.0
0.0
0.0
0.0
0.0
0.0
0.0
0.0
0.0
0.006809014914175608
0.009742460245847727
0.002558852653690248
0.0
0.0
0.0
0.0
0.0
0.0
0.0
0.0
0.0
0.0
0.0
0.0
0.0
0.0
0.0
0.0
0.0
0.0
0.0
0.0
0.0
0.0
0.005866121731020303
0.0
0.0
0.0
0.0
0.0
0.0
0.0
0.0
0.0
0.0
0.0
0.0033072690773300554
0.0
0.0
0.0
0.004055685500969862
0.011732243462040605
0.0
0.0
0.0
0.0
0.0
0.0
0.0
0.0
0.0
0.0
0.0
0.0
0.0
0.0
0.0
0.0
0.0
0.0
0.0
0.0
0.0
0.0
0.0
0.0
0.0
0.0
0.02155082277647244
0.0
0.0045866954041751794
0.0
0.0
0.0
0.0
0.0
0.0
0.006083528251454794
0.0
0.0
0.0
0.0
0.0
0.0
0.0
0.001279426326845124
0.0
0.0
0.0
0.0
0.0
0.0
0.0
0.0
0.0
0.0
0.0
0.0
0.0
0.0
0.0
0.0
0.0
0.0
0.0
0.0
0.0
0.0
0.0
0.001279426326845124
0.0
0.0
0.0
0.0
0.0
0.0
0.0
0.0
0.0
0.0
0.005434910295229468
0.02107926430383029
0.0
0.0
0.0
0.058627617821142786
0.0
0.0
0.0
0.0
0.0
0.03628725159790894
0.005229607569096856
0.0
0.0
0.0
0.0038382789805353717
0.0
0.00359180379607874
0.0
0.0
0.0
0.004250162260485359
0.0
0.0
0.0
0.0
0.0
0.0
0.0
0.0
0.0
0.0
0.0
0.0
0.0
0.16160769299603225
0.0
0.0
0.0
0.0
0.0
0.0
0.0
0.0
0.0
0.0
0.0
0.0
0.0
0.0
0.0
0.0
0.0
0.0
0.0
0.0
0.0
0.0
0.01711654264695037
0.0
0.0
0.0
0.0
0.0
0.011575128515388737
0.0
0.0
0.0
0.0
0.0
0.0
0.0
0.0
0.0
0.0
0.0
0.01782441560184141
0.0
0.0
0.0
0.0
0.0
0.0
0.013618029828351216
0.012794263268451242
0.0
0.0
0.0
0.0
0.0
0.0
0.0
0.0
0.07293292649983313
0.0071455480578654276
0.0
0.0
0.0
0.2526228144048799
0.0
0.0
0.06657141440200712
0.0
0.03681477289149959
0.0
0.0
0.014052842869220195
0.0359180379607874
0.0
0.0
0.04332538916475356
0.06595607004878563
0.0
0.05685349769309436
0.0061506564497689886
0.008852175777609998
0.0
0.0
0.0
0.0
0.14860165553228227
0.0
0.029313808910571393
0.004426087888804999
0.0
0.026660447137830466
0.0
0.0
0.0
0.0
0.0
0.0
0.0
0.0
0.002558852653690248
0.0
0.0
0.0
0.0071455480578654276
0.00359180379607874
0.0
0.0
0.0
0.0
0.0
0.0
0.0
0.0
0.0
0.0
0.0
0.06657141440200712
0.0
0.0
0.0
0.0
0.0
0.0
0.0
0.0
0.0
0.06323779291149087
0.014514900639163575
0.0
0.0
0.0
0.0
0.0
0.0
0.0
0.0
0.0
0.0
0.0
0.0
0.0
0.0
0.0
0.005705514215650123
0.0
0.005787564257694369
0.0
0.0
0.0
0.0
0.0
0.0
0.0
0.0
0.0
0.0
0.0
0.0
0.0
0.0
0.028406639977758382
0.0
0.0
0.0
0.0
0.0
0.0
0.0
0.0
0.0
0.0
0.0
0.0
0.0
0.0
0.0
0.03533495292269746
0.0
0.0
0.0
0.002970735933640235
0.0
0.0
0.0
0.0
0.0
0.0
0.0
0.002027842750484931
0.0
0.0
0.0
0.0
0.0045866954041751794
0.0
0.0
0.0
0.0
0.0
0.0
0.0
0.0
0.001279426326845124
0.0
0.0
0.0
0.0
0.0
0.0
0.0
0.0
0.0
0.0
0.0
0.0
0.0
0.0
0.0
0.0
0.005529588587330483
0.0
0.0
0.0
0.0
0.0
0.0
0.0
0.0
0.01243085756095898
0.0
0.0
0.0
0.0
0.0
0.0
0.0
0.0033072690773300554
0.0
0.0
0.0
0.0
0.02132006163491039
0.0
0.0
0.0
0.0
0.0
0.0
0.0
0.0
0.0
0.0
0.0
0.0
0.0
0.0
0.0
0.025112020043881158
0.0
0.0
0.0
0.0
0.0
0.0
0.0
0.0
0.0
0.0
0.0
0.0
0.0
0.0
0.022190471467335705
0.0
0.0
0.0
0.0
0.0
0.0
0.0
0.0
0.0
0.0
0.0
0.0038382789805353717
0.0
0.0
0.0
0.0
0.0
0.0
0.0
0.0
0.0
0.02155082277647244
0.0
0.0
0.0
0.0163047308856884
0.002558852653690248
0.002027842750484931
0.0
0.0
0.0
0.0
0.0
0.0
0.0
0.0
0.0
0.0
0.0
0.0033072690773300554
0.0
0.002027842750484931
0.0
0.0
0.0
0.0
0.0
0.0
0.0
0.0
0.0
0.0
0.0
0.0
0.0
0.0
0.0
0.0
0.002970735933640235
0.02902980127832715
0.0
0.0
0.0
0.0
0.0
0.0
0.0
0.0
0.0
0.0
0.0
0.0
0.0
0.0
0.0
0.0
0.0
0.0
0.0
0.00594147186728047
0.0
0.0
0.0
0.0
0.0
0.0
0.0
0.0
0.0
0.0
0.0
0.0
0.0
0.0
0.0
0.0
0.0
0.0
0.0
0.0
0.0
0.0
0.006013866323138188
0.0
0.0
0.0
0.0
0.0
0.0
0.0
0.0
0.0
0.0
0.0
0.012027732646276375
0.006338529187867946
0.0
0.0
0.0
0.0
0.0
0.0
0.0
0.0
0.0
0.0
0.0
0.0
0.0
0.0
0.0
0.0
0.0
0.0
0.0
0.016858939639691015
0.0
0.0
0.0
0.0
0.0
0.0
0.0
0.013798145746817592
0.0
0.0
0.0
0.0
0.0
0.0
0.0
0.0
0.0
0.0
0.027596291493635183
0.0
0.0
0.0
0.0
0.0
0.0
0.0
0.0
0.0
0.0
0.0
0.0
0.0
0.0
0.0
0.0
0.0
0.0
0.0
0.0
0.0
0.0
0.0
0.0
0.0
0.0
0.0
0.0
0.006338529187867946
0.0
0.0
0.0
0.0
0.0
0.0038382789805353717
0.0
0.010459215138193713
0.0
0.0
0.0
0.0
0.0
0.0
0.0
0.0
0.0
0.0
0.0
0.0
0.0
0.0
0.0
0.0
0.006899072873408796
0.0
0.0
0.005619646546563671
0.0
0.0
0.0
0.08751951179979976
0.0
0.0
0.01188294373456094
0.0
0.0
0.0
0.0
0.0
0.0
0.0
0.0
0.0
0.0
0.0
0.020427044742526823
0.0
0.07362954578299918
0.0
0.0
0.0061506564497689886
0.0
0.0
0.0
0.0
0.0
0.0
0.0
0.0
0.0
0.0
0.0
0.0
0.0
0.0
0.0
0.006809014914175608
0.0
0.0
0.0
0.0
0.0
0.0
0.0
0.0
0.0
0.0
0.0045866954041751794
0.0038382789805353717
0.0
0.0
0.0
0.0
0.0
0.02132006163491039
0.0
0.0
0.0
0.0
0.0
0.0
0.0
0.0
0.0
0.005866121731020303
0.0
0.0
0.0
0.0
0.0
0.006083528251454794
0.0
0.0
0.0
0.0
0.0
0.0
0.0
0.005434910295229468
0.07026421434610097
0.0
0.0
0.0
0.0
0.0
0.08794142673171418
0.0
0.0
0.1083134729118839
0.0
0.006809014914175608
0.0
0.0
0.0
0.02056377924645074
0.01312507945943795
0.0
0.013229076309320222
0.0
0.10402115887259758
0.0
0.0
0.0
0.0
0.0
0.005335111827814987
0.020286848240333985
0.0
0.0
0.0
0.0
0.0
0.0
0.0
0.0
0.0
0.0
0.0
0.08916099331936934
0.0
0.0
0.0
0.0
0.0
0.006762282746777994
0.0
0.0
0.0
0.0
0.0
0.0
0.0
0.0
0.0
0.0
0.0
0.10402115887259758
0.0
0.0
0.0
0.010670223655629973
0.005529588587330483
0.0
0.0
0.0
0.0
0.0
0.006854593082150246
0.0
0.0
0.0
0.005335111827814987
0.0
0.0
0.0
0.021436644173596284
0.0
0.020697218620226384
0.0
0.013798145746817592
0.02902980127832715
0.0
0.0
0.0
0.0
0.01782441560184141
0.0
0.0
0.002970735933640235
0.0
0.020697218620226384
0.0
0.0
0.0
0.0
0.0
0.002027842750484931
0.0
0.0
0.005229607569096856
0.0
0.0
0.004055685500969862
0.0
0.0
0.0
0.0
0.0
0.0
0.0
0.0
0.03628725159790894
0.0
0.0
0.0
0.0
0.0
0.0
0.005434910295229468
0.0
0.0061506564497689886
0.012301312899537977
0.1479364764489047
0.0
0.0
0.0
0.08708940383498144
0.0
0.0
0.0
0.0
0.0
0.0
0.0
0.0
0.0
0.0
