0.0
0.0
0.0
0.0
0.0
0.0
0.0
0.0
0.0
0.0
0.0
0.0
0.0
0.0
0.0
0.0
0.0
0.0
0.0
0.0
0.0
0.0
0.0
0.0
0.0
0.0
0.0
0.0
0.0
0.0
0.0
0.0
0.0
0.0
0.0
0.0
0.0
0.0
0.0
0.0
0.0
0.0
0.0
0.0
0.0
0.0
0.005438242192591358
0.0
0.0
0.0
0.0
0.0
0.0
0.0
0.0
0.0
0.0
0.0
0.0
0.0
0.0
0.0
0.0
0.0
0.0
0.0
0.0
0.0
0.0
0.0
0.0
0.0
0.0
0.00791799166870032
0.0
0.0
0.0
0.0
0.0
0.0
0.0
0.0
0.02731624284277363
0.0
0.0
0.0
0.0
0.0
0.003874281908470261
0.0
0.0
0.006435042959630594
0.0
0.0
0.0
0.0019371409542351305
0.0
0.0
0.0
0.0
0.0
0.0
0.0
0.0
0.0
0.0
0.0
0.0
0.0
0.0
0.0
0.0
0.0
0.005438242192591358
0.0
0.0
0.0
0.0
0.0
0.0
0.0
0.0
0.0
0.0
0.0
0.0
0.0
0.0
0.0
0.0
0.0
0.0
0.0
0.0
0.0
0.0
0.0
0.0
0.0
0.0
0.0
0.0
0.0
0.0
0.0
0.0
0.0019371409542351305
0.0
0.0
0.0
0.0
0.0
0.0
0.0
0.0
0.0
0.0
0.0
0.0
0.0
0.0
0.0
0.0
0.0
0.0
0.0
0.0
0.005811422862705391
0.0
0.0
0.0
0.0
0.0
0.0
0.0
0.0
0.0
0.0
0.0
0.0
0.0
0.0
0.0
0.0
0.0
0.0
0.0
0.0
0.0
0.0
0.0
0.0
0.0
0.0
0.0
0.0
0.0
0.0
0.0
0.0
0.0
0.0
0.0
0.0
0.0
0.0
0.0
0.0
0.0
0.0
0.0
0.0
0.009105414280924543
0.0
0.008228834356913772
0.0
0.0019371409542351305
0.0
0.0
0.0
0.0
0.0
0.0
0.0
0.0
0.0
0.0
0.0
0.0
0.0
0.0
0.0
0.0
0.0
0.0
0.0
0.0
0.0
0.0
0.0
0.0
0.00931252410106162
0.0
0.0
0.0
0.0
0.0
0.0
0.0
0.0
0.0
0.0
0.0
0.0
0.0
0.0
0.0
0.0
0.0
0.0
0.0
0.0
0.0
0.0
0.01776343726755854
0.0
0.006944577679544141
0.0
0.0
0.0
0.0
0.0
0.0
0.0
0.0
0.0
0.0
0.0
0.0
0.0
0.0
0.0
0.0
0.0
0.0
0.0
0.0
0.0
0.0
0.006701406666838236
0.0
0.0
0.0
0.0
0.0
0.0
0.0
0.0
0.0
0.0
0.0
0.0
0.0
0.0
0.0
0.0
0.005438242192591358
0.0
0.0
0.0
0.0
0.0
0.0
0.0
0.0
0.0
0.0
0.0
0.0
0.0019371409542351305
0.0019371409542351305
0.0
0.0
0.0
0.0
0.0
0.0
0.009685704771175654
0.0
0.0
0.0
0.0
0.0
0.0
0.0
0.0
0.0019371409542351305
0.0
0.0
0.003874281908470261
0.0
0.0
0.0
0.0
0.0
0.0
0.0
0.0
0.0
0.0
0.0
0.0
0.0
0.011095789295135479
0.007568197776469344
0.0
0.0
0.0
0.0
0.0
0.0
0.0
0.0
0.0
0.0
0.0
0.0
0.0
0.0
0.0
0.0
0.00931252410106162
0.0
0.00985513262293545
0.0
0.0
0.0
0.0
0.0
0.0
0.0
0.0050074367253090096
0.0
0.0
0.0
0.0
0.0
0.0
0.0
0.0
0.0
0.0
0.0
0.0
0.0
0.0
0.0
0.0
0.0
0.0
0.0
0.0
0.0
0.0
0.0
0.0
0.0
0.0
0.007568197776469344
0.0
0.0
0.0
0.0
0.0
0.0
0.0
0.0
0.0
0.0
0.0
0.0
0.007168273326689413
0.0
0.0
0.0
0.0
0.0
0.0
0.0
0.0
0.0
0.0
0.0
0.004497902005395464
0.0
0.0
0.0
0.0
0.0
0.0
0.0
0.0
0.0
0.0
0.0
0.0
0.0
0.0
0.0
0.0
0.0
0.0
0.0
0.0
0.0
0.0
0.0
0.0
0.0
0.0
0.0
0.0
0.0
0.0
0.0
0.00791799166870032
0.0
0.0
0.0
0.0
0.021865889930052115
0.0
0.0
0.0
0.044383157180541914
0.030274336391213633
0.0
0.0
0.0
0.01919395313634199
0.0
0.0
0.0
0.0
0.0
0.0
0.0
0.0
0.0
0.0
0.0
0.0
0.0
0.0
0.0
0.0
0.0
0.0
0.0
0.0
0.007375383146826488
0.0
0.0
0.0
0.008077732496382889
0.0
0.0
0.0
0.0
0.0
0.0
0.0
0.0
0.0
0.0
0.0
0.0
0.0
0.0
0.0
0.0
0.0
0.0
0.0
0.0
0.0
0.0
0.0223986173444674
0.0
0.0
0.0
0.0
0.0
0.0
0.0
0.0
0.0
0.0
0.0
0.0
0.019010677461408946
0.134995980663561
0.2911820254780762
0.0
0.0
0.007168273326689413
0.007375383146826488
0.0
0.0
0.0111993086722337
0.0
0.0
0.0
0.0
0.0
0.0
0.0
0.0
0.0
0.0
0.0
0.0
0.0
0.0
0.0
0.00791799166870032
0.0
0.0
0.0
0.0
0.0
0.0
0.0
0.021276987095086446
0.0
0.0
0.0
0.0
0.0
0.0
0.0
0.0
0.010378333402590211
0.0
0.007375383146826488
0.009771702437912116
0.0
0.0
0.024562366168591032
0.0
0.0
0.0
0.0
0.0
0.0
0.0
0.0
0.0
0.0
0.0
0.0
0.0
0.0
0.0
0.003070295771073879
0.0
0.0
0.0
0.0
0.0
0.0
0.009936144197986822
0.0
0.0
0.0
0.0
0.0
0.0
0.0
0.0
0.0
0.005811422862705391
0.0
0.0
0.0
0.0
0.0
0.0
0.0
0.0
0.01502231017592703
0.0
0.0
0.0
0.0
0.0
0.0
0.0
0.00985513262293545
0.0
0.0
0.0
0.0
0.0
0.0
0.0
0.008077732496382889
0.0050074367253090096
0.0
0.0
0.0
0.0
0.0
0.0
0.0
0.0
0.0
0.0
0.0
0.0
0.0
0.018821187881115108
0.0
0.0
0.0
0.0
0.0
0.0
0.0
0.0
0.0
0.0
0.0
0.0
0.0
0.0
0.0
0.0
0.0
0.0
0.0
0.0
0.0
0.0
0.0
0.0
0.0
0.0
0.0
0.0
0.0
0.0
0.0
0.008638547621073366
0.0
0.0
0.0
0.0
0.0
0.0
0.0
0.0
0.0
0.0
0.0
0.0
0.0
0.0
0.0
0.0
0.0
0.0
0.0
0.0
0.0
0.0
0.0
0.0
0.0
0.0
0.0
0.0
0.0
0.0
0.0
0.0
0.0
0.0
0.0
0.0
0.0
0.0
0.0
0.0
0.0
0.0
0.0329648623193226
0.0
0.0
0.0
0.0
0.0
0.0
0.00888171863377927
0.0
0.0
0.0
0.0
0.0
0.0
0.0
0.0
0.0
0.0
0.0
0.0
0.0
0.0
0.0
0.008228834356913772
0.0
0.0
0.0
0.0
0.0
0.0
0.0
0.0
0.0
0.0
0.0
0.0
0.0
0.0
0.0
0.0
0.0
0.0
0.0
0.0
0.0
0.0
0.0
0.0
0.0
0.0
0.0
0.0
0.0
0.0
0.0
0.0
0.0
0.0
0.0
0.0
0.0
0.0
0.0
0.0
0.0
0.0
0.0
0.0
0.01114802826745677
0.010932944965026057
0.0
0.0
0.009685704771175654
0.0
0.0
0.0
0.0
0.0
0.0
0.0
0.0
0.0
0.0
0.0
0.008762777124098016
0.0
0.0
0.0
0.0
0.0
0.0
0.0
0.0
0.0
0.0
0.0
0.0
0.0
0.0
0.0
0.0
0.0
0.0
0.0
0.0
0.0
0.0
0.0
0.0
0.0
0.0
0.0
0.0
0.0
0.0
0.0
0.0
0.0
0.020891357835800737
0.017277095242146732
0.0
0.0
0.0
0.0
0.0
0.0
0.0
0.0
0.0
0.0
0.0
0.020331950622297805
0.019872288395973645
0.0
0.0
0.0
0.0
0.0
0.0
0.0
0.008077732496382889
0.005438242192591358
0.0
0.0
0.0
0.0
0.0
0.0
0.0
0.0
0.0
0.0
0.0
0.0
0.0
0.0
0.0
0.0
0.008762777124098016
0.0
0.0
0.0
0.0
0.0
0.0
0.0
0.0
0.0
0.0
0.0
0.0
0.0
0.0
0.0
0.0
0.0
0.0
0.0
0.0
0.0
0.0
0.0
0.0
0.0
0.0
0.0
0.0
0.0
0.0
0.0
0.0
0.0
0.0
0.0
0.0
0.0
0.0
0.0
0.0
0.0
0.0
0.0
0.0
0.0
0.0
0.0
0.0
0.0
0.0
0.0
0.0
0.0
0.0
0.0
0.0
0.0
0.0
0.0
0.0
0.006944577679544141
0.0
0.0
0.0
0.0
0.0
0.0
0.0
0.0
0.0
0.0
0.0
0.0
0.01776343726755854
0.0
0.0
0.0
0.0
0.0
0.0
0.0
0.0
0.0
0.008508537963665238
0.0
0.0
0.0
0.0
0.0
0.0
0.0
0.0
0.0
0.0
0.0
0.05380010774261318
0.006701406666838236
0.0
0.0
0.0
0.0
0.0
0.0
0.0
0.0
0.0
0.0
0.0
0.0
0.0
0.0
0.0
0.0
0.0
0.0
0.0
0.0
0.0
0.0
0.0
0.0
0.0
0.0
0.0
0.0
0.0197102652458709
0.0
0.0
0.0
0.0
0.0
0.0
0.0
0.0
0.0
0.0
0.0
0.0
0.0
0.0
0.0
0.0
0.0
0.021399836156666293
0.0
0.0
0.0
0.0
0.0
0.044998660221187
0.0
0.0
0.0
0.03374899516589025
0.0
0.00985513262293545
0.0
0.0
0.0
0.0
0.018821187881115108
0.009596976568170995
0.0
0.0
0.0
0.0
0.02102287936971216
0.0
0.0019371409542351305
0.0
0.0
0.0
0.003874281908470261
0.0
0.0
0.0
0.0
0.0
0.0
0.0
0.0
0.0
0.0
0.0
0.0
0.0
0.0
0.0
0.0
0.0
0.0
0.024233197489148667
0.0
0.0
0.029565397868806353
0.0
0.0
0.0
0.0
0.0
0.0
0.0
0.0
0.0
0.0
0.0
0.0
0.0
0.0
0.0
0.0
0.0
0.0
0.0
0.0
0.0
0.0
0.0
0.0
0.0
0.0
0.005811422862705391
0.0
0.0
0.0
0.0
0.0
0.0
0.0
0.0
0.0
0.0
0.0
0.0
0.0
0.0
0.0
0.0
0.0
0.0
0.0
0.0
0.0
0.0
0.0
0.0
0.010445678917900368
0.0
0.0
0.0
0.0
0.0
0.0
0.0
0.0
0.0
0.0
0.0
0.0
0.0
0.0
0.0
0.007375383146826488
0.0
0.00931252410106162
0.021752968770365432
0.0
0.0
0.0
0.0
0.0
0.0
0.0
0.0
0.0
0.0
0.0
0.0
0.0
0.0
0.0
0.0
0.0
0.0
0.0
0.0
0.0
0.0
0.0
0.0
0.0
0.0
0.0
0.0
0.0
0.0
0.0
0.0
0.0
0.0
0.0
0.0
0.0
0.0
0.0
0.021276987095086446
0.008077732496382889
0.04066390124459561
0.0
0.0
0.010638493547543223
0.0
0.0
0.0
0.0
0.0
0.0
0.0
0.0
0.0
0.0
0.0
0.0
0.0
0.0
0.0
0.0
0.0
0.0
0.0
0.0
0.0
0.03191548064262967
0.0
0.118360237033749
0.0019371409542351305
0.0
0.0
0.0
0.0
0.0
0.0
0.0
0.0
0.0
0.0
0.0
0.0
0.009410593940557554
0.0
0.007568197776469344
0.0
0.0
0.006435042959630594
0.0
0.0
0.0
0.0
0.0
0.0
0.0
0.0
0.0
0.0
0.0
0.12205368224649027
0.0
0.0
0.0
0.0
0.0
0.0
0.0
0.007168273326689413
0.0
0.0
0.0
0.0
0.003874281908470261
0.0
0.0
0.0
0.0
0.0
0.0
0.0
0.0
0.0
0.0
0.0
0.0
0.0
0.0
0.0
0.0
0.0
0.0
0.0
0.0
0.0
0.0
0.0
0.0
0.0
0.0
0.0
0.0
0.0
0.0
0.0
0.0
0.0
0.0
0.0
0.0
0.0
0.0
0.0
0.03279883489507817
0.0
0.0
0.0
0.0
0.008762777124098016
0.0
0.0
0.0
0.0
0.0
0.0
0.0
0.0
0.0
0.0
0.0
0.0
0.0
0.0
0.0
0.0
0.0
0.0
0.0
0.043275438352057605
0.0
0.0
0.010014873450618019
0.0
0.0
0.0
0.0
0.0
0.0
0.0
0.0
0.0
0.0
0.0
0.0
0.0
0.0
0.0
0.0
0.0
0.0
0.0
0.0
0.0
0.0
0.0
0.0
0.0
0.0
0.0
0.0
0.0
0.0
0.0
0.0
0.004497902005395464
0.0
0.0
0.0
0.0
0.0
0.0
0.0
0.0
0.0
0.0
0.0
0.0
0.0
0.0
0.0
0.0
0.0
0.0
0.0
0.0
0.0
0.0
0.0
0.0
0.0
0.0
0.0
0.0
0.0
0.0
0.0
0.0
0.0
0.0
0.0
0.0
0.0
0.0
0.0
0.0
0.03049792593344671
0.0
0.0
0.0
0.0
0.0
0.0
0.0
0.0
0.0
0.0
0.0
0.0
0.0
0.0
0.0
0.0
0.0
0.0
0.0
0.0
0.0
0.0
0.0
0.0
0.0
0.0
0.0
0.009685704771175654
0.0
0.0
0.0
0.0
0.0
0.0
0.0
0.0
0.0
0.0
0.0
0.0
0.0
0.0
0.0
0.0
0.0
0.0
0.0
0.0
0.0
0.006435042959630594
0.0
0.0
0.0
0.0
0.0
0.0
0.0
0.0
0.00931252410106162
0.0
0.0
0.0
0.0
0.0
0.0
0.0
0.0
0.0
0.0
0.0
0.0
0.0
0.0
0.0
0.0
0.0
0.006435042959630594
0.0
0.009210887313221639
0.0
0.0
0.0
0.0
0.0
0.0
0.0
0.0
0.0
0.009596976568170995
0.0
0.0
0.01919395313634199
0.0
0.010575688575308497
0.008077732496382889
0.0
0.0
0.0
0.0
0.0
0.0
0.0
0.11199308672233702
0.0
0.0
0.0
0.0
0.007168273326689413
0.00931252410106162
0.0
0.0
0.0
0.0
0.0
0.0
0.0
0.0
0.0
0.0
0.0
0.0
0.0
0.0
0.009596976568170995
0.0
0.0
0.0
0.0
0.0
0.0
0.0
0.0
0.0
0.0
0.0
0.031534319054568244
0.0
0.0
0.0
0.0
0.0
0.017017075927330476
0.0
0.0
0.0
0.0
0.0
0.0
0.0
0.0
0.0
0.0
0.0
0.0
0.0
0.0
0.0
0.0
0.0
0.0
0.0
0.0
0.0
0.0
0.0
0.0
0.0
0.0
0.0
0.0
0.0
0.0
0.0
0.0
0.0
0.0
0.0
0.0
0.0
0.0
0.0
0.0
0.0
0.0
0.0
0.0
0.0
0.0
0.0
0.010165975311148902
0.006701406666838236
0.0
0.0
0.0
0.0
0.0
0.0
0.0
0.0
0.0
0.0
0.0
0.0
0.0
0.0
0.0
0.0
0.0
0.0
0.0
0.0
0.0
0.0
0.0
0.021976574879548398
0.0
0.0
0.0
0.0
0.0
0.0
0.0
0.0
0.032280064645567916
0.0
0.0
0.0
0.0
0.0
0.0
0.0
0.0
0.0
0.008762777124098016
0.0
0.0
0.0
0.0
0.0
0.0
0.0
0.0
0.0
0.0
0.0
0.0
0.0
0.0
0.0
0.0
0.0
0.0
0.0
0.0
0.0
0.0
0.0
0.0
0.0
0.0
0.0
0.0
0.0
0.0
0.0
0.0
0.0
0.0
0.0
0.0
0.0
0.0
0.0
0.0
0.0
0.0
0.009685704771175654
0.0
0.0
0.0
0.0
0.0
0.0
0.0
0.0
0.0
0.01776343726755854
0.0
0.0
0.0
0.0
0.0
0.0
0.0
0.0
0.0
0.0
0.0
0.0
0.0
0.0
0.0
0.0
0.0050074367253090096
0.0
0.0
0.0
0.0
0.0
0.0
0.0
0.0
0.0
0.0
0.0
0.0
0.0
0.0
0.0
0.0
0.0
0.007375383146826488
0.017991608021581857
0.008228834356913772
0.0
0.0
0.0
0.0
0.003874281908470261
0.0
0.0
0.0
0.0
0.0
0.0
0.0
0.0
0.0
0.0
0.0
0.0
0.00888171863377927
0.007748563816940522
0.0
0.0
0.0
0.0
0.0
0.0
0.0
0.0
0.0
0.0
0.0
0.0
0.0
0.0
0.0
0.0
0.0
0.0
0.0
0.0
0.0
0.0
0.0
0.0
0.0
0.0
0.0
0.0
0.0
0.0
0.0
0.0
0.0
0.0
0.0
0.0
0.0
0.0
0.0
0.0
0.008762777124098016
0.009210887313221639
0.0
0.0
0.0
0.008372183913865724
0.0
0.0
0.0
0.0
0.0
0.0
0.0
0.0
0.0
0.0
0.0
0.0
0.0
0.0
0.0
0.0
0.0
0.0
0.0
0.0
0.0
0.0019371409542351305
0.0
0.0
0.0
0.0
0.0
0.0
0.0
0.0
0.0
0.0
0.0
0.0
0.01919395313634199
0.0
0.0
0.0
0.0
0.0
0.0
0.0
0.0
0.0
0.0
0.0
0.0
0.0
0.0
0.003874281908470261
0.0
0.0
0.0
0.0
0.0
0.0
0.0
0.0
0.0
0.0
0.0
0.0
0.0
0.0
0.0
0.0
0.0
0.0
0.0
0.0
0.0
0.0
0.0
0.0
0.0
0.008995804010790929
0.0019371409542351305
0.0
0.0
0.0
0.0
0.0
0.0
0.0
0.0
0.0
0.0
0.0
0.0
0.0
0.0
0.0
0.003874281908470261
0.0
0.0
0.0
0.0
0.0
0.0
0.0
0.0
0.0
0.0
0.0
0.0
0.0
0.0
0.0
0.0
0.0
0.0
0.0
0.0
0.0019371409542351305
0.0
0.0
0.0
0.0
0.0
0.0
0.0
0.0
0.0019371409542351305
0.0
0.0
0.0
0.0
0.0
0.0
0.0
0.0
0.0
0.0
0.0
0.0
0.0
0.0
0.0
0.0
0.0
0.0
0.0
0.0
0.0
0.0
0.0
0.0
0.0
0.0
0.0
0.0
0.0
0.021637719176028802
0.0
0.0
0.0
0.0
0.0
0.0
0.020891357835800737
0.0
0.0
0.0
0.0
0.0
0.018821187881115108
0.0
0.0
0.0
0.0
0.0
0.0
0.007375383146826488
0.0
0.0
0.0
0.0
0.010818859588014401
0.0
0.0
0.0
0.0
0.0
0.0
0.0
0.0
0.0
0.0
0.0
0.0
0.0
0.009210887313221639
0.0
0.0
0.0
0.0
0.0
0.008995804010790929
0.0
0.0
0.0
0.0
0.0019371409542351305
0.0
0.0
0.0
0.0
0.0
0.009505338730704473
0.0
0.0
0.0
0.0
0.0
0.0
0.0
0.0
0.0
0.0
0.0
0.0
0.0
0.0
0.0
0.0
0.0
0.0
0.008762777124098016
0.0
0.0
0.0
0.0
0.0
0.0
0.0
0.0
0.0
0.0
0.0
0.0
0.00931252410106162
0.0
0.0
0.0
0.020618649736201713
0.0
0.0
0.0
0.009210887313221639
0.0
0.0
0.0
0.0
0.0
0.0
0.0
0.0
0.0
0.0
0.0
0.0
0.0
0.0
0.006944577679544141
0.0
0.0
0.0
0.0
0.0
0.0
0.0
0.0
0.0
0.0
0.0
0.0
0.00931252410106162
0.0
0.0
0.0
0.0
0.0
0.0
0.0
0.0
0.0
0.0
0.0
0.0
0.0
0.0
0.0
0.01776343726755854
0.0
0.0
0.020477138195526583
0.0
0.0
0.0
0.0
0.0
0.0
0.0
0.0
0.0
0.0
0.0
0.0
0.008372183913865724
0.0
0.0
0.0
0.0
0.0
0.0
0.0
0.006140591542147758
0.0
0.0
0.0
0.0
0.0
0.0
0.0
0.0
0.0
0.0
0.0
0.0
0.0
0.0
0.0
0.0
0.0
0.0
0.0
0.0
0.0
0.0
0.0
0.0
0.0
0.008077732496382889
0.0
0.0
0.0
0.0
0.00888171863377927
0.020756666805180422
0.0
0.0
0.0
0.0
0.0
0.0
0.0
0.0
0.0
0.0
0.0
0.0
0.0
0.0
0.0
0.0
0.0
0.00888171863377927
0.0
0.0
0.0
0.0
0.0
0.0
0.0
0.0
0.0
0.0
0.0
0.006435042959630594
0.0
0.0
0.0
0.0
0.008372183913865724
0.005811422862705391
0.006701406666838236
0.005811422862705391
0.0
0.0
0.0
0.0
0.006944577679544141
0.0
0.0
0.0
0.0
0.003874281908470261
0.0
0.0
0.0
0.0
0.0
0.0
0.0
0.0
0.0
0.0
0.0
0.0
0.0
0.0
0.0
0.0
0.0
0.0
0.0
0.0
0.0
0.009210887313221639
0.0
0.0
0.0
0.0
0.0
0.009210887313221639
0.0
0.0
0.0
0.0
0.0
0.0
0.0
0.0
0.0
0.0
0.0
0.0
0.0
0.010699918078333146
0.0
0.0
0.0
0.0
0.032280064645567916
0.0
0.0
0.0895944693778696
0.0
0.006944577679544141
0.0
0.008762777124098016
0.0
0.0
0.0
0.0
0.0
0.0
0.0
0.0
0.0
0.008228834356913772
0.0
0.0
0.0
0.0
0.0
0.0
0.0
0.0
0.0
0.0
0.0
0.0
0.0
0.0
0.0
0.0
0.0
0.0
0.0
0.0
0.0
0.0
0.0
0.0
0.0
0.0
0.0
0.0
0.0
0.0
0.0
0.0
0.0
0.0
0.0
0.0
0.0
0.0
0.0
0.0
0.0
0.0
0.0
0.0
0.0
0.0
0.0
0.0
0.0
0.0
0.0
0.0
0.0
0.0
0.0
0.0
0.0
0.0
0.0
0.0
0.0
0.0
0.0
0.0
0.0
0.0
0.0
0.0
0.0
0.0
0.0
0.0
0.0
0.0
0.0
0.0
0.0
0.0
0.0
0.0
0.0
0.0
0.0
0.0
0.0
0.0
0.0
0.0
0.0
0.0
0.0
0.0
0.0
0.0
0.009410593940557554
0.0
0.0
0.010309324868100857
0.009210887313221639
0.0
0.0465626205053081
0.0
0.0
0.0
0.0
0.0
0.0
0.0
0.0
0.0
0.0
0.0
0.01051143968485608
0.0
0.0
0.0
0.0
0.0
0.0
0.0
0.0
0.0
0.0
0.0
0.0
0.0
0.0
0.0
0.0
0.0
0.0
0.0
0.0
0.00888171863377927
0.0
0.0
0.0
0.0
0.0
0.0
0.0
0.0
0.0
0.010378333402590211
0.0
0.0
0.0
0.0
0.0
0.0
0.0
0.0
0.0
0.0
0.0
0.0
0.0
0.0
0.0
0.0
0.0
0.0
0.0
0.0
0.0
0.0
0.0
0.0
0.006944577679544141
0.0
0.030927974604302574
0.0
0.0
0.0
0.0
0.0
0.0
0.0
0.0
0.0
0.0
0.0
0.0
0.0
0.0
0.0
0.0
0.0
0.0
0.0
0.0
0.0
0.0
0.0
0.0
0.0
0.0
0.0
0.0
0.0
0.0
0.06625533141095806
0.0
0.0
0.0
0.0
0.0
0.008508537963665238
0.0
0.0
0.0
0.009596976568170995
0.0
0.0
0.0
0.0
0.0
0.0
0.0
0.0
0.0
0.040059493802472076
0.0
0.0
0.0
0.0
0.0
0.0
0.0
0.0
0.0
0.0
0.0
0.0
0.0
0.0
0.0
0.006701406666838236
0.0
0.0
0.0
0.0
0.008508537963665238
0.0
0.0
0.0
0.0
0.0
0.0
0.0
0.0
0.0
0.0
0.0
0.0
0.0
0.019010677461408946
0.0
0.0
0.0
0.0
0.0
0.0
0.0
0.0
0.0
0.0
0.0
0.0
0.0
0.0
0.0
0.0
0.0
0.0
0.0
0.0
0.0
0.003874281908470261
0.0
0.0
0.0
0.0
0.0
0.0
0.0
0.0
0.00888171863377927
0.0
0.0
0.0
0.0
0.0
0.0
0.0
0.0
0.0
0.0
0.0
0.0
0.0
0.0
0.0
0.0
0.0
0.0
0.0
0.017991608021581857
0.0
0.0
0.0
0.0
0.0
0.0
0.0
0.009685704771175654
0.0
0.0
0.0
0.089997320442374
0.006701406666838236
0.0
0.0
0.0
0.0
0.0
0.0
0.0
0.0
0.0
0.0
0.0
0.0
0.0
0.0
0.0
0.0
0.0
0.0
0.0
0.0
0.031135000207770634
0.0
0.0
0.0
0.0
0.0
0.0
0.0
0.0
0.0
0.0
0.0
0.0
0.0
0.0
0.007375383146826488
0.0
0.0
0.0
0.0
0.0
0.0
0.0
0.0
0.0
0.0
0.0
0.03328736788540644
0.009596976568170995
0.0
0.0
0.0
0.0
0.0
0.0
0.0
0.0
0.0
0.0
0.0
0.0
0.0
0.006944577679544141
0.0
0.0
0.0
0.0
0.0
0.0
0.0019371409542351305
0.020477138195526583
0.0
0.020331950622297805
0.0
0.1664368394270322
0.0
0.0050074367253090096
0.0
0.0
0.0
0.0
0.0
0.010238569097763292
0.0
0.0
0.0
0.0
0.0
0.0
0.019543404875824233
0.0
0.0
0.0
0.0
0.0
0.033597926016701106
0.0
0.0
0.0
0.0
0.0
0.0
0.0
0.0
0.0
0.0
0.0
0.0
0.0
0.0
0.0
0.0
0.0019371409542351305
0.0
0.0
0.0
0.0
0.0
0.0
0.0
0.0
0.0
0.0
0.0
0.0
0.04459211306982708
0.012281183084295516
0.0
0.0
0.0
0.0
0.0
0.0
0.0
0.0
0.0
0.0
0.0
0.0
0.0
0.0
0.0
0.0
0.0
0.0
0.0
0.0
0.0
0.0
0.0
0.0
0.0
0.0
0.0
0.0
0.0
0.0
0.0
0.0
0.0
0.0
0.0
0.0
0.0
0.0
0.0
0.0
0.0
0.0
0.0
0.0
0.0
0.0
0.0
0.0
0.0
0.0
0.0
0.0
0.0
0.0
0.0
0.0
0.0
0.0
0.0
0.0
0.0
0.0
0.006140591542147758
0.0
0.0
0.0
0.0
0.0
0.0
0.00888171863377927
0.0
0.0
0.0
0.008762777124098016
0.0
0.0
0.0
0.0
0.0
0.0
0.0
0.0
0.0
0.01937140954235131
0.0
0.0
0.005438242192591358
0.0
0.0
0.0
0.0
0.0
0.008762777124098016
0.0
0.0
0.0
0.007568197776469344
0.0
0.0
0.0
0.0
0.0
0.0
0.0
0.0
0.0
0.0
0.0
0.0
0.0
0.0
0.0
0.0
0.0
0.0
0.0
0.0
0.0
0.0
0.0
0.00791799166870032
0.0
0.0
0.0
0.0
0.0
0.0
0.0
0.0019371409542351305
0.0
0.0
0.0
0.0
0.0
0.0
0.0
0.0
0.0
0.0
0.0
0.0
0.010238569097763292
0.0
0.0
0.0
0.0
0.0
0.0
0.0
0.0
0.0
0.0
0.0
0.0
0.0
0.0
0.0
0.0
0.0
0.0
0.0
0.0
0.006435042959630594
0.0
0.0
0.0
0.0
0.008228834356913772
0.0
0.007568197776469344
0.0
0.0
0.0
0.09938299711643707
0.0
0.0
0.0
0.0
0.007168273326689413
0.0
0.0
0.003874281908470261
0.0
0.0
0.0
0.0
0.0
0.0
0.0
0.0
0.0
0.020182890927475754
0.0
0.0
0.0
0.0
0.0
0.003070295771073879
0.0
0.0
0.0
0.0
0.0
0.0
0.0
0.0
0.0
0.0
0.017017075927330476
0.0
0.0
0.0
0.006435042959630594
0.0
0.0
0.0
0.007748563816940522
0.0
0.0
0.0
0.0
0.0
0.0
0.0
0.0
0.0
0.0
0.0
0.006140591542147758
0.0
0.0
0.010575688575308497
0.0
0.0
0.0
0.0
0.0
0.0
0.0
0.0
0.0
0.0
0.0
0.0
0.0
0.0
0.0
0.0
0.0
0.0
0.0
0.0
0.0
0.0
0.0
0.0
0.0
0.0
0.0
0.2924912914377155
0.0
0.0
0.0
0.0
0.0
0.0
0.0
0.0
0.0
0.0
0.0
0.06625533141095806
0.0
0.0
0.0
0.0
0.0
0.0
0.0
0.0
0.0
0.0
0.0
0.010014873450618019
0.0
0.0
0.0
0.0
0.07064011824616513
0.0
0.0
0.019872288395973645
0.0
0.0
0.0
0.008508537963665238
0.0
0.0
0.0
0.0
0.020891357835800737
0.0
0.0
0.0
0.0
0.0
0.0
0.0
0.0
0.0
0.0
0.0
0.0
0.0
0.0
0.0
0.0
0.007375383146826488
0.0
0.0
0.0
0.0
0.0
0.0
0.0
0.0
0.0
0.0
0.0
0.0
0.0
0.0
0.0
0.0
0.0
0.0
0.0
0.0
0.0
0.0
0.0
0.0
0.0
0.0
0.0
0.0
0.007168273326689413
0.009685704771175654
0.0
0.0
0.0
0.0
0.0
0.00985513262293545
0.0
0.0
0.0
0.0
0.0
0.0
0.0
0.0
0.0
0.0
0.0
0.0
0.0
0.0
0.0
0.0
0.0
0.0
0.0
0.0
0.0
0.0
0.0
0.0
0.0
0.0
0.0
0.0
0.0
0.0
0.0
0.0
0.0
0.008077732496382889
0.0
0.0259156428632201
0.0
0.0
0.0
0.0
0.0
0.0
0.0
0.0
0.03974457679194729
0.0
0.0
0.0
0.0
0.0
0.0
0.0
0.007568197776469344
0.00791799166870032
0.0
0.0
0.0
0.0
0.0
0.0
0.0
0.018821187881115108
0.0
0.0
0.0
0.0
0.0
0.0
0.0
0.0
0.0
0.0
0.0
0.0
0.0
0.0
0.0
0.0
0.0
0.0
0.0
0.0
0.0
0.010699918078333146
0.0
0.0
0.0
0.0
0.0
0.0
0.0
0.0
0.0
0.0
0.0
0.0
0.0
0.0
0.0
0.0
0.0
0.0
0.04373177986010423
0.0
0.0
0.0
0.0
0.0
0.0
0.0
0.0
0.0
0.0
0.0
0.0
0.0
0.0
0.0
0.0
0.0
0.0
0.0
0.0
0.0
0.0
0.0
0.0
0.0
0.0
0.0
0.0
0.0
0.0
0.0
0.0
0.0
0.009105414280924543
0.0
0.007568197776469344
0.0
0.0
0.0
0.0
0.0
0.0
0.0
0.0
0.0
0.0
0.0
0.0
0.0
0.0
0.0
0.0
0.006701406666838236
0.12374631560826425
0.0
0.0
0.0
0.0
0.0
0.0
0.0
0.0
0.0
0.0
0.0
0.0
0.0
0.0
0.0
0.0
0.0
0.0
0.0
0.0
0.0
0.0
0.0
0.0
0.0
0.0
0.0
0.0
0.0
0.17581259903638718
0.0
0.006435042959630594
0.0
0.0
0.0
0.0
0.0
0.0
0.0
0.0
0.0
0.0
0.0
0.0
0.0
0.0
0.0
0.0
0.0
0.0
0.0
0.006140591542147758
0.0
0.0
0.0
0.0
0.0
0.0
0.0
0.0
0.0
0.0447972346889348
0.010309324868100857
0.0
0.0
0.0
0.0
0.0
0.0
0.0
0.0
0.0
0.021276987095086446
0.0
0.0
0.0
0.0
0.0
0.0
0.0
0.0
0.0
0.0
0.0
0.0
0.0
0.0
0.0
0.009105414280924543
0.0
0.0
0.0
0.0
0.0
0.0
0.0
0.0
0.0
0.0
0.0
0.0
0.0
0.0
0.0
0.008762777124098016
0.007748563816940522
0.0
0.0
0.0
0.0
0.0
0.0050074367253090096
0.0
0.0
0.0
0.013889155359088282
0.0
0.0
0.0
0.0
0.0
0.0
0.0
0.0
0.0
0.0
0.0
0.0
0.0
0.0
0.0
0.0
0.009105414280924543
0.0
0.0
0.043505937540730864
0.0
0.0
0.0
0.0
0.0
0.0
0.006701406666838236
0.0
0.0
0.0
0.0
0.0
0.0
0.0
0.0
0.0
0.0
0.0
0.0
0.010760021548522637
0.0
0.0
0.0
0.0
0.0
0.0
0.0
0.0
0.0
0.0
0.0
0.008762777124098016
0.0
0.008508537963665238
0.0
0.0
0.0
0.0
0.0
0.0
0.0
0.0
0.0
0.0
0.0
0.0
0.0
0.0
0.0
0.007748563816940522
0.010091445463737877
0.0
0.0
0.0
0.0
0.0
0.0
0.0
0.0
0.0
0.0
0.0
0.0
0.0
0.0
0.0
0.0
0.0
0.021637719176028802
0.0
0.0
0.008762777124098016
0.0
0.0
0.0
0.0
0.0
0.0
0.0
0.0
0.0
0.0
0.003874281908470261
0.0
0.0
0.008762777124098016
0.0
0.0
0.00985513262293545
0.0
0.021752968770365432
0.0
0.0
0.0
0.009105414280924543
0.0
0.0
0.0
0.01114802826745677
0.0
0.0
0.0
0.0
0.0
0.0
0.0
0.0
0.0
0.0
0.0
0.0
0.0
0.0
0.0
0.0
0.0
0.0
0.0
0.0
0.0
0.0
0.0
0.0
0.0
0.009210887313221639
0.009105414280924543
0.0
0.0
0.0
0.0
0.0
0.0
0.0
0.0
0.0
0.0
0.0
0.0
0.0
0.0
0.0
0.009936144197986822
0.0
0.0
0.03209975423499944
0.005811422862705391
0.0
0.0
0.0
0.0
0.0
0.0
0.0
0.0
0.0
0.0
0.0
0.0
0.020477138195526583
0.0
0.0
0.0
0.0
0.0
0.0
0.0
0.0
0.0
0.0
0.0
0.0
0.019010677461408946
0.0
0.0
0.0
0.0
0.0
0.0
0.0
0.0
0.0
0.0
0.0
0.0
0.0
0.0
0.0
0.0
0.0
0.0
0.03172706572592549
0.0
0.0
0.0
0.0
0.0
0.0
0.0
0.0
0.0
0.0
0.0
0.0
0.0
0.0
0.0
0.00985513262293545
0.0
0.05574014133728385
0.009596976568170995
0.0
0.0
0.0
0.0
0.0
0.0
0.0
0.0
0.0
0.0
0.0
0.0
0.0
0.0
0.0
0.0
0.0
0.0
0.0
0.0
0.0
0.0
0.01919395313634199
0.010988287439774199
0.0
0.0
0.0
0.0
0.0
0.0
0.0
0.0
0.0
0.0
0.0
0.0
0.0
0.0
0.0
0.0
0.0
0.0
0.0
0.0
0.0
0.0
0.020477138195526583
0.0
0.0
0.0
0.0
0.0
0.0
0.0
0.0
0.0
0.0
0.0
0.0
0.0
0.0
0.0
0.0
0.0
0.0
0.0
0.05380010774261318
0.0
0.0
0.0
0.0
0.0
0.0
0.0
0.0
0.0
0.0
0.0
0.0
0.0
0.0
0.0
0.0
0.0
0.0
0.0
0.0
0.0
0.0
0.01862504820212324
0.0
0.0
0.0
0.0
0.0
0.0
0.0050074367253090096
0.0
0.0
0.0
0.0
0.0
0.0
0.0
0.0
0.0
0.007375383146826488
0.0
0.0
0.0
0.0
0.0
0.0
0.0
0.0
0.0
0.0
0.026645155901337814
0.0
0.0
0.014336546653378825
0.0
0.0
0.0
0.010091445463737877
0.0
0.0
0.0
0.0
0.0
0.0
0.0
0.0
0.0
0.010309324868100857
0.0
0.0
0.0
0.0
0.05494143719887099
0.0
0.0
0.0
0.0
0.0
0.003874281908470261
0.0
0.0
0.0
0.0
0.0
0.0
0.0
0.0
0.0
0.0
0.0
0.0
0.0
0.0
0.0
0.0
0.0
0.0
0.0
0.0
0.0
0.0
0.0
0.0
0.008228834356913772
0.0
0.0
0.0
0.0
0.0
0.0
0.0
0.0
0.0
0.0
0.0
0.0
0.0
0.0
0.0
0.007568197776469344
0.0
0.0
0.0
0.010445678917900368
0.0
0.0
0.0
0.0
0.0
0.0
0.0
0.0
0.0
0.0
0.0
0.0
0.05574014133728385
0.0
0.0
0.0
0.0
0.0
0.0
0.0
0.0
0.007375383146826488
0.0
0.0
0.0
0.0
0.0
0.0
0.0
0.0
0.0
0.0
0.0
0.007748563816940522
0.0
0.0
0.0
0.0
0.0
0.0
0.0
0.0
0.0
0.0
0.0
0.0
0.0
0.0
0.0
0.0
0.0
0.0
0.0
0.0447972346889348
0.0
0.0
0.0
0.0
0.0394205304917418
0.0
0.0
0.0
0.0
0.0
0.0
0.0
0.0
0.0
0.0441702209406387
0.010238569097763292
0.0
0.006435042959630594
0.0
0.0
0.0
0.0
0.0
0.0
0.0
0.0
0.0
0.0
0.0
0.0
0.0
0.0197102652458709
0.0
0.0
0.0
0.0
0.0
0.010699918078333146
0.0
0.006435042959630594
0.0
0.0
0.007168273326689413
0.0
0.0
0.0
0.0
0.0
0.0
0.0
0.0
0.0
0.0
0.0
0.0
0.0
0.0
0.0
0.0
0.0
0.021637719176028802
0.0
0.07729788664611772
0.0
0.0
0.0
0.0
0.0
0.0
0.0
0.0
0.0
0.0
0.0
0.0
0.0
0.0
0.0
0.0
0.0
0.0
0.0
0.0
0.0
0.0
0.0
0.0
0.0
0.0
0.0
0.0
0.0
0.0
0.0
0.0
0.0
0.008508537963665238
0.0
0.056248325276483754
0.0
0.010165975311148902
0.0
0.0
0.0
0.010378333402590211
0.0
0.05494143719887099
0.0
0.0019371409542351305
0.0
0.0
0.0
0.0
0.0
0.0
0.0
0.0
0.0
0.0
0.0
0.010445678917900368
0.020182890927475754
0.0
0.0
0.0
0.0
0.0
0.0
0.0
0.0
0.0
0.0
0.0
0.0
0.0
0.0
0.0
0.0
0.0
0.0
0.0
0.0
0.0
0.0
0.0
0.0
0.0
0.0
0.0
0.0
0.0
0.008228834356913772
0.0
0.004497902005395464
0.0
0.020331950622297805
0.0
0.008077732496382889
0.0
0.0
0.0
0.0
0.0
0.0
0.0
0.0
0.03584136663344706
0.0
0.0
0.0
0.0
0.009505338730704473
0.0
0.0
0.0
0.0
0.0
0.0
0.0
0.089997320442374
0.0
0.0
0.022191578590270957
0.0
0.0
0.0
0.0
0.0
0.0050074367253090096
0.0
0.0
0.0
0.0
0.0
0.0
0.0
0.018421774626443278
0.004497902005395464
0.0
0.0
0.0
0.0
0.0
0.0
0.0
0.0
0.0
0.0
0.0
0.0
0.0
0.03328736788540644
0.0
0.0
0.009596976568170995
0.0
0.0
0.009771702437912116
0.0
0.0
0.0
0.0
0.0
0.0
0.0
0.0
0.05494143719887099
0.0
0.0
0.0
0.0
0.0
0.314990621548309
0.0
0.0
0.0
0.0
0.04459211306982708
0.0
0.0
0.0
0.0
0.0
0.0
0.0
0.0
0.0
0.0
0.0
0.0
0.0
0.0
0.0
0.0
0.0
0.0
0.0
0.0
0.0
0.0
0.021752968770365432
0.0
0.0
0.0
0.0
0.0
0.0
0.0
0.0
0.0
0.0
0.0
0.0
0.0
0.0
0.0
0.008638547621073366
0.0
0.0
0.0
0.0
0.0
0.0
0.0
0.0
0.0
0.0
0.0
0.009685704771175654
0.0
0.0
0.0
0.0
0.0
0.0
0.0
0.0
0.0
0.0
0.0
0.0
0.0
0.0
0.006140591542147758
0.0
0.0
0.0
0.0
0.0
0.0
0.0
0.0
0.0
0.0
0.0
0.0
0.0
0.0
0.0
0.0
0.0
0.0
0.0
0.0
0.0
0.0
0.0
0.0
0.0
0.0
0.02102287936971216
0.0
0.0
0.0
0.0
0.0
0.003874281908470261
0.0
0.0
0.008638547621073366
0.0
0.0
0.0
0.0
0.0
0.0
0.009771702437912116
0.0
0.0
0.0
0.0
0.0
0.0
0.0
0.0
0.0
0.0
0.0
0.0
0.008762777124098016
0.0
0.0
0.0
0.0
0.0
0.0
0.009771702437912116
0.0
0.0
0.0
0.0
0.0
0.0
0.0
0.0
0.0
0.0
0.0
0.0
0.0
0.0
0.0
0.0
0.0
0.0
0.0
0.134995980663561
0.0
0.00985513262293545
0.0
0.0
0.0
0.0
0.0
0.0
0.0
0.0
0.0
0.0
0.0
0.0
0.0
0.0
0.0
0.0
0.0
0.0
0.0
0.0
0.0
0.0
0.0
0.0
0.0
0.0
0.0
0.0
0.0
0.0
0.0
0.0
0.0
0.0
0.0
0.0
0.0
0.0
0.0
0.0
0.0
0.0
0.00931252410106162
0.0
0.0
0.0
0.0
0.0
0.0
0.0
0.0
0.0
0.0
0.0
0.0
0.0
0.0
0.0
0.0
0.0
0.0
0.0
0.0
0.0
0.0
0.0
0.0
0.0
0.0
0.021637719176028802
0.00791799166870032
0.0
0.0
0.003874281908470261
0.0
0.0
0.0
0.0
0.0
0.0
0.0
0.0
0.0
0.0
0.0
0.003874281908470261
0.0
0.0
0.0
0.0
0.0
0.0
0.0
0.0
0.0
0.0
0.0
0.0
0.0
0.0
0.017277095242146732
0.0
0.0
0.0
0.0
0.0
0.0
0.0
0.0
0.08460550860246797
0.0
0.020756666805180422
0.0
0.040059493802472076
0.0
0.014750766293652975
0.0
0.0
0.0
0.0
0.0
0.006140591542147758
0.0
0.0
0.0
0.0
0.0
0.0
0.0
0.0
0.0
0.0
0.0
0.0
0.0
0.0
0.0
0.0
0.0
0.0
0.0
0.0
0.0
0.0
0.0
0.007375383146826488
0.040059493802472076
0.010091445463737877
0.0
0.007748563816940522
0.0
0.0
0.0
0.0
0.0
0.0
0.0
0.0
0.0
0.0
0.0
0.0
0.0
0.0
0.0
0.0
0.0
0.0
0.0
0.0
0.0
0.0
0.0
0.0
0.0
0.0
0.0
0.0
0.0
0.0
0.0
0.0
0.0
0.0
0.0
0.0
0.0
0.0
0.0
0.0
0.0
0.0
0.0
0.0
0.0
0.0
0.0
0.0441702209406387
0.0
0.0
0.0
0.0
0.0
0.0
0.0
0.0
0.0
0.0
0.0
0.0
0.0
0.0
0.0
0.0
0.0
0.0
0.0
0.0
0.0
0.0
0.0
0.0
0.0
0.0
0.0
0.0
0.0
0.0
0.0
0.0
0.0
0.0
0.0
0.0
0.0
0.0
0.0
0.0
0.009410593940557554
0.0
0.0
0.0
0.0
0.0
0.0
0.0
0.0
0.016155464992765777
0.0
0.0
0.017017075927330476
0.007168273326689413
0.0
0.0
0.0
0.0
0.0
0.0
0.0
0.0
0.0
0.0
0.0
0.0
0.0
0.0
0.0
0.0
0.0
0.0
0.0
0.0
0.0
0.0
0.0
0.0
0.0
0.0
0.0
0.0
0.0
0.0
0.0
0.0
0.0
0.0
0.0
0.0
0.0
0.0
0.005811422862705391
0.0
0.0
0.0
0.0
0.0
0.0
0.0
0.0
0.0
0.017277095242146732
0.008372183913865724
0.010238569097763292
0.0
0.0
0.0
0.0
0.0
0.0
0.0
0.0
0.0
0.0
0.0
0.0
0.0
0.0
0.0
0.0
0.0
0.0
0.006140591542147758
0.0
0.0
0.010238569097763292
0.0
0.0
0.0
0.0
0.0
0.0
0.0
0.0
0.0
0.0
0.0
0.0
0.0
0.0
0.0
0.0
0.0
0.0
0.0
0.0
0.0
0.0
0.0
0.0
0.0
0.0
0.0
0.0554789464756774
0.0
0.0
0.0
0.0
0.0
0.0
0.0
0.0
0.00791799166870032
0.0
0.0
0.0
0.0
0.0
0.0
0.0
0.0
0.0
0.0
0.0
0.0
0.0
0.0
0.0
0.0
0.0
0.0
0.0
0.0
0.0
0.0
0.0
0.0
0.0
0.0
0.0
0.0
0.0
0.0
0.0
0.0
0.0
0.004497902005395464
0.0
0.0
0.0
0.008372183913865724
0.0
0.0
0.0
0.0
0.004497902005395464
0.0
0.0
0.0
0.0
0.0
0.0
0.0
0.0
0.0
0.0
0.0
0.0
0.0
0.0
0.0
0.0
0.0
0.0
0.0
0.0
0.0
0.020891357835800737
0.007748563816940522
0.0
0.0
0.0
0.0
0.0
0.012281183084295516
0.0
0.0
0.0
0.0
0.0
0.0
0.0
0.0
0.0
0.0
0.0
0.0
0.0
0.0
0.0
0.06227000041554127
0.0
0.0
0.0
0.0
0.0
0.0
0.0
0.0
0.0
0.0
0.0
0.0
0.0
0.0
0.0
0.0
0.0
0.0
0.0
0.0
0.0
0.0
0.0
0.0
0.008372183913865724
0.0
0.0
0.0
0.0
0.0
0.0
0.0
0.0
0.0
0.0
0.0
0.0
0.0
0.0
0.0
0.0
0.0
0.0
0.0
0.0
0.0
0.0
0.0
0.0
0.0
0.0
0.03838790627268398
0.0
0.0
0.0
0.0
0.0
0.0
0.0
0.0
0.0
0.0
0.0
0.0
0.0
0.0
0.0
0.0
0.0
0.0
0.0
0.030715707293289877
0.0
0.0
0.0
0.0
0.0
0.0
0.0
0.0
0.0
0.0
0.0
0.0
0.0
0.0
0.0
0.0
0.0
0.0
0.0
0.0
0.0
0.0
0.0
0.0
0.0
0.0
0.0
0.0
0.0
0.0
0.0
0.0
0.0
0.0
0.0
0.0
0.0
0.0
0.0
0.0
0.01114802826745677
0.0
0.0
0.0
0.0
0.0
0.0
0.0
0.0
0.0
0.0
0.0
0.0
0.017017075927330476
0.0
0.0
0.0
0.0
0.0
0.0
0.0
0.0
0.0
0.0
0.0
0.0
0.0
0.0
0.0
0.0
0.0
0.0
0.019543404875824233
0.0
0.0
0.0
0.0
0.019872288395973645
0.0
0.0
0.0
0.0
0.0
0.0
0.0
0.0
0.0
0.0
0.0
0.006701406666838236
0.0
0.0
0.0
0.0
0.0
0.0
0.0
0.0
0.0
0.0
0.0
0.0
0.0
0.0
0.0
0.0
0.0
0.0
0.0
0.0
0.0
0.0
0.0
0.0
0.0
0.0050074367253090096
0.0
0.0
0.0
0.0
0.0
0.0
0.0
0.0
0.008077732496382889
0.0
0.0
0.0
0.0
0.0
0.0
0.0
0.0
0.0
0.0
0.0
0.0
0.0
0.0
0.0
0.0
0.0
0.0
0.008372183913865724
0.0
0.007748563816940522
0.0
0.0
0.0
0.0
0.0
0.0
0.0
0.0
0.0
0.0
0.0
0.0
0.0
0.008995804010790929
0.0
0.0
0.0
0.0
0.0
0.0
0.0
0.0
0.0
0.005438242192591358
0.0
0.0
0.007168273326689413
0.0
0.0
0.0
0.0
0.0
0.0
0.0
0.0
0.0
0.0
0.0
0.0
0.0
0.0
0.0
0.0
0.0
0.0
0.007568197776469344
0.0
0.0
0.0
0.0
0.0
0.0
0.0
0.021637719176028802
0.0
0.0
0.0
0.0
0.0
0.0
0.0
0.0
0.0
0.008638547621073366
0.0
0.0
0.0
0.0
0.0
0.017277095242146732
0.0
0.0
0.0
0.0
0.0
0.0
0.0
0.0
0.0
0.0
0.0
0.0
0.0
0.0
0.0
0.0
0.0
0.003070295771073879
0.0
0.0
0.0
0.0
0.0
0.0
0.0
0.0
0.0
0.0
0.0
0.0
0.0
0.0
0.0
0.0
0.0
0.0
0.0
0.0
0.0
0.0
0.003874281908470261
0.0
0.0
0.057581859409025965
0.0
0.0
0.0
0.0
0.006701406666838236
0.008372183913865724
0.005811422862705391
0.0
0.0
0.1574953107741545
0.0
0.0
0.0
0.0
0.0
0.0
0.0
0.0
0.0
0.0
0.0
0.021637719176028802
0.0
0.0
0.0
0.009685704771175654
0.0
0.0
0.0
0.0
0.0
0.0
0.008228834356913772
0.0
0.009410593940557554
0.04123729947240343
0.0
0.0
0.0
0.0
0.0
0.0
0.0
0.0
0.0
0.0
0.0
0.0
0.0
0.0
0.0
0.010165975311148902
0.0
0.0
0.0
0.0
0.0
0.0
0.0
0.0
0.0
0.0
0.0
0.0
0.0
0.0
0.0
0.0
0.0
0.0
0.0
0.0
0.032280064645567916
0.0
0.0
0.0
0.0
0.0
0.0
0.0
0.0
0.0
0.0
0.0
0.0
0.0
0.0
0.0
0.0
0.0
0.0
0.0
0.0
0.0
0.006944577679544141
0.0
0.0
0.0
0.0
0.0
0.0
0.0
0.020891357835800737
0.0
0.0
0.0
0.0
0.0
0.0
0.0
0.010638493547543223
0.009105414280924543
0.0
0.0
0.0
0.0
0.0
0.0
0.0
0.0
0.010091445463737877
0.0
0.0
0.0
0.0
0.0
0.0
0.0
0.006435042959630594
0.0
0.0
0.0
0.0
0.0
0.019010677461408946
0.0
0.0
0.0
0.008077732496382889
0.0
0.0
0.0
0.0
0.0
0.0
0.0
0.0
0.0
0.0
0.0
0.0
0.0
0.0
0.0
0.0
0.0
0.0
0.0
0.0
0.0
0.0
0.0
0.0
0.0
0.0
0.0
0.0
0.0
0.0
0.0
0.0
0.0
0.0
0.0
0.0
0.0
0.0
0.0
0.0
0.0
0.0
0.0
0.0
0.0
0.0
0.0
0.0
0.0
0.0
0.0
0.0
0.0
0.0447972346889348
0.0
0.0
0.0
0.0
0.0
0.0
0.008762777124098016
0.0
0.0
0.0
0.0
0.0
0.0
0.0
0.0
0.0
0.0
0.008638547621073366
0.0
0.0
0.0
0.0
0.010165975311148902
0.0
0.0
0.0
0.0
0.0
0.0
0.0
0.0
0.0
0.0
0.0
0.0
0.0019371409542351305
0.0
0.0
0.0
0.0
0.0
0.0
0.0
0.0
0.0
0.0
0.0
0.0
0.0
0.0
0.0
0.0
0.0
0.0
0.0
0.0
0.0
0.0
0.0
0.0
0.0
0.0
0.0
0.0
0.0
0.0
0.0
0.032456578764043204
0.0
0.05119284548881646
0.0
0.0
0.0
0.0
0.0
0.0
0.0
0.0
0.0
0.0
0.0
0.0
0.0
0.0
0.0
0.0
0.006701406666838236
0.0
0.0
0.007375383146826488
0.0
0.0
0.0
0.0
0.0
0.0
0.0
0.0
0.0
0.0
0.0
0.0
0.0
0.0
0.0
0.0
0.0
0.0
0.0
0.0
0.0
0.0
0.0
0.009685704771175654
0.0
0.0
0.0
0.0
0.0
0.0
0.0
0.0
0.0
0.0
0.0
0.0
0.0
0.0
0.0
0.0223986173444674
0.006701406666838236
0.0
0.0
0.0
0.0
0.0
0.0
0.0
0.0
0.0
0.0
0.007375383146826488
0.0
0.0
0.0
0.00791799166870032
0.0
0.0
0.0
0.021399836156666293
0.0
0.0
0.0
0.0
0.0
0.0
0.0
0.0
0.0
0.0
0.0
0.0
0.0
0.0
0.0
0.0
0.0
0.0
0.0
0.0
0.007748563816940522
0.0
0.0
0.0
0.0
0.0
0.0
0.0
0.0
0.0
0.0
0.0
0.0
0.01051143968485608
0.0
0.0
0.0
0.0
0.0
0.0
0.0
0.0
0.0
0.0
0.0
0.0
0.0
0.0
0.006701406666838236
0.0
0.0
0.0
0.0
0.0
0.0
0.0
0.0
0.0
0.0
0.0
0.0
0.0
0.0
0.0
0.0
0.0
0.0
0.0
0.0
0.0
0.0
0.0
0.0
0.0
0.0
0.0
0.0
0.0
0.0
0.0
0.0
0.0
0.0
0.0
0.0
0.0
0.0
0.0
0.0
0.0
0.0
0.0
0.0
0.006701406666838236
0.0
0.0
0.0
0.0
0.01937140954235131
0.009685704771175654
0.0
0.0
0.0
0.0
0.0
0.1231923953945707
0.0
0.0
0.0
0.0
0.0
0.0
0.0
0.0
0.005811422862705391
0.0
0.0
0.0
0.0
0.0
0.0
0.0
0.0
0.015136395552938688
0.0
0.0
0.0
0.0
0.0
0.0
0.0
0.0
0.0
0.0
0.0
0.0
0.0
0.0
0.021276987095086446
0.0
0.0
0.0
0.0
0.0
0.0
0.0
0.0
0.0
0.0
0.0
0.0
0.0
0.0
0.0
0.0
0.0
0.019543404875824233
0.0
0.0
0.0
0.0
0.0
0.0
0.0
0.0
0.0
0.0
0.0
0.0
0.0
0.0
0.0
0.0
0.0
0.0
0.0
0.0
0.0
0.0
0.0
0.0
0.0
0.0
0.0
0.0
0.0
0.0
0.0
0.0
0.0
0.0
0.0
0.0
0.0
0.0
0.0
0.0
0.0
0.0
0.0
0.0
0.0
0.0
0.0
0.0
0.0
0.0
0.0
0.0
0.0
0.0
0.0
0.0
0.0
0.0
0.0
0.0
0.00888171863377927
0.0
0.0
0.0
0.0
0.0
0.0
0.007568197776469344
0.0
0.0
0.0
0.0
0.0
0.0
0.0
0.0
0.0
0.0
0.0
0.0
0.0
0.05438242192591358
0.0
0.0
0.012281183084295516
0.0
0.0
0.0
0.0
0.0
0.009210887313221639
0.0
0.0
0.0
0.0
0.0
0.0
0.0
0.0
0.0
0.0
0.0
0.0
0.0
0.0
0.0
0.0
0.0
0.0
0.0
0.0
0.0
0.0
0.0
0.0
0.0
0.0
0.0
0.0
0.0
0.0
0.0
0.0
0.0
0.0
0.0
0.0
0.0
0.0
0.0
0.0
0.0
0.00931252410106162
0.0
0.0
0.0
0.0
0.0
0.09986210365621931
0.0
0.0
0.0
0.0
0.0
0.0329648623193226
0.0
0.0
0.01776343726755854
0.0
0.0
0.0
0.0
0.0
0.0
0.0
0.0
0.0
0.0
0.0
0.0
0.0
0.0
0.0
0.0
0.0
0.0
0.0
0.0
0.0
0.010638493547543223
0.0
0.0
0.0
0.0
0.0
0.0
0.0
0.0
0.0
0.0
0.0
0.0
0.0
0.0
0.0
0.0
0.0
0.0
0.0
0.0
0.0
0.0
0.0
0.0
0.0
0.0
0.0
0.0
0.0
0.0
0.0
0.0
0.0
0.0
0.0
0.0
0.0
0.008638547621073366
0.0
0.0
0.0
0.0
0.0
0.0
0.0
0.0
0.0
0.0
0.0
0.0
0.0
0.0
0.0
0.0
0.0
0.0
0.0
0.06625533141095806
0.021637719176028802
0.0
0.0
0.0
0.10124698549767075
0.0
0.0
0.06719585203340221
0.0
0.02229605653491354
0.0
0.00791799166870032
0.010638493547543223
0.043505937540730864
0.0
0.0
0.021865889930052115
0.022191578590270957
0.0
0.010760021548522637
0.0
0.0
0.0
0.0
0.0
0.0
0.134995980663561
0.0
0.0
0.0
0.0
0.0
0.0
0.007748563816940522
0.0
0.0
0.0
0.0
0.010091445463737877
0.0
0.0
0.0
0.0
0.0
0.021637719176028802
0.0
0.0
0.0
0.0
0.0
0.0
0.0
0.0
0.0
0.0
0.0
0.0
0.0447972346889348
0.0
0.0
0.0
0.0
0.0
0.0
0.0
0.0
0.0
0.021276987095086446
0.021976574879548398
0.0
0.0
0.0
0.0
0.0
0.0
0.0
0.0
0.0
0.0
0.0
0.0
0.0
0.0
0.0
0.0
0.0
0.0
0.0
0.0
0.0
0.0
0.0
0.0
0.0
0.0
0.0
0.00888171863377927
0.0
0.0
0.0
0.0
0.0
0.0
0.0
0.0
0.0
0.0
0.0
0.0
0.0
0.0
0.0
0.0
0.0
0.020104220000514705
0.0
0.0
0.08559934462666517
0.0
0.0
0.0
0.0
0.0
0.0
0.0
0.0
0.0
0.0050074367253090096
0.0
0.0
0.0
0.0
0.0
0.0
0.0
0.0
0.0
0.0
0.0
0.0
0.0
0.0
0.0
0.0
0.007168273326689413
0.0
0.0
0.006944577679544141
0.0
0.0
0.0
0.0
0.0
0.0
0.0
0.0
0.0
0.0
0.0
0.0
0.0
0.0
0.0
0.0
0.0
0.0
0.0
0.0
0.0
0.0
0.0
0.0
0.0
0.0
0.0
0.0
0.0
0.0
0.0
0.0
0.0
0.0
0.0
0.0
0.0
0.0
0.0
0.0
0.0
0.0
0.0
0.0
0.0
0.007375383146826488
0.0
0.0
0.0
0.0
0.009505338730704473
0.0
0.0
0.0
0.0
0.0
0.0
0.0
0.0
0.0
0.0
0.0
0.0
0.0
0.0
0.0223986173444674
0.0
0.003874281908470261
0.0
0.0
0.0
0.0
0.0
0.0
0.0
0.0
0.0
0.0
0.0
0.0
0.0
0.0
0.0
0.0
0.0
0.0
0.0
0.010876484385182716
0.0
0.0
0.0
0.008228834356913772
0.0
0.0
0.0
0.0
0.0
0.0
0.0
0.0
0.0
0.0
0.0
0.0
0.0
0.0
0.0
0.0
0.0
0.0
0.0
0.0
0.0
0.0
0.0
0.0
0.0
0.0
0.0
0.0
0.0
0.0
0.0
0.0
0.0
0.08790629951819359
0.0
0.0
0.0
0.0
0.0
0.0
0.0
0.0
0.0
0.0
0.0
0.0
0.0
0.0
0.0
0.0
0.0
0.0
0.0
0.008995804010790929
0.0
0.0
0.0
0.0
0.0
0.0
0.0
0.0
0.0
0.0
0.0
0.0
0.0
0.0
0.0
0.007748563816940522
0.0
0.0
0.0
0.0
0.0
0.0
0.0
0.0
0.0
0.0
0.0
0.0
0.0
0.006140591542147758
0.0
0.0
0.0
0.0
0.0
0.009596976568170995
0.0
0.0
0.0
0.0
0.0
0.0
0.0
0.0
0.0
0.0
0.0
0.0
0.0
0.0
0.0
0.0
0.0
0.0
0.0
0.0
0.0
0.0
0.0
0.0
0.0
0.0
0.0
0.010445678917900368
0.0
0.0
0.003070295771073879
0.0
0.0
0.0
0.0
0.0
0.0
0.0019371409542351305
0.0
0.0
0.00791799166870032
0.0
0.0
0.0
0.0
0.0
0.0
0.0
0.0
0.0
0.0
0.0
0.0
0.0
0.0
0.0
0.0
0.0
0.0
0.0
0.0
0.0
0.005811422862705391
0.0
0.0
0.0
0.0
0.009596976568170995
0.008077732496382889
0.0
0.0
0.0
0.0
0.0
0.0
0.0
0.0
0.0
0.005811422862705391
0.0
0.0
0.0
0.0
0.0
0.0
0.0
0.0
0.0
0.0
0.0
0.0
0.0
0.041782715671601474
0.0019371409542351305
0.009505338730704473
0.017017075927330476
0.0
0.0
0.0
0.03312766570547903
0.0
0.0
0.0
0.0
0.0
0.0
0.0
0.0
0.0
0.0
0.008372183913865724
0.0
0.0
0.0
0.020618649736201713
0.0
0.0
0.0
0.0
0.0
0.0
0.0
0.0
0.0
0.0
0.0
0.0
0.0
0.0
0.0
0.0
0.0
0.0
0.0
0.0
0.010309324868100857
0.0
0.0
0.0
0.0
0.0
0.0
0.0
0.0
0.0
0.0
0.048612043756808984
0.0
0.0
0.0
0.0
0.0
0.0
0.010760021548522637
0.0
0.0
0.0
0.0
0.0
0.0
0.0
0.0
0.0
0.00888171863377927
0.0
0.0
0.0
0.0
0.0
0.0
0.0
0.0
0.0
0.0
0.0
0.0
0.0
0.008228834356913772
0.021276987095086446
0.0
0.0
0.0
0.0
0.0
0.0554789464756774
0.0
0.0
0.021865889930052115
0.0
0.0
0.0
0.0
0.0
0.020756666805180422
0.009936144197986822
0.0
0.010014873450618019
0.0
0.0674979903317805
0.0
0.0
0.0
0.0
0.0
0.0
0.0
0.0
0.0
0.0
0.0
0.0
0.0
0.0
0.0
0.0
0.0
0.0
0.4274872721012765
0.0
0.0
0.0
0.011622845725410781
0.0
0.0
0.0
0.0
0.0
0.0
0.0
0.0
0.0
0.0
0.0
0.0
0.0
0.089997320442374
0.0
0.0
0.0
0.0
0.0
0.0
0.0
0.0
0.0
0.0
0.0
0.009105414280924543
0.0
0.0
0.0
0.0
0.0
0.010575688575308497
0.0
0.0
0.0313370367537011
0.0
0.010445678917900368
0.05494143719887099
0.0
0.0
0.0
0.0
0.008995804010790929
0.0
0.00888171863377927
0.0
0.0
0.020891357835800737
0.0
0.0
0.0
0.0
0.0
0.0
0.0
0.0
0.0
0.0
0.0
0.0
0.003874281908470261
0.0
0.0
0.0
0.0
0.0
0.0
0.0
0.0659297246386452
0.0
0.0
0.0
0.0
0.0
0.0
0.008228834356913772
0.00791799166870032
0.0
0.0
0.1679896300835055
0.00985513262293545
0.0
0.0
0.05494143719887099
0.0
0.0
0.0
0.0
0.0
0.0
0.0
0.0
0.0
0.0
